GAME_ID,EVENTNUM,EVENTMSGTYPE,EVENTMSGACTIONTYPE,PERIOD,WCTIMESTRING,PCTIMESTRING,HOMEDESCRIPTION,NEUTRALDESCRIPTION,VISITORDESCRIPTION,SCORE,SCOREMARGIN
0020300834,0,12,0,1,7:18 PM,12:00,,,,,
0020300834,1,10,0,1,7:19 PM,12:00,Jump Ball Haywood vs. Curry: Tip to Williams,,,,
0020300834,2,2,1,1,7:19 PM,11:44,,,MISS Crawford 20' Jump Shot,,
0020300834,3,4,0,1,7:19 PM,11:43,Arenas REBOUND (Off:0 Def:1),,,,
0020300834,4,2,1,1,7:19 PM,11:33,MISS Arenas 24' 3PT Jump Shot,,,,
0020300834,5,4,0,1,7:19 PM,11:31,,,Crawford REBOUND (Off:0 Def:1),,
0020300834,6,2,1,1,7:20 PM,11:25,,,MISS Hinrich 25' 3PT Jump Shot,,
0020300834,7,4,0,1,7:20 PM,11:23,,,Williams REBOUND (Off:1 Def:0),,
0020300834,8,2,1,1,7:20 PM,11:16,,,MISS Hinrich  3PT Jump Shot,,
0020300834,9,4,0,1,7:20 PM,11:14,Arenas REBOUND (Off:0 Def:2),,,,
0020300834,10,1,1,1,7:20 PM,10:52,Stackhouse 16' Jump Shot (2 PTS) (Brown 1 AST),,,0 - 2,2
0020300834,11,5,1,1,7:21 PM,10:33,Dixon STEAL (1 STL),,Davis Bad Pass Turnover (P1.T1),,
0020300834,12,1,63,1,7:21 PM,10:22,Brown 11' Fadeaway Jumper (2 PTS) (Dixon 1 AST),,,0 - 4,4
0020300834,13,2,5,1,7:21 PM,10:06,,,MISS Davis 1' Layup,,
0020300834,14,4,0,1,7:21 PM,10:05,Haywood REBOUND (Off:0 Def:1),,,,
0020300834,15,1,8,1,7:21 PM,10:01,Brown 1' Slam Dunk (4 PTS) (Stackhouse 1 AST),,,0 - 6,6
0020300834,16,2,1,1,7:21 PM,9:43,Brown BLOCK (1 BLK),,MISS Curry 10' Jump Shot,,
0020300834,17,4,0,1,7:21 PM,9:41,Brown REBOUND (Off:0 Def:1),,,,
0020300834,18,2,1,1,7:22 PM,9:33,MISS Arenas 22' Jump Shot,,,,
0020300834,19,4,0,1,7:22 PM,9:31,,,Davis REBOUND (Off:0 Def:1),,
0020300834,20,2,1,1,7:22 PM,9:23,Haywood BLOCK (1 BLK),,MISS Crawford 7' Jump Shot,,
0020300834,21,4,0,1,7:22 PM,9:21,Arenas REBOUND (Off:0 Def:3),,,,
0020300834,22,5,41,1,7:22 PM,9:18,Stackhouse Poss Lost Ball Turnover (P1.T1),,,,
0020300834,23,2,1,1,7:22 PM,9:03,,,MISS Curry 5' Jump Shot,,
0020300834,24,4,0,1,7:22 PM,9:02,Haywood REBOUND (Off:0 Def:2),,,,
0020300834,25,2,1,1,7:22 PM,8:51,MISS Dixon 10' Jump Shot,,,,
0020300834,26,4,0,1,7:22 PM,8:49,,,Crawford REBOUND (Off:0 Def:2),,
0020300834,27,2,1,1,7:23 PM,8:27,,,MISS Crawford 25' 3PT Jump Shot,,
0020300834,28,4,0,1,7:23 PM,8:26,Haywood REBOUND (Off:0 Def:3),,,,
0020300834,29,1,1,1,7:23 PM,8:17,Stackhouse 18' Jump Shot (4 PTS) (Dixon 2 AST),,,0 - 8,8
0020300834,30,9,1,1,7:23 PM,8:10,,,Bulls Timeout: Regular (Reg.1 Short 0),,
0020300834,32,5,1,1,7:26 PM,7:56,,,Hinrich Bad Pass Turnover (P1.T2),,
0020300834,33,1,66,1,7:26 PM,7:48,Haywood 3' Jump Bank Shot (2 PTS) (Arenas 1 AST),,,0 - 10,10
0020300834,34,2,1,1,7:26 PM,7:30,,,MISS Williams 18' Jump Shot,,
0020300834,35,4,0,1,7:26 PM,7:28,Arenas REBOUND (Off:0 Def:4),,,,
0020300834,36,1,49,1,7:26 PM,7:25,Stackhouse  Driving Dunk (6 PTS) (Arenas 2 AST),,,0 - 12,12
0020300834,37,1,3,1,7:26 PM,7:06,,,Davis 2' Hook Shot (2 PTS) (Hinrich 1 AST),2 - 12,10
0020300834,38,1,1,1,7:27 PM,6:50,Stackhouse 18' Jump Shot (8 PTS) (Dixon 3 AST),,,2 - 14,12
0020300834,39,2,1,1,7:27 PM,6:31,,,MISS Crawford 25' 3PT Jump Shot,,
0020300834,40,4,0,1,7:27 PM,6:29,Arenas REBOUND (Off:0 Def:5),,,,
0020300834,41,1,42,1,7:28 PM,6:14,Brown  Driving Layup (6 PTS) (Stackhouse 2 AST),,,2 - 16,14
0020300834,42,6,1,1,7:28 PM,5:59,Dixon P.FOUL (P1.T1),,,,
0020300834,43,8,0,1,7:28 PM,5:59,SUB: Hayes FOR Stackhouse,,,,
0020300834,44,1,46,1,7:28 PM,5:52,,,Hinrich 14' Running Jump Shot (2 PTS),4 - 16,12
0020300834,45,1,5,1,7:29 PM,5:31,Haywood 1' Layup (4 PTS) (Arenas 3 AST),,,4 - 18,14
0020300834,46,6,2,1,7:29 PM,5:21,Haywood S.FOUL (P1.T2),,,,
0020300834,47,3,11,1,7:29 PM,5:21,,,MISS Curry Free Throw 1 of 2,,
0020300834,48,4,1,1,7:29 PM,5:21,,,Bulls Rebound,,
0020300834,49,8,0,1,7:29 PM,5:21,SUB: Knight FOR Dixon,,,,
0020300834,50,3,12,1,7:29 PM,5:21,,,Curry Free Throw 2 of 2 (1 PTS),5 - 18,13
0020300834,51,2,1,1,7:30 PM,5:10,MISS Haywood 6' Jump Shot,,,,
0020300834,52,4,0,1,7:30 PM,5:08,,,Williams REBOUND (Off:1 Def:1),,
0020300834,53,1,65,1,7:30 PM,4:48,,,Curry 4' Jump Hook Shot (3 PTS) (Crawford 1 AST),7 - 18,11
0020300834,54,1,3,1,7:31 PM,4:29,Haywood 5' Hook Shot (6 PTS),,,7 - 20,13
0020300834,55,1,65,1,7:31 PM,4:11,,,Curry 5' Jump Hook Shot (5 PTS) (Hinrich 2 AST),9 - 20,11
0020300834,56,2,1,1,7:31 PM,3:51,MISS Hayes 25' 3PT Jump Shot,,,,
0020300834,57,4,0,1,7:31 PM,3:49,,,Davis REBOUND (Off:0 Def:2),,
0020300834,58,6,2,1,7:32 PM,3:41,Arenas S.FOUL (P1.T3),,,,
0020300834,59,3,11,1,7:32 PM,3:41,,,Curry Free Throw 1 of 2 (6 PTS),10 - 20,10
0020300834,60,8,0,1,7:32 PM,3:41,,,SUB: Robinson FOR Williams,,
0020300834,61,8,0,1,7:32 PM,3:41,SUB: Thomas FOR Haywood,,,,
0020300834,62,3,12,1,7:32 PM,3:41,,,Curry Free Throw 2 of 2 (7 PTS),11 - 20,9
0020300834,63,1,1,1,7:33 PM,3:22,Hayes 18' Jump Shot (2 PTS) (Arenas 4 AST),,,11 - 22,11
0020300834,64,5,1,1,7:33 PM,3:08,Thomas STEAL (1 STL),,Crawford Bad Pass Turnover (P1.T3),,
0020300834,65,6,2,1,7:33 PM,2:59,,,Davis S.FOUL (P1.T1),,
0020300834,66,9,1,1,7:33 PM,2:59,WIZARDS Timeout: Regular (Full 1 Short 0),,,,
0020300834,68,3,11,1,7:35 PM,2:59,MISS Thomas Free Throw 1 of 2,,,,
0020300834,69,4,1,1,7:35 PM,2:59,WIZARDS Rebound,,,,
0020300834,70,3,12,1,7:36 PM,2:59,MISS Thomas Free Throw 2 of 2,,,,
0020300834,71,4,0,1,7:36 PM,2:57,,,Hinrich REBOUND (Off:0 Def:1),,
0020300834,72,1,1,1,7:37 PM,2:39,,,Hinrich 26' 3PT Jump Shot (5 PTS) (Davis 1 AST),14 - 22,8
0020300834,73,2,5,1,7:37 PM,2:18,MISS Thomas 2' Layup,,,,
0020300834,74,4,0,1,7:37 PM,2:16,,,Curry REBOUND (Off:0 Def:1),,
0020300834,75,2,1,1,7:37 PM,2:09,,,MISS Curry 3' Jump Shot,,
0020300834,76,4,0,1,7:37 PM,2:07,,,Curry REBOUND (Off:1 Def:1),,
0020300834,77,1,3,1,7:37 PM,2:05,,,Curry 1' Hook Shot (9 PTS),16 - 22,6
0020300834,78,5,2,1,7:38 PM,1:49,Arenas Lost Ball Turnover (P1.T2),,Davis STEAL (1 STL),,
0020300834,79,6,4,1,7:38 PM,1:46,,,Crawford OFF.Foul (P1),,
0020300834,80,5,5,1,7:38 PM,1:46,,,Crawford Foul Turnover (P2.T4),,
0020300834,81,8,0,1,7:38 PM,1:46,,,SUB: Blount FOR Davis,,
0020300834,82,5,6,1,7:38 PM,1:34,Brown Double Dribble Turnover (P1.T3),,,,
0020300834,83,6,1,1,7:38 PM,1:28,Knight P.FOUL (P1.T4),,,,
0020300834,84,1,1,1,7:39 PM,1:19,,,Curry 6' Jump Shot (11 PTS) (Crawford 2 AST),18 - 22,4
0020300834,85,1,1,1,7:39 PM,1:04,Knight 14' Jump Shot (2 PTS),,,18 - 24,6
0020300834,86,2,1,1,7:39 PM,0:48,,,MISS Crawford 24' 3PT Jump Shot,,
0020300834,87,4,0,1,7:40 PM,0:46,Brown REBOUND (Off:0 Def:2),,,,
0020300834,88,2,1,1,7:40 PM,0:32,MISS Brown 5' Jump Shot,,,,
0020300834,89,4,0,1,7:40 PM,0:30,,,Curry REBOUND (Off:1 Def:2),,
0020300834,90,2,1,1,7:40 PM,0:25,,,MISS Robinson 13' Jump Shot,,
0020300834,91,4,0,1,7:40 PM,0:23,Knight REBOUND (Off:0 Def:1),,,,
0020300834,92,5,11,1,7:40 PM,0:00,WIZARDS Turnover: Shot Clock (T#4),,,,
0020300834,93,5,1,1,7:41 PM,0:00,,,Robinson Bad Pass Turnover (P1.T5),,
0020300834,94,13,0,1,7:41 PM,0:00,,,,18 - 24,6
0020300834,96,12,0,2,7:44 PM,12:00,,,,18 - 24,6
0020300834,97,2,1,2,7:44 PM,11:39,MISS Hayes 7' Jump Shot,,,,
0020300834,98,4,0,2,7:44 PM,11:37,,,Gill REBOUND (Off:0 Def:1),,
0020300834,99,6,2,2,7:45 PM,11:24,Hayes S.FOUL (P1.T1),,,,
0020300834,100,3,11,2,7:45 PM,11:24,,,Robinson Free Throw 1 of 2 (1 PTS),19 - 24,5
0020300834,101,3,12,2,7:45 PM,11:24,,,Robinson Free Throw 2 of 2 (2 PTS),20 - 24,4
0020300834,102,2,1,2,7:45 PM,11:08,MISS Knight 6' Jump Shot,,,,
0020300834,103,4,0,2,7:45 PM,11:07,Knight REBOUND (Off:1 Def:1),,,,
0020300834,104,2,1,2,7:45 PM,11:06,MISS Knight 6' Jump Shot,,,,
0020300834,105,4,0,2,7:45 PM,11:04,,,Curry REBOUND (Off:1 Def:3),,
0020300834,106,1,1,2,7:46 PM,10:56,,,Robinson 18' Jump Shot (4 PTS) (Gill 1 AST),22 - 24,2
0020300834,107,6,4,2,7:46 PM,10:40,Brown OFF.Foul (P1),,,,
0020300834,108,5,5,2,7:46 PM,10:40,Brown Foul Turnover (P2.T5),,,,
0020300834,109,8,0,2,7:46 PM,10:40,SUB: Jeffries FOR Brown,,,,
0020300834,110,8,0,2,7:46 PM,10:40,,,SUB: Davis FOR Curry,,
0020300834,111,8,0,2,7:46 PM,10:40,SUB: Blake FOR Arenas,,,,
0020300834,112,8,0,2,7:46 PM,10:40,SUB: Dixon FOR Knight,,,,
0020300834,113,1,1,2,7:46 PM,10:29,,,Gill 17' Jump Shot (2 PTS),24 - 24,TIE
0020300834,114,9,1,2,7:47 PM,10:23,WIZARDS Timeout: Regular (Full 2 Short 0),,,,
0020300834,116,1,3,2,7:49 PM,10:15,Thomas 5' Hook Shot (2 PTS) (Hayes 1 AST),,,24 - 26,2
0020300834,117,6,2,2,7:49 PM,9:52,Blake S.FOUL (P1.T2),,,,
0020300834,118,3,11,2,7:49 PM,9:52,,,Gill Free Throw 1 of 2 (3 PTS),25 - 26,1
0020300834,119,3,12,2,7:50 PM,9:52,,,Gill Free Throw 2 of 2 (4 PTS),26 - 26,TIE
0020300834,120,2,1,2,7:50 PM,9:37,MISS Dixon 21' Jump Shot,,,,
0020300834,121,4,0,2,7:50 PM,9:36,Hayes REBOUND (Off:1 Def:0),,,,
0020300834,122,1,4,2,7:50 PM,9:32,Hayes  Tip Shot (4 PTS),,,26 - 28,2
0020300834,123,1,1,2,7:51 PM,9:18,,,Blount 20' Jump Shot (2 PTS) (Hinrich 3 AST),28 - 28,TIE
0020300834,124,2,1,2,7:51 PM,9:04,MISS Dixon 16' Jump Shot,,,,
0020300834,125,4,0,2,7:51 PM,9:02,Blake REBOUND (Off:1 Def:0),,,,
0020300834,126,2,1,2,7:51 PM,8:59,MISS Blake 16' Jump Shot,,,,
0020300834,127,4,0,2,7:51 PM,8:55,Dixon REBOUND (Off:1 Def:0),,,,
0020300834,128,2,1,2,7:51 PM,8:52,MISS Dixon 15' Jump Shot,,,,
0020300834,129,4,0,2,7:51 PM,8:52,,,Bulls Rebound,,
0020300834,130,6,3,2,7:51 PM,8:52,Thomas L.B.FOUL (P1.T3),,,,
0020300834,131,8,0,2,7:51 PM,8:52,SUB: Haywood FOR Thomas,,,,
0020300834,132,8,0,2,7:51 PM,8:52,SUB: Stackhouse FOR Hayes,,,,
0020300834,133,8,0,2,7:51 PM,8:52,SUB: Arenas FOR Dixon,,,,
0020300834,134,2,1,2,7:52 PM,8:32,,,MISS Gill 21' Jump Shot,,
0020300834,135,4,0,2,7:52 PM,8:31,Blake REBOUND (Off:1 Def:1),,,,
0020300834,136,2,1,2,7:52 PM,8:18,MISS Jeffries 6' Jump Shot,,Blount BLOCK (1 BLK),,
0020300834,137,4,0,2,7:52 PM,8:16,,,Davis REBOUND (Off:0 Def:3),,
0020300834,138,1,1,2,7:52 PM,8:12,,,Robinson 16' Jump Shot (6 PTS) (Hinrich 4 AST),30 - 28,-2
0020300834,139,2,1,2,7:52 PM,7:55,MISS Arenas 21' Jump Shot,,,,
0020300834,140,4,0,2,7:52 PM,7:53,,,Davis REBOUND (Off:0 Def:4),,
0020300834,141,2,1,2,7:52 PM,7:48,Jeffries BLOCK (1 BLK),,MISS Gill 6' Jump Shot,,
0020300834,142,4,0,2,7:52 PM,7:46,Stackhouse REBOUND (Off:0 Def:1),,,,
0020300834,143,1,66,2,7:53 PM,7:31,Haywood 5' Jump Bank Shot (8 PTS),,,30 - 30,TIE
0020300834,144,6,2,2,7:53 PM,7:21,Haywood S.FOUL (P2.T4),,,,
0020300834,145,3,11,2,7:53 PM,7:21,,,Davis Free Throw 1 of 2 (3 PTS),31 - 30,-1
0020300834,146,3,12,2,7:53 PM,7:21,,,Davis Free Throw 2 of 2 (4 PTS),32 - 30,-2
0020300834,147,2,1,2,7:54 PM,7:03,MISS Jeffries 4' Jump Shot,,Davis BLOCK (1 BLK),,
0020300834,148,4,0,2,7:54 PM,7:01,Jeffries REBOUND (Off:1 Def:0),,,,
0020300834,149,2,1,2,7:54 PM,6:58,MISS Jeffries 3' Jump Shot,,,,
0020300834,150,4,0,2,7:54 PM,6:58,,,Bulls Rebound,,
0020300834,151,6,3,2,7:54 PM,6:58,Haywood L.B.FOUL (P3.PN),,,,
0020300834,152,3,11,2,7:54 PM,6:58,,,Davis Free Throw 1 of 2 (5 PTS),33 - 30,-3
0020300834,153,8,0,2,7:55 PM,6:58,SUB: Brown FOR Haywood,,,,
0020300834,154,8,0,2,7:55 PM,6:58,,,SUB: Curry FOR Blount,,
0020300834,155,3,12,2,7:55 PM,6:58,,,Davis Free Throw 2 of 2 (6 PTS),34 - 30,-4
0020300834,156,5,1,2,7:55 PM,6:46,Stackhouse Bad Pass Turnover (P2.T6),,,,
0020300834,157,5,1,2,7:56 PM,6:37,Brown STEAL (1 STL),,Gill Bad Pass Turnover (P1.T6),,
0020300834,158,5,21,2,7:56 PM,6:32,Arenas Palming Turnover (P2.T7),,,,
0020300834,159,2,1,2,7:56 PM,6:17,,,MISS Curry 5' Jump Shot,,
0020300834,160,4,0,2,7:56 PM,6:16,Brown REBOUND (Off:0 Def:3),,,,
0020300834,161,1,49,2,7:56 PM,6:12,Brown 1' Driving Dunk (8 PTS) (Arenas 5 AST),,,34 - 32,-2
0020300834,162,9,1,2,7:57 PM,6:00,,,Bulls Timeout: Regular (Reg.2 Short 0),,
0020300834,164,2,5,2,7:59 PM,5:48,Brown BLOCK (2 BLK),,MISS Curry 3' Layup,,
0020300834,165,4,0,2,7:59 PM,5:48,,,Bulls Rebound,,
0020300834,166,6,1,2,7:59 PM,5:47,Jeffries P.FOUL (P1.PN),,,,
0020300834,167,3,11,2,7:59 PM,5:47,,,Davis Free Throw 1 of 2 (7 PTS),35 - 32,-3
0020300834,168,3,12,2,8:00 PM,5:47,,,MISS Davis Free Throw 2 of 2,,
0020300834,169,4,0,2,8:00 PM,5:46,Brown REBOUND (Off:0 Def:4),,,,
0020300834,170,1,1,2,8:01 PM,5:25,Arenas 9' Jump Shot (2 PTS),,,35 - 34,-1
0020300834,171,2,1,2,8:01 PM,4:57,,,MISS Davis 17' Jump Shot,,
0020300834,172,4,0,2,8:01 PM,4:57,,,Bulls Rebound,,
0020300834,173,5,11,2,8:01 PM,4:57,,,Bulls Turnover: Shot Clock (T#7),,
0020300834,174,5,1,2,8:02 PM,4:56,Jeffries Bad Pass Turnover (P1.T8),,Gill STEAL (1 STL),,
0020300834,175,1,5,2,8:02 PM,4:55,,,Gill 1' Layup (6 PTS),37 - 34,-3
0020300834,176,6,2,2,8:02 PM,4:55,Blake S.FOUL (P2.PN),,,,
0020300834,177,8,0,2,8:02 PM,4:55,SUB: Hayes FOR Blake,,,,
0020300834,178,3,10,2,8:02 PM,4:55,,,Gill Free Throw 1 of 1 (7 PTS),38 - 34,-4
0020300834,179,1,47,2,8:02 PM,4:38,Stackhouse 16' Turnaround Jump Shot (10 PTS),,,38 - 36,-2
0020300834,180,2,5,2,8:03 PM,4:17,Brown BLOCK (3 BLK),,MISS Curry  Layup,,
0020300834,181,4,0,2,8:03 PM,4:15,,,Hinrich REBOUND (Off:1 Def:1),,
0020300834,182,2,1,2,8:03 PM,4:11,,,MISS Robinson 19' Jump Shot,,
0020300834,183,4,0,2,8:03 PM,4:10,,,Curry REBOUND (Off:2 Def:3),,
0020300834,184,1,42,2,8:03 PM,4:06,,,Hinrich 1' Driving Layup (7 PTS) (Curry 1 AST),40 - 36,-4
0020300834,185,8,0,2,8:03 PM,4:00,,,SUB: Crawford FOR Gill,,
0020300834,186,5,1,2,8:03 PM,3:57,Stackhouse Bad Pass Turnover (P3.T9),,Robinson STEAL (1 STL),,
0020300834,187,1,1,2,8:03 PM,3:51,,,Crawford 21' Jump Shot (2 PTS),42 - 36,-6
0020300834,188,6,4,2,8:04 PM,3:39,Arenas OFF.Foul (P2),,,,
0020300834,189,5,5,2,8:04 PM,3:39,Arenas Foul Turnover (P3.T10),,,,
0020300834,190,1,3,2,8:04 PM,3:23,,,Curry 4' Hook Shot (13 PTS) (Crawford 3 AST),44 - 36,-8
0020300834,191,2,1,2,8:04 PM,3:08,MISS Stackhouse 6' Jump Shot,,,,
0020300834,192,4,0,2,8:04 PM,3:06,,,Crawford REBOUND (Off:0 Def:3),,
0020300834,193,2,1,2,8:05 PM,3:01,,,MISS Hinrich 18' Jump Shot,,
0020300834,194,4,0,2,8:05 PM,2:59,Stackhouse REBOUND (Off:0 Def:2),,,,
0020300834,195,6,2,2,8:05 PM,2:51,,,Hinrich S.FOUL (P1.T1),,
0020300834,196,9,4,2,8:05 PM,2:51,,,,,
0020300834,198,3,11,2,8:07 PM,2:51,Arenas Free Throw 1 of 2 (3 PTS),,,44 - 37,-7
0020300834,199,3,12,2,8:08 PM,2:51,Arenas Free Throw 2 of 2 (4 PTS),,,44 - 38,-6
0020300834,200,2,1,2,8:08 PM,2:39,,,MISS Crawford 24' 3PT Jump Shot,,
0020300834,201,4,0,2,8:08 PM,2:38,Brown REBOUND (Off:0 Def:5),,,,
0020300834,202,1,1,2,8:08 PM,2:30,Jeffries 17' Jump Shot (2 PTS) (Arenas 6 AST),,,44 - 40,-4
0020300834,204,5,4,2,8:09 PM,2:11,,,Davis Traveling Turnover (P2.T8),,
0020300834,205,2,1,2,8:09 PM,1:56,MISS Arenas 24' 3PT Jump Shot,,,,
0020300834,206,4,0,2,8:09 PM,1:53,Arenas REBOUND (Off:1 Def:5),,,,
0020300834,207,1,49,2,8:09 PM,1:46,Arenas 1' Driving Dunk (6 PTS),,,44 - 42,-2
0020300834,208,9,2,2,8:10 PM,1:38,,,Bulls Timeout: Short (Reg.2 Short 1),,
0020300834,210,6,4,2,8:10 PM,1:34,,,Curry OFF.Foul (P1),,
0020300834,211,5,5,2,8:10 PM,1:34,,,Curry Foul Turnover (P1.T9),,
0020300834,212,2,1,2,8:11 PM,1:19,MISS Stackhouse 19' Jump Shot,,,,
0020300834,213,4,0,2,8:11 PM,1:16,Jeffries REBOUND (Off:2 Def:0),,,,
0020300834,214,2,1,2,8:11 PM,1:14,MISS Stackhouse 6' Jump Shot,,Curry BLOCK (1 BLK),,
0020300834,215,4,0,2,8:11 PM,1:12,,,Robinson REBOUND (Off:0 Def:1),,
0020300834,216,5,1,2,8:11 PM,1:10,,,Crawford Bad Pass Turnover (P3.T10),,
0020300834,217,2,1,2,8:11 PM,0:55,MISS Stackhouse 4' Jump Shot,,,,
0020300834,218,4,0,2,8:12 PM,0:54,,,Crawford REBOUND (Off:0 Def:4),,
0020300834,219,1,1,2,8:12 PM,0:47,,,Hinrich 26' 3PT Jump Shot (10 PTS) (Crawford 4 AST),47 - 42,-5
0020300834,220,1,65,2,8:12 PM,0:36,Jeffries 5' Jump Hook Shot (4 PTS),,,47 - 44,-3
0020300834,221,1,1,2,8:12 PM,0:22,,,Davis 21' Jump Shot (9 PTS),49 - 44,-5
0020300834,222,1,1,2,8:12 PM,0:08,Hayes 24' 3PT Jump Shot (7 PTS) (Stackhouse 3 AST),,,49 - 47,-2
0020300834,223,2,1,2,8:13 PM,0:02,,,MISS Hinrich 7' Jump Shot,,
0020300834,224,4,0,2,8:13 PM,0:00,Arenas REBOUND (Off:1 Def:6),,,,
0020300834,225,13,0,2,8:13 PM,0:00,,,,49 - 47,-2
0020300834,227,12,0,3,8:29 PM,12:00,,,,49 - 47,-2
0020300834,228,5,1,3,8:29 PM,11:43,Stackhouse Bad Pass Turnover (P4.T11),,Gill STEAL (2 STL),,
0020300834,229,1,5,3,8:29 PM,11:35,,,Gill 1' Layup (9 PTS),51 - 47,-4
0020300834,230,5,2,3,8:29 PM,11:24,Dixon Lost Ball Turnover (P1.T12),,Gill STEAL (3 STL),,
0020300834,231,1,5,3,8:30 PM,11:07,,,Hinrich  Layup (12 PTS) (Davis 2 AST),53 - 47,-6
0020300834,232,2,1,3,8:30 PM,10:53,MISS Stackhouse 17' Jump Shot,,,,
0020300834,233,4,0,3,8:30 PM,10:51,,,Curry REBOUND (Off:2 Def:4),,
0020300834,234,1,47,3,8:30 PM,10:30,,,Curry 9' Turnaround Jump Shot (15 PTS) (Crawford 5 AST),55 - 47,-8
0020300834,235,9,1,3,8:30 PM,10:29,WIZARDS Timeout: Regular (Full 3 Short 0),,,,
0020300834,237,2,1,3,8:32 PM,10:12,MISS Haywood 14' Jump Shot,,,,
0020300834,238,4,0,3,8:32 PM,10:11,,,Crawford REBOUND (Off:0 Def:5),,
0020300834,239,1,1,3,8:33 PM,9:56,,,Hinrich 24' 3PT Jump Shot (15 PTS) (Crawford 6 AST),58 - 47,-11
0020300834,240,6,1,3,8:33 PM,9:41,,,Gill P.FOUL (P1.T1),,
0020300834,241,2,1,3,8:33 PM,9:31,MISS Arenas 6' Jump Shot,,,,
0020300834,242,4,0,3,8:33 PM,9:29,Haywood REBOUND (Off:1 Def:3),,,,
0020300834,243,2,5,3,8:33 PM,9:27,MISS Haywood 2' Layup,,,,
0020300834,244,4,0,3,8:34 PM,9:25,WIZARDS Rebound,,,,
0020300834,245,6,3,3,8:34 PM,9:25,,,Gill L.B.FOUL (P2.T2),,
0020300834,246,1,65,3,8:34 PM,9:10,Haywood 5' Jump Hook Shot (10 PTS) (Arenas 7 AST),,,58 - 49,-9
0020300834,247,2,1,3,8:34 PM,8:55,,,MISS Crawford 26' 3PT Jump Shot,,
0020300834,248,4,0,3,8:34 PM,8:53,Haywood REBOUND (Off:1 Def:4),,,,
0020300834,249,1,1,3,8:34 PM,8:47,Arenas 24' 3PT Jump Shot (9 PTS),,,58 - 52,-6
0020300834,250,1,1,3,8:35 PM,8:31,,,Hinrich 25' 3PT Jump Shot (18 PTS),61 - 52,-9
0020300834,251,6,1,3,8:35 PM,8:10,,,Hinrich P.FOUL (P2.T3),,
0020300834,252,1,5,3,8:36 PM,7:59,Haywood  Layup (12 PTS) (Arenas 8 AST),,,61 - 54,-7
0020300834,253,6,2,3,8:36 PM,7:59,,,Hinrich S.FOUL (P3.T4),,
0020300834,254,3,10,3,8:36 PM,7:59,Haywood Free Throw 1 of 1 (13 PTS),,,61 - 55,-6
0020300834,255,2,1,3,8:36 PM,7:42,,,MISS Hinrich 18' Jump Shot,,
0020300834,256,4,0,3,8:36 PM,7:41,Stackhouse REBOUND (Off:0 Def:3),,,,
0020300834,257,1,1,3,8:37 PM,7:36,Arenas 25' 3PT Jump Shot (12 PTS) (Stackhouse 4 AST),,,61 - 58,-3
0020300834,258,9,1,3,8:37 PM,7:33,,,Bulls Timeout: Regular (Reg.3 Short 1),,
0020300834,260,2,1,3,8:39 PM,7:09,,,MISS Curry 4' Jump Shot,,
0020300834,261,4,0,3,8:39 PM,7:08,,,Davis REBOUND (Off:1 Def:4),,
0020300834,262,1,1,3,8:39 PM,7:05,,,Gill 20' Jump Shot (11 PTS) (Davis 3 AST),63 - 58,-5
0020300834,263,2,1,3,8:40 PM,6:43,MISS Arenas 5' Jump Shot,,Gill BLOCK (1 BLK),,
0020300834,264,4,0,3,8:40 PM,6:43,WIZARDS Rebound,,,,
0020300834,265,2,1,3,8:40 PM,6:38,MISS Dixon 4' Jump Shot,,Crawford BLOCK (1 BLK),,
0020300834,266,4,0,3,8:40 PM,6:38,WIZARDS Rebound,,,,
0020300834,267,5,11,3,8:40 PM,6:38,WIZARDS Turnover: Shot Clock (T#13),,,,
0020300834,268,2,1,3,8:41 PM,6:25,,,MISS Crawford 5' Jump Shot,,
0020300834,269,4,0,3,8:41 PM,6:23,Brown REBOUND (Off:0 Def:6),,,,
0020300834,270,1,1,3,8:41 PM,6:09,Stackhouse 25' 3PT Jump Shot (13 PTS) (Arenas 9 AST),,,63 - 61,-2
0020300834,271,6,4,3,8:41 PM,5:44,,,Gill OFF.Foul (P3),,
0020300834,272,5,5,3,8:41 PM,5:44,,,Gill Foul Turnover (P2.T11),,
0020300834,273,2,1,3,8:42 PM,5:24,MISS Stackhouse 26' 3PT Jump Shot,,,,
0020300834,274,4,0,3,8:42 PM,5:24,WIZARDS Rebound,,,,
0020300834,275,6,3,3,8:42 PM,5:24,,,Davis L.B.FOUL (P2.PN),,
0020300834,276,3,11,3,8:42 PM,5:24,Haywood Free Throw 1 of 2 (14 PTS),,,63 - 62,-1
0020300834,277,3,12,3,8:42 PM,5:24,Haywood Free Throw 2 of 2 (15 PTS),,,63 - 63,TIE
0020300834,278,1,66,3,8:43 PM,5:11,,,Hinrich 12' Jump Bank Shot (20 PTS),65 - 63,-2
0020300834,279,8,0,3,8:43 PM,4:54,SUB: Jeffries FOR Stackhouse,,,,
0020300834,280,1,46,3,8:43 PM,4:49,Brown 5' Running Jump Shot (10 PTS) (Arenas 10 AST),,,65 - 65,TIE
0020300834,281,2,1,3,8:44 PM,4:31,,,MISS Curry 3' Jump Shot,,
0020300834,282,4,0,3,8:44 PM,4:30,Brown REBOUND (Off:0 Def:7),,,,
0020300834,283,1,42,3,8:44 PM,4:22,Arenas  Driving Layup (14 PTS),,,65 - 67,2
0020300834,284,1,42,3,8:44 PM,3:54,,,Gill 2' Driving Layup (13 PTS),67 - 67,TIE
0020300834,285,6,1,3,8:45 PM,3:37,,,Hinrich P.FOUL (P4.PN),,
0020300834,286,8,0,3,8:45 PM,3:37,,,SUB: Robinson FOR Hinrich,,
0020300834,287,3,11,3,8:45 PM,3:37,Arenas Free Throw 1 of 2 (15 PTS),,,67 - 68,1
0020300834,289,8,0,3,8:45 PM,3:37,,,SUB: Blount FOR Davis,,
0020300834,290,3,12,3,8:45 PM,3:37,Arenas Free Throw 2 of 2 (16 PTS),,,67 - 69,2
0020300834,291,2,1,3,8:46 PM,3:24,,,MISS Robinson 19' Jump Shot,,
0020300834,292,4,0,3,8:46 PM,3:21,Haywood REBOUND (Off:1 Def:5),,,,
0020300834,293,2,5,3,8:46 PM,3:15,MISS Brown 1' Layup,,Gill BLOCK (2 BLK),,
0020300834,294,4,0,3,8:46 PM,3:15,WIZARDS Rebound,,,,
0020300834,295,2,1,3,8:46 PM,3:09,MISS Dixon 19' Jump Shot,,,,
0020300834,296,4,0,3,8:46 PM,3:08,,,Blount REBOUND (Off:0 Def:1),,
0020300834,297,2,1,3,8:46 PM,3:02,,,MISS Crawford 24' 3PT Jump Shot,,
0020300834,298,4,0,3,8:46 PM,3:00,Dixon REBOUND (Off:1 Def:1),,,,
0020300834,299,6,1,3,8:47 PM,2:55,,,Blount P.FOUL (P1.PN),,
0020300834,300,3,11,3,8:47 PM,2:55,Dixon Free Throw 1 of 2 (1 PTS),,,67 - 70,3
0020300834,301,3,12,3,8:47 PM,2:55,Dixon Free Throw 2 of 2 (2 PTS),,,67 - 71,4
0020300834,302,2,1,3,8:47 PM,2:42,,,MISS Blount 16' Jump Shot,,
0020300834,303,4,0,3,8:47 PM,2:41,Arenas REBOUND (Off:1 Def:7),,,,
0020300834,306,2,45,3,8:47 PM,2:41,MISS Jeffries 14' Jump Shot,,,,
0020300834,304,4,0,3,8:48 PM,2:29,Brown REBOUND (Off:1 Def:7),,,,
0020300834,305,5,41,3,8:48 PM,2:29,Brown Poss Lost Ball Turnover (P3.T14),,,,
0020300834,307,2,1,3,8:48 PM,2:14,,,MISS Gill 19' Jump Shot,,
0020300834,308,4,0,3,8:48 PM,2:13,Brown REBOUND (Off:1 Def:8),,,,
0020300834,309,5,1,3,8:48 PM,2:09,Arenas Bad Pass Turnover (P4.T15),,,,
0020300834,310,8,0,3,8:48 PM,2:09,SUB: Thomas FOR Haywood,,,,
0020300834,313,7,2,3,8:49 PM,2:00,Brown Violation:Defensive Goaltending,,,,
0020300834,312,1,1,3,8:49 PM,2:00,,,Curry 6' Jump Shot (17 PTS) (Crawford 7 AST),69 - 71,2
0020300834,314,2,1,3,8:49 PM,1:47,MISS Dixon 4' Jump Shot,,Curry BLOCK (2 BLK),,
0020300834,315,4,0,3,8:49 PM,1:44,Arenas REBOUND (Off:2 Def:7),,,,
0020300834,316,5,4,3,8:49 PM,1:38,Brown Traveling Turnover (P4.T16),,,,
0020300834,317,8,0,3,8:50 PM,1:38,,,SUB: Fizer FOR Gill,,
0020300834,318,2,5,3,8:50 PM,1:20,,,MISS Crawford 1' Layup,,
0020300834,319,4,0,3,8:50 PM,1:19,,,Curry REBOUND (Off:3 Def:4),,
0020300834,320,2,5,3,8:50 PM,1:18,,,MISS Curry 2' Layup,,
0020300834,321,4,0,3,8:50 PM,1:17,Jeffries REBOUND (Off:2 Def:1),,,,
0020300834,322,2,1,3,8:50 PM,1:14,MISS Arenas 25' 3PT Jump Shot,,,,
0020300834,323,4,0,3,8:50 PM,1:11,,,Crawford REBOUND (Off:0 Def:6),,
0020300834,324,2,1,3,8:50 PM,1:06,,,MISS Robinson 20' Jump Shot,,
0020300834,325,4,0,3,8:50 PM,1:05,Brown REBOUND (Off:1 Def:9),,,,
0020300834,326,6,2,3,8:51 PM,0:46,,,Blount S.FOUL (P2.PN),,
0020300834,327,3,11,3,8:51 PM,0:46,Dixon Free Throw 1 of 2 (3 PTS),,,69 - 72,3
0020300834,328,8,0,3,8:51 PM,0:46,SUB: Hayes FOR Brown,,,,
0020300834,329,3,12,3,8:51 PM,0:46,Dixon Free Throw 2 of 2 (4 PTS),,,69 - 73,4
0020300834,330,1,1,3,8:52 PM,0:23,,,Crawford 22' Jump Shot (4 PTS),71 - 73,2
0020300834,331,6,2,3,8:52 PM,0:23,Jeffries S.FOUL (P2.T1),,,,
0020300834,332,3,10,3,8:52 PM,0:23,,,Crawford Free Throw 1 of 1 (5 PTS),72 - 73,1
0020300834,333,1,66,3,8:53 PM,0:01,Hayes 7' Jump Bank Shot (9 PTS),,,72 - 75,3
0020300834,334,2,1,3,8:53 PM,0:00,,,MISS Crawford 40' 3PT Jump Shot,,
0020300834,335,4,0,3,8:53 PM,0:00,,,Bulls Rebound,,
0020300834,336,13,0,3,8:53 PM,0:00,,,,72 - 75,3
0020300834,338,12,0,4,8:56 PM,12:00,,,,72 - 75,3
0020300834,339,2,1,4,8:56 PM,11:43,Arenas BLOCK (1 BLK),,MISS Fizer 4' Jump Shot,,
0020300834,340,4,0,4,8:56 PM,11:41,Arenas REBOUND (Off:2 Def:8),,,,
0020300834,341,5,6,4,8:56 PM,11:41,Hayes Double Dribble Turnover (P1.T17),,,,
0020300834,342,1,1,4,8:56 PM,11:31,,,Hinrich 26' 3PT Jump Shot (23 PTS) (Robinson 1 AST),75 - 75,TIE
0020300834,343,1,1,4,8:57 PM,11:11,Dixon 21' Jump Shot (6 PTS),,,75 - 77,2
0020300834,344,6,4,4,8:57 PM,10:52,,,Fizer OFF.Foul (P1),,
0020300834,345,5,5,4,8:57 PM,10:52,,,Fizer Foul Turnover (P1.T12),,
0020300834,346,2,1,4,8:57 PM,10:39,MISS Hayes 22' Jump Shot,,,,
0020300834,347,4,0,4,8:58 PM,10:37,,,Hinrich REBOUND (Off:1 Def:2),,
0020300834,348,2,1,4,8:58 PM,10:32,,,MISS Robinson 4' Jump Shot,,
0020300834,349,4,0,4,8:58 PM,10:30,,,Fizer REBOUND (Off:1 Def:0),,
0020300834,350,2,5,4,8:58 PM,10:29,,,MISS Fizer 3' Layup,,
0020300834,351,4,0,4,8:58 PM,10:28,Thomas REBOUND (Off:0 Def:1),,,,
0020300834,352,2,1,4,8:58 PM,10:23,MISS Dixon 13' Jump Shot,,,,
0020300834,353,4,0,4,8:58 PM,10:22,Thomas REBOUND (Off:1 Def:1),,,,
0020300834,354,6,2,4,8:58 PM,10:22,,,Blount S.FOUL (P3.T1),,
0020300834,355,3,11,4,8:58 PM,10:22,Thomas Free Throw 1 of 2 (3 PTS),,,75 - 78,3
0020300834,356,3,12,4,8:58 PM,10:22,Thomas Free Throw 2 of 2 (4 PTS),,,75 - 79,4
0020300834,357,1,1,4,8:59 PM,10:09,,,Robinson 19' Jump Shot (8 PTS) (Hinrich 5 AST),77 - 79,2
0020300834,359,6,1,4,9:00 PM,9:49,,,Fizer P.FOUL (P2.T2),,
0020300834,361,2,1,4,9:00 PM,9:34,MISS Hayes 7' Jump Shot,,,,
0020300834,362,4,0,4,9:00 PM,9:33,,,Curry REBOUND (Off:3 Def:5),,
0020300834,363,2,5,4,9:00 PM,9:27,,,MISS Robinson 1' Layup,,
0020300834,364,4,0,4,9:00 PM,9:25,Thomas REBOUND (Off:1 Def:2),,,,
0020300834,365,1,5,4,9:00 PM,9:19,Jeffries 2' Layup (6 PTS) (Arenas 11 AST),,,77 - 81,4
0020300834,366,2,1,4,9:01 PM,9:01,,,MISS Fizer 19' Jump Shot,,
0020300834,367,4,0,4,9:01 PM,8:59,Hayes REBOUND (Off:1 Def:1),,,,
0020300834,368,9,4,4,9:01 PM,8:56,,,,,
0020300834,370,8,0,4,9:01 PM,8:56,,,SUB: Crawford FOR Robinson,,
0020300834,371,8,0,4,9:03 PM,8:56,SUB: Brown FOR Hayes,,,,
0020300834,372,8,0,4,9:03 PM,8:56,SUB: Knight FOR Dixon,,,,
0020300834,373,1,46,4,9:03 PM,8:47,Arenas 12' Running Jump Shot (18 PTS),,,77 - 83,6
0020300834,374,2,1,4,9:04 PM,8:25,,,MISS Hinrich 26' 3PT Jump Shot,,
0020300834,375,4,0,4,9:04 PM,8:23,Jeffries REBOUND (Off:2 Def:2),,,,
0020300834,376,2,1,4,9:04 PM,8:16,MISS Brown 5' Jump Shot,,Fizer BLOCK (1 BLK),,
0020300834,377,4,0,4,9:04 PM,8:12,,,Curry REBOUND (Off:3 Def:6),,
0020300834,378,2,1,4,9:04 PM,8:01,,,MISS Crawford 27' 3PT Jump Shot,,
0020300834,379,4,0,4,9:04 PM,7:58,,,Blount REBOUND (Off:1 Def:1),,
0020300834,380,5,1,4,9:04 PM,7:55,,,Crawford Bad Pass Turnover (P4.T13),,
0020300834,381,8,0,4,9:04 PM,7:55,,,SUB: Gill FOR Fizer,,
0020300834,382,2,1,4,9:05 PM,7:38,MISS Arenas 19' Jump Shot,,,,
0020300834,383,4,0,4,9:05 PM,7:37,,,Gill REBOUND (Off:0 Def:2),,
0020300834,384,2,1,4,9:05 PM,7:25,,,MISS Curry 5' Jump Shot,,
0020300834,385,4,0,4,9:05 PM,7:25,Arenas REBOUND (Off:2 Def:9),,,,
0020300834,386,6,2,4,9:05 PM,7:25,,,Curry S.FOUL (P2.T3),,
0020300834,387,8,0,4,9:05 PM,7:25,,,SUB: Davis FOR Blount,,
0020300834,388,3,11,4,9:05 PM,7:25,MISS Brown Free Throw 1 of 2,,,,
0020300834,389,4,1,4,9:05 PM,7:25,WIZARDS Rebound,,,,
0020300834,390,3,12,4,9:06 PM,7:25,MISS Brown Free Throw 2 of 2,,,,
0020300834,391,4,0,4,9:06 PM,7:24,,,Gill REBOUND (Off:0 Def:3),,
0020300834,392,6,1,4,9:06 PM,7:14,Knight P.FOUL (P2.T1),,,,
0020300834,393,6,2,4,9:07 PM,7:08,Thomas S.FOUL (P2.T2),,,,
0020300834,394,3,11,4,9:07 PM,7:08,,,Curry Free Throw 1 of 2 (18 PTS),78 - 83,5
0020300834,395,3,12,4,9:07 PM,7:08,,,MISS Curry Free Throw 2 of 2,,
0020300834,396,4,0,4,9:07 PM,7:06,Brown REBOUND (Off:1 Def:10),,,,
0020300834,397,5,1,4,9:07 PM,6:50,Knight Bad Pass Turnover (P1.T18),,Curry STEAL (1 STL),,
0020300834,398,2,1,4,9:08 PM,6:45,,,MISS Hinrich 3' Jump Shot,,
0020300834,399,4,0,4,9:08 PM,6:43,,,Curry REBOUND (Off:4 Def:6),,
0020300834,400,5,1,4,9:08 PM,6:39,Knight STEAL (1 STL),,Curry Bad Pass Turnover (P2.T14),,
0020300834,401,5,1,4,9:08 PM,6:29,Jeffries Bad Pass Turnover (P2.T19),,Crawford STEAL (1 STL),,
0020300834,402,6,1,4,9:08 PM,6:29,Arenas P.FOUL (P3.T3),,,,
0020300834,403,5,2,4,9:08 PM,6:19,Knight STEAL (2 STL),,Hinrich Lost Ball Turnover (P2.T15),,
0020300834,404,6,2,4,9:08 PM,6:16,,,Gill S.FOUL (P4.T4),,
0020300834,405,3,11,4,9:09 PM,6:16,MISS Thomas Free Throw 1 of 2,,,,
0020300834,406,4,1,4,9:09 PM,6:16,WIZARDS Rebound,,,,
0020300834,407,3,12,4,9:09 PM,6:16,Thomas Free Throw 2 of 2 (5 PTS),,,78 - 84,6
0020300834,408,2,1,4,9:09 PM,5:58,,,MISS Curry 8' Jump Shot,,
0020300834,409,4,0,4,9:10 PM,5:56,Thomas REBOUND (Off:1 Def:3),,,,
0020300834,410,5,4,4,9:10 PM,5:47,Brown Traveling Turnover (P5.T20),,,,
0020300834,411,9,1,4,9:10 PM,5:47,WIZARDS Timeout: Regular (Full 4 Short 0),,,,
0020300834,413,6,4,4,9:12 PM,5:41,,,Curry OFF.Foul (P3),,
0020300834,414,5,5,4,9:12 PM,5:41,,,Curry Foul Turnover (P3.T16),,
0020300834,415,1,65,4,9:13 PM,5:19,Brown 6' Jump Hook Shot (12 PTS) (Knight 1 AST),,,78 - 86,8
0020300834,416,2,1,4,9:13 PM,4:53,,,MISS Gill 9' Jump Shot,,
0020300834,417,4,0,4,9:13 PM,4:51,,,Bulls Rebound,,
0020300834,418,5,11,4,9:13 PM,4:51,,,Bulls Turnover: Shot Clock (T#17),,
0020300834,419,2,1,4,9:14 PM,4:37,MISS Jeffries 22' Jump Shot,,,,
0020300834,420,4,0,4,9:14 PM,4:36,,,Gill REBOUND (Off:0 Def:4),,
0020300834,421,6,4,4,9:14 PM,4:23,,,Davis OFF.Foul (P3),,
0020300834,422,5,5,4,9:14 PM,4:23,,,Davis Foul Turnover (P3.T18),,
0020300834,423,2,1,4,9:14 PM,4:04,MISS Thomas 6' Jump Shot,,Davis BLOCK (2 BLK),,
0020300834,424,4,0,4,9:14 PM,4:03,WIZARDS Rebound,,,,
0020300834,425,1,47,4,9:15 PM,4:00,Arenas 18' Turnaround Jump Shot (20 PTS) (Knight 2 AST),,,78 - 88,10
0020300834,426,5,1,4,9:15 PM,3:41,Jeffries STEAL (1 STL),,Crawford Bad Pass Turnover (P5.T19),,
0020300834,427,1,52,4,9:15 PM,3:36,Jeffries 1' Alley Oop Dunk (8 PTS) (Arenas 12 AST),,,78 - 90,12
0020300834,428,9,1,4,9:15 PM,3:34,,,Bulls Timeout: Regular (Reg.4 Short 1),,
0020300834,430,8,0,4,9:17 PM,3:34,,,SUB: Brunson FOR Crawford,,
0020300834,431,2,1,4,9:18 PM,3:21,,,MISS Hinrich 21' Jump Shot,,
0020300834,432,4,0,4,9:18 PM,3:19,Thomas REBOUND (Off:1 Def:4),,,,
0020300834,433,2,1,4,9:18 PM,2:55,MISS Jeffries 20' Jump Shot,,,,
0020300834,434,4,0,4,9:18 PM,2:53,,,Brunson REBOUND (Off:0 Def:1),,
0020300834,435,2,1,4,9:18 PM,2:46,,,MISS Gill 7' Jump Shot,,
0020300834,436,4,0,4,9:18 PM,2:44,Arenas REBOUND (Off:2 Def:10),,,,
0020300834,437,2,1,4,9:18 PM,2:27,MISS Knight 20' Jump Shot,,,,
0020300834,438,4,0,4,9:19 PM,2:24,Brown REBOUND (Off:2 Def:10),,,,
0020300834,439,1,1,4,9:19 PM,2:01,Brown 15' Jump Shot (14 PTS) (Arenas 13 AST),,,78 - 92,14
0020300834,441,1,1,4,9:19 PM,1:48,,,Davis 20' Jump Shot (11 PTS) (Hinrich 6 AST),80 - 92,12
0020300834,442,6,1,4,9:20 PM,1:27,,,Curry P.FOUL (P4.PN),,
0020300834,443,3,11,4,9:20 PM,1:27,Arenas Free Throw 1 of 2 (21 PTS),,,80 - 93,13
0020300834,444,3,12,4,9:20 PM,1:27,MISS Arenas Free Throw 2 of 2,,,,
0020300834,445,4,0,4,9:20 PM,1:26,,,Hinrich REBOUND (Off:1 Def:3),,
0020300834,446,1,1,4,9:20 PM,1:19,,,Gill 20' Jump Shot (15 PTS) (Hinrich 7 AST),82 - 93,11
0020300834,447,6,2,4,9:21 PM,1:14,,,Davis S.FOUL (P4.PN),,
0020300834,448,8,0,4,9:21 PM,1:14,SUB: Blake FOR Arenas,,,,
0020300834,449,3,11,4,9:21 PM,1:14,Brown Free Throw 1 of 2 (15 PTS),,,82 - 94,12
0020300834,450,3,12,4,9:21 PM,1:14,MISS Brown Free Throw 2 of 2,,,,
0020300834,451,4,0,4,9:21 PM,1:14,,,Gill REBOUND (Off:0 Def:5),,
0020300834,452,9,1,4,9:21 PM,1:14,,,Bulls Timeout: Regular (Reg.5 Short 1),,
0020300834,454,8,0,4,9:23 PM,1:14,,,SUB: Crawford FOR Curry,,
0020300834,455,8,0,4,9:23 PM,1:14,,,SUB: Blount FOR Davis,,
0020300834,456,8,0,4,9:23 PM,1:14,SUB: Hayes FOR Thomas,,,,
0020300834,457,2,1,4,9:24 PM,1:10,,,MISS Gill 3' Jump Shot,,
0020300834,458,4,0,4,9:24 PM,1:08,Blake REBOUND (Off:1 Def:2),,,,
0020300834,459,6,1,4,9:24 PM,1:08,,,Brunson P.FOUL (P1.PN),,
0020300834,460,3,11,4,9:24 PM,1:08,MISS Blake Free Throw 1 of 2,,,,
0020300834,461,4,1,4,9:24 PM,1:08,WIZARDS Rebound,,,,
0020300834,462,8,0,4,9:24 PM,1:08,,,SUB: Robinson FOR Hinrich,,
0020300834,463,3,12,4,9:24 PM,1:08,Blake Free Throw 2 of 2 (1 PTS),,,82 - 95,13
0020300834,464,2,1,4,9:25 PM,1:00,,,MISS Brunson 18' Jump Shot,,
0020300834,465,4,0,4,9:25 PM,0:59,Brown REBOUND (Off:2 Def:11),,,,
0020300834,466,2,5,4,9:25 PM,0:42,MISS Jeffries 2' Layup,,,,
0020300834,467,4,0,4,9:25 PM,0:40,,,Blount REBOUND (Off:1 Def:2),,
0020300834,468,1,1,4,9:25 PM,0:30,,,Brunson 11' Jump Shot (2 PTS),84 - 95,11
0020300834,469,5,11,4,9:26 PM,0:05,WIZARDS Turnover: Shot Clock (T#21),,,,
0020300834,471,1,1,4,9:26 PM,0:01,,,Crawford 27' 3PT Jump Shot (8 PTS),87 - 95,8
0020300834,472,13,0,4,9:26 PM,0:00,,,,87 - 95,8
