GAME_ID,EVENTNUM,EVENTMSGTYPE,EVENTMSGACTIONTYPE,PERIOD,WCTIMESTRING,PCTIMESTRING,HOMEDESCRIPTION,NEUTRALDESCRIPTION,VISITORDESCRIPTION,SCORE,SCOREMARGIN,PERSON1TYPE,PLAYER1_ID,PLAYER1_NAME,PLAYER1_TEAM_ID,PLAYER1_TEAM_CITY,PLAYER1_TEAM_NICKNAME,PLAYER1_TEAM_ABBREVIATION,PERSON2TYPE,PLAYER2_ID,PLAYER2_NAME,PLAYER2_TEAM_ID,PLAYER2_TEAM_CITY,PLAYER2_TEAM_NICKNAME,PLAYER2_TEAM_ABBREVIATION,PERSON3TYPE,PLAYER3_ID,PLAYER3_NAME,PLAYER3_TEAM_ID,PLAYER3_TEAM_CITY,PLAYER3_TEAM_NICKNAME,PLAYER3_TEAM_ABBREVIATION,VIDEO_AVAILABLE_FLAG
0020600181,0,12,0,1,9:09 PM,12:00,,,,,,0,0,,,,,,0,0,,,,,,0,0,,,,,,0
0020600181,1,10,0,1,9:09 PM,12:00,Jump Ball Okur vs. Bynum: Tip to Odom,,,,,4,2246,Mehmet Okur,1610612762.0,Utah,Jazz,UTA,5,101115,Andrew Bynum,1610612747.0,Los Angeles,Lakers,LAL,5,1885,Lamar Odom,1610612747.0,Los Angeles,Lakers,LAL,0
0020600181,2,1,1,1,9:10 PM,11:46,,,Walton 18' Jump Shot (2 PTS) (Bynum 1 AST),2 - 0,-2,5,2575,Luke Walton,1610612747.0,Los Angeles,Lakers,LAL,5,101115,Andrew Bynum,1610612747.0,Los Angeles,Lakers,LAL,0,0,,,,,,0
0020600181,3,2,1,1,9:10 PM,11:25,MISS Boozer 14' Jump Shot,,,,,4,2430,Carlos Boozer,1610612762.0,Utah,Jazz,UTA,0,0,,,,,,0,0,,,,,,0
0020600181,4,4,0,1,9:10 PM,11:22,,,Odom REBOUND (Off:0 Def:1),,,5,1885,Lamar Odom,1610612747.0,Los Angeles,Lakers,LAL,0,0,,,,,,0,0,,,,,,0
0020600181,5,6,2,1,9:10 PM,11:19,Boozer S.FOUL (P1.T1),,,,,4,2430,Carlos Boozer,1610612762.0,Utah,Jazz,UTA,5,1885,Lamar Odom,1610612747.0,Los Angeles,Lakers,LAL,1,0,,,,,,0
0020600181,6,3,11,1,9:10 PM,11:19,,,MISS Odom Free Throw 1 of 2,,,5,1885,Lamar Odom,1610612747.0,Los Angeles,Lakers,LAL,0,0,,,,,,0,0,,,,,,0
0020600181,7,4,1,1,9:10 PM,11:19,,,Lakers Rebound,,,3,1610612747,,,,,,0,0,,,,,,0,0,,,,,,0
0020600181,8,3,12,1,9:11 PM,11:19,,,Odom Free Throw 2 of 2 (1 PTS),3 - 0,-3,5,1885,Lamar Odom,1610612747.0,Los Angeles,Lakers,LAL,0,0,,,,,,0,0,,,,,,0
0020600181,9,2,1,1,9:11 PM,11:02,MISS D. Williams 16' Jump Shot,,,,,4,101114,Deron Williams,1610612762.0,Utah,Jazz,UTA,0,0,,,,,,0,0,,,,,,0
0020600181,10,4,0,1,9:11 PM,11:00,,,Parker REBOUND (Off:0 Def:1),,,5,2470,Smush Parker,1610612747.0,Los Angeles,Lakers,LAL,0,0,,,,,,0,0,,,,,,0
0020600181,11,10,0,1,9:11 PM,10:59,Jump Ball D. Williams vs. Parker: Tip to Bynum,,,,,4,101114,Deron Williams,1610612762.0,Utah,Jazz,UTA,5,2470,Smush Parker,1610612747.0,Los Angeles,Lakers,LAL,5,101115,Andrew Bynum,1610612747.0,Los Angeles,Lakers,LAL,0
0020600181,12,2,5,1,9:12 PM,10:49,,,MISS Walton  Layup,,,5,2575,Luke Walton,1610612747.0,Los Angeles,Lakers,LAL,0,0,,,,,,0,0,,,,,,0
0020600181,13,4,0,1,9:12 PM,10:48,Okur REBOUND (Off:0 Def:1),,,,,4,2246,Mehmet Okur,1610612762.0,Utah,Jazz,UTA,0,0,,,,,,0,0,,,,,,0
0020600181,14,1,44,1,9:12 PM,10:39,Boozer  Reverse Layup (2 PTS) (Kirilenko 1 AST),,,3 - 2,-1,4,2430,Carlos Boozer,1610612762.0,Utah,Jazz,UTA,4,1905,Andrei Kirilenko,1610612762.0,Utah,Jazz,UTA,0,0,,,,,,0
0020600181,15,1,1,1,9:12 PM,10:25,,,Bryant 19' Jump Shot (2 PTS),5 - 2,-3,5,977,Kobe Bryant,1610612747.0,Los Angeles,Lakers,LAL,0,0,,,,,,0,0,,,,,,0
0020600181,16,7,5,1,9:13 PM,10:09,,,Bynum Violation:Kicked Ball,,,5,101115,Andrew Bynum,1610612747.0,Los Angeles,Lakers,LAL,0,0,,,,,,1,0,,,,,,0
0020600181,17,2,1,1,9:13 PM,10:04,MISS Boozer 19' Jump Shot,,,,,4,2430,Carlos Boozer,1610612762.0,Utah,Jazz,UTA,0,0,,,,,,0,0,,,,,,0
0020600181,19,4,0,1,9:13 PM,10:02,Okur REBOUND (Off:1 Def:1),,,,,4,2246,Mehmet Okur,1610612762.0,Utah,Jazz,UTA,0,0,,,,,,0,0,,,,,,0
0020600181,18,1,4,1,9:13 PM,10:02,Okur  Tip Shot (2 PTS),,,5 - 4,-1,4,2246,Mehmet Okur,1610612762.0,Utah,Jazz,UTA,0,0,,,,,,0,0,,,,,,0
0020600181,20,2,5,1,9:13 PM,9:49,Kirilenko BLOCK (1 BLK),,MISS Odom  Layup,,,5,1885,Lamar Odom,1610612747.0,Los Angeles,Lakers,LAL,0,0,,,,,,4,1905,Andrei Kirilenko,1610612762.0,Utah,Jazz,UTA,0
0020600181,21,4,0,1,9:13 PM,9:47,Boozer REBOUND (Off:0 Def:1),,,,,4,2430,Carlos Boozer,1610612762.0,Utah,Jazz,UTA,0,0,,,,,,0,0,,,,,,0
0020600181,22,2,63,1,9:13 PM,9:37,MISS Boozer 12' Fadeaway Jumper,,,,,4,2430,Carlos Boozer,1610612762.0,Utah,Jazz,UTA,0,0,,,,,,0,0,,,,,,0
0020600181,23,4,0,1,9:13 PM,9:35,,,Bryant REBOUND (Off:0 Def:1),,,5,977,Kobe Bryant,1610612747.0,Los Angeles,Lakers,LAL,0,0,,,,,,0,0,,,,,,0
0020600181,24,1,46,1,9:14 PM,9:28,,,Bryant 11' Running Jump Shot (4 PTS),7 - 4,-3,5,977,Kobe Bryant,1610612747.0,Los Angeles,Lakers,LAL,0,0,,,,,,0,0,,,,,,0
0020600181,25,1,1,1,9:14 PM,9:10,Kirilenko 20' Jump Shot (2 PTS) (D. Williams 1 AST),,,7 - 6,-1,4,1905,Andrei Kirilenko,1610612762.0,Utah,Jazz,UTA,4,101114,Deron Williams,1610612762.0,Utah,Jazz,UTA,0,0,,,,,,0
0020600181,26,2,5,1,9:14 PM,8:56,Kirilenko BLOCK (2 BLK),,MISS Walton  Layup,,,5,2575,Luke Walton,1610612747.0,Los Angeles,Lakers,LAL,0,0,,,,,,4,1905,Andrei Kirilenko,1610612762.0,Utah,Jazz,UTA,0
0020600181,27,4,0,1,9:14 PM,8:54,Boozer REBOUND (Off:0 Def:2),,,,,4,2430,Carlos Boozer,1610612762.0,Utah,Jazz,UTA,0,0,,,,,,0,0,,,,,,0
0020600181,28,1,5,1,9:14 PM,8:50,Boozer  Layup (4 PTS) (D. Williams 2 AST),,,7 - 8,1,4,2430,Carlos Boozer,1610612762.0,Utah,Jazz,UTA,4,101114,Deron Williams,1610612762.0,Utah,Jazz,UTA,0,0,,,,,,0
0020600181,29,6,2,1,9:14 PM,8:50,,,Walton S.FOUL (P1.T1),,,5,2575,Luke Walton,1610612747.0,Los Angeles,Lakers,LAL,4,2430,Carlos Boozer,1610612762.0,Utah,Jazz,UTA,1,0,,,,,,0
0020600181,30,3,10,1,9:14 PM,8:50,MISS Boozer Free Throw 1 of 1,,,,,4,2430,Carlos Boozer,1610612762.0,Utah,Jazz,UTA,0,0,,,,,,0,0,,,,,,0
0020600181,31,4,0,1,9:15 PM,8:49,,,Walton REBOUND (Off:0 Def:1),,,5,2575,Luke Walton,1610612747.0,Los Angeles,Lakers,LAL,0,0,,,,,,0,0,,,,,,0
0020600181,32,2,1,1,9:15 PM,8:36,,,MISS Odom 9' Jump Shot,,,5,1885,Lamar Odom,1610612747.0,Los Angeles,Lakers,LAL,0,0,,,,,,0,0,,,,,,0
0020600181,33,4,0,1,9:15 PM,8:34,Okur REBOUND (Off:1 Def:2),,,,,4,2246,Mehmet Okur,1610612762.0,Utah,Jazz,UTA,0,0,,,,,,0,0,,,,,,0
0020600181,34,2,1,1,9:15 PM,8:29,MISS Okur 25' 3PT Jump Shot,,,,,4,2246,Mehmet Okur,1610612762.0,Utah,Jazz,UTA,0,0,,,,,,0,0,,,,,,0
0020600181,35,4,0,1,9:15 PM,8:26,Boozer REBOUND (Off:1 Def:2),,,,,4,2430,Carlos Boozer,1610612762.0,Utah,Jazz,UTA,0,0,,,,,,0,0,,,,,,0
0020600181,36,1,1,1,9:15 PM,8:16,Boozer 17' Jump Shot (6 PTS) (Okur 1 AST),,,7 - 10,3,4,2430,Carlos Boozer,1610612762.0,Utah,Jazz,UTA,4,2246,Mehmet Okur,1610612762.0,Utah,Jazz,UTA,0,0,,,,,,0
0020600181,37,1,43,1,9:16 PM,7:58,,,Walton  Alley Oop Layup (4 PTS) (Parker 1 AST),9 - 10,1,5,2575,Luke Walton,1610612747.0,Los Angeles,Lakers,LAL,5,2470,Smush Parker,1610612747.0,Los Angeles,Lakers,LAL,0,0,,,,,,0
0020600181,38,2,42,1,9:16 PM,7:51,MISS D. Williams  Driving Layup,,,,,4,101114,Deron Williams,1610612762.0,Utah,Jazz,UTA,0,0,,,,,,0,0,,,,,,0
0020600181,39,4,0,1,9:16 PM,7:50,,,Bryant REBOUND (Off:0 Def:2),,,5,977,Kobe Bryant,1610612747.0,Los Angeles,Lakers,LAL,0,0,,,,,,0,0,,,,,,0
0020600181,40,1,1,1,9:16 PM,7:39,,,Walton  3PT Jump Shot (7 PTS) (Bryant 1 AST),12 - 10,-2,5,2575,Luke Walton,1610612747.0,Los Angeles,Lakers,LAL,5,977,Kobe Bryant,1610612747.0,Los Angeles,Lakers,LAL,0,0,,,,,,0
0020600181,41,1,43,1,9:16 PM,7:24,Boozer  Alley Oop Layup (8 PTS) (Kirilenko 2 AST),,,12 - 12,TIE,4,2430,Carlos Boozer,1610612762.0,Utah,Jazz,UTA,4,1905,Andrei Kirilenko,1610612762.0,Utah,Jazz,UTA,0,0,,,,,,0
0020600181,42,2,1,1,9:16 PM,7:07,,,MISS Parker 25' 3PT Jump Shot,,,5,2470,Smush Parker,1610612747.0,Los Angeles,Lakers,LAL,0,0,,,,,,0,0,,,,,,0
0020600181,43,4,0,1,9:16 PM,7:05,Brewer REBOUND (Off:0 Def:1),,,,,4,200758,Ronnie Brewer,1610612762.0,Utah,Jazz,UTA,0,0,,,,,,0,0,,,,,,0
0020600181,44,2,1,1,9:17 PM,6:50,MISS Boozer 18' Jump Shot,,,,,4,2430,Carlos Boozer,1610612762.0,Utah,Jazz,UTA,0,0,,,,,,0,0,,,,,,0
0020600181,45,4,0,1,9:17 PM,6:48,Okur REBOUND (Off:2 Def:2),,,,,4,2246,Mehmet Okur,1610612762.0,Utah,Jazz,UTA,0,0,,,,,,0,0,,,,,,0
0020600181,46,1,1,1,9:17 PM,6:41,D. Williams 23' Jump Shot (2 PTS) (Boozer 1 AST),,,12 - 14,2,4,101114,Deron Williams,1610612762.0,Utah,Jazz,UTA,4,2430,Carlos Boozer,1610612762.0,Utah,Jazz,UTA,0,0,,,,,,0
0020600181,47,2,1,1,9:17 PM,6:30,,,MISS Walton 19' Jump Shot,,,5,2575,Luke Walton,1610612747.0,Los Angeles,Lakers,LAL,0,0,,,,,,0,0,,,,,,0
0020600181,48,4,0,1,9:17 PM,6:30,JAZZ Rebound,,,,,2,1610612762,,,,,,0,0,,,,,,0,0,,,,,,0
0020600181,50,6,3,1,9:17 PM,6:30,,,Odom L.B.FOUL (P1.T2),,,5,1885,Lamar Odom,1610612747.0,Los Angeles,Lakers,LAL,4,1905,Andrei Kirilenko,1610612762.0,Utah,Jazz,UTA,1,0,,,,,,0
0020600181,51,1,5,1,9:18 PM,6:18,Okur  Layup (4 PTS) (Kirilenko 3 AST),,,12 - 16,4,4,2246,Mehmet Okur,1610612762.0,Utah,Jazz,UTA,4,1905,Andrei Kirilenko,1610612762.0,Utah,Jazz,UTA,0,0,,,,,,0
0020600181,52,2,5,1,9:18 PM,5:55,Kirilenko BLOCK (3 BLK),,MISS Bryant  Layup,,,5,977,Kobe Bryant,1610612747.0,Los Angeles,Lakers,LAL,0,0,,,,,,4,1905,Andrei Kirilenko,1610612762.0,Utah,Jazz,UTA,0
0020600181,53,4,0,1,9:18 PM,5:52,Brewer REBOUND (Off:0 Def:2),,,,,4,200758,Ronnie Brewer,1610612762.0,Utah,Jazz,UTA,0,0,,,,,,0,0,,,,,,0
0020600181,54,1,46,1,9:18 PM,5:43,Okur 6' Running Jump Shot (6 PTS),,,12 - 18,6,4,2246,Mehmet Okur,1610612762.0,Utah,Jazz,UTA,0,0,,,,,,0,0,,,,,,0
0020600181,55,2,1,1,9:18 PM,5:23,,,MISS Bryant 24' 3PT Jump Shot,,,5,977,Kobe Bryant,1610612747.0,Los Angeles,Lakers,LAL,0,0,,,,,,0,0,,,,,,0
0020600181,56,4,0,1,9:19 PM,5:21,Okur REBOUND (Off:2 Def:3),,,,,4,2246,Mehmet Okur,1610612762.0,Utah,Jazz,UTA,0,0,,,,,,0,0,,,,,,0
0020600181,57,6,2,1,9:19 PM,5:19,,,Walton S.FOUL (P2.T3),,,5,2575,Luke Walton,1610612747.0,Los Angeles,Lakers,LAL,4,200758,Ronnie Brewer,1610612762.0,Utah,Jazz,UTA,1,0,,,,,,0
0020600181,58,9,1,1,9:19 PM,5:19,JAZZ Timeout: Regular (Full 1 Short 0),,,,,2,1610612762,,,,,,0,0,,,,,,0,0,,,,,,0
0020600181,60,8,0,1,9:20 PM,5:19,SUB: Harpring FOR Kirilenko,,,,,4,1905,Andrei Kirilenko,1610612762.0,Utah,Jazz,UTA,4,1723,Matt Harpring,1610612762.0,Utah,Jazz,UTA,0,0,,,,,,0
0020600181,61,8,0,1,9:21 PM,5:19,SUB: Fisher FOR D. Williams,,,,,4,101114,Deron Williams,1610612762.0,Utah,Jazz,UTA,4,965,Derek Fisher,1610612762.0,Utah,Jazz,UTA,0,0,,,,,,0
0020600181,62,8,0,1,9:21 PM,5:19,,,SUB: Brown FOR Bynum,,,5,101115,Andrew Bynum,1610612747.0,Los Angeles,Lakers,LAL,5,2198,Kwame Brown,1610612747.0,Los Angeles,Lakers,LAL,0,0,,,,,,0
0020600181,63,8,0,1,9:21 PM,5:19,,,SUB: Radmanovic FOR Walton,,,5,2575,Luke Walton,1610612747.0,Los Angeles,Lakers,LAL,5,2209,Vladimir Radmanovic,1610612747.0,Los Angeles,Lakers,LAL,0,0,,,,,,0
0020600181,64,7,1,1,9:21 PM,5:19,,,Lakers Violation: Delay of game Violation,,,3,1610612747,,,,,,0,0,,,,,,1,0,,,,,,0
0020600181,65,3,11,1,9:21 PM,5:19,MISS Brewer Free Throw 1 of 2,,,,,4,200758,Ronnie Brewer,1610612762.0,Utah,Jazz,UTA,0,0,,,,,,0,0,,,,,,0
0020600181,66,4,1,1,9:21 PM,5:19,JAZZ Rebound,,,,,2,1610612762,,,,,,0,0,,,,,,0,0,,,,,,0
0020600181,67,3,12,1,9:21 PM,5:19,Brewer Free Throw 2 of 2 (1 PTS),,,12 - 19,7,4,200758,Ronnie Brewer,1610612762.0,Utah,Jazz,UTA,0,0,,,,,,0,0,,,,,,0
0020600181,68,5,1,1,9:22 PM,5:09,Brewer STEAL (1 STL),,Radmanovic Bad Pass Turnover (P1.T1),,,5,2209,Vladimir Radmanovic,1610612747.0,Los Angeles,Lakers,LAL,4,200758,Ronnie Brewer,1610612762.0,Utah,Jazz,UTA,0,0,,,,,,0
0020600181,69,1,8,1,9:22 PM,5:05,Brewer  Slam Dunk (3 PTS),,,12 - 21,9,4,200758,Ronnie Brewer,1610612762.0,Utah,Jazz,UTA,0,0,,,,,,0,0,,,,,,0
0020600181,70,6,1,1,9:22 PM,4:51,Okur P.FOUL (P1.T2),,,,,4,2246,Mehmet Okur,1610612762.0,Utah,Jazz,UTA,5,2198,Kwame Brown,1610612747.0,Los Angeles,Lakers,LAL,1,0,,,,,,0
0020600181,71,2,1,1,9:23 PM,4:38,,,MISS Odom 25' 3PT Jump Shot,,,5,1885,Lamar Odom,1610612747.0,Los Angeles,Lakers,LAL,0,0,,,,,,0,0,,,,,,0
0020600181,72,4,0,1,9:23 PM,4:37,JAZZ Rebound,,,,,2,1610612762,,,,,,0,0,,,,,,0,0,,,,,,0
0020600181,73,1,5,1,9:23 PM,4:27,Harpring  Layup (2 PTS) (Fisher 1 AST),,,12 - 23,11,4,1723,Matt Harpring,1610612762.0,Utah,Jazz,UTA,4,965,Derek Fisher,1610612762.0,Utah,Jazz,UTA,0,0,,,,,,0
0020600181,74,1,3,1,9:23 PM,4:10,,,Brown 5' Hook Shot (2 PTS) (Parker 2 AST),14 - 23,9,5,2198,Kwame Brown,1610612747.0,Los Angeles,Lakers,LAL,5,2470,Smush Parker,1610612747.0,Los Angeles,Lakers,LAL,0,0,,,,,,0
0020600181,75,2,1,1,9:24 PM,3:43,MISS Boozer 18' Jump Shot,,,,,4,2430,Carlos Boozer,1610612762.0,Utah,Jazz,UTA,0,0,,,,,,0,0,,,,,,0
0020600181,76,4,0,1,9:24 PM,3:40,,,Radmanovic REBOUND (Off:0 Def:1),,,5,2209,Vladimir Radmanovic,1610612747.0,Los Angeles,Lakers,LAL,0,0,,,,,,0,0,,,,,,0
0020600181,77,1,42,1,9:24 PM,3:36,,,Bryant  Driving Layup (6 PTS),16 - 23,7,5,977,Kobe Bryant,1610612747.0,Los Angeles,Lakers,LAL,0,0,,,,,,0,0,,,,,,0
0020600181,78,6,2,1,9:24 PM,3:36,Fisher S.FOUL (P1.T3),,,,,4,965,Derek Fisher,1610612762.0,Utah,Jazz,UTA,5,977,Kobe Bryant,1610612747.0,Los Angeles,Lakers,LAL,1,0,,,,,,0
0020600181,79,8,0,1,9:24 PM,3:36,,,SUB: Evans FOR Odom,,,5,1885,Lamar Odom,1610612747.0,Los Angeles,Lakers,LAL,5,2230,Maurice Evans,1610612747.0,Los Angeles,Lakers,LAL,0,0,,,,,,0
0020600181,80,3,10,1,9:24 PM,3:36,,,Bryant Free Throw 1 of 1 (7 PTS),17 - 23,6,5,977,Kobe Bryant,1610612747.0,Los Angeles,Lakers,LAL,0,0,,,,,,0,0,,,,,,0
0020600181,81,2,1,1,9:25 PM,3:21,MISS Harpring 16' Jump Shot,,,,,4,1723,Matt Harpring,1610612762.0,Utah,Jazz,UTA,0,0,,,,,,0,0,,,,,,0
0020600181,82,4,0,1,9:25 PM,3:19,Okur REBOUND (Off:3 Def:3),,,,,4,2246,Mehmet Okur,1610612762.0,Utah,Jazz,UTA,0,0,,,,,,0,0,,,,,,0
0020600181,83,5,2,1,9:25 PM,3:18,Okur Lost Ball Turnover (P1.T1),,Evans STEAL (1 STL),,,4,2246,Mehmet Okur,1610612762.0,Utah,Jazz,UTA,5,2230,Maurice Evans,1610612747.0,Los Angeles,Lakers,LAL,0,0,,,,,,0
0020600181,84,1,1,1,9:25 PM,3:09,,,Bryant 17' Jump Shot (9 PTS),19 - 23,4,5,977,Kobe Bryant,1610612747.0,Los Angeles,Lakers,LAL,0,0,,,,,,0,0,,,,,,0
0020600181,85,1,5,1,9:25 PM,2:50,Boozer  Layup (10 PTS) (Fisher 2 AST),,,19 - 25,6,4,2430,Carlos Boozer,1610612762.0,Utah,Jazz,UTA,4,965,Derek Fisher,1610612762.0,Utah,Jazz,UTA,0,0,,,,,,0
0020600181,86,1,1,1,9:25 PM,2:37,,,Bryant 19' Jump Shot (11 PTS) (Parker 3 AST),21 - 25,4,5,977,Kobe Bryant,1610612747.0,Los Angeles,Lakers,LAL,5,2470,Smush Parker,1610612747.0,Los Angeles,Lakers,LAL,0,0,,,,,,0
0020600181,87,9,1,1,9:26 PM,2:15,,,Lakers Timeout: Regular (Reg.1 Short 0),,,3,1610612747,,,,,,0,0,,,,,,0,0,,,,,,0
0020600181,89,8,0,1,9:28 PM,2:15,SUB: Collins FOR Okur,,,,,4,2246,Mehmet Okur,1610612762.0,Utah,Jazz,UTA,4,2260,Jarron Collins,1610612762.0,Utah,Jazz,UTA,0,0,,,,,,0
0020600181,90,8,0,1,9:28 PM,2:15,SUB: Giricek FOR Brewer,,,,,4,200758,Ronnie Brewer,1610612762.0,Utah,Jazz,UTA,4,1921,Gordan Giricek,1610612762.0,Utah,Jazz,UTA,0,0,,,,,,0
0020600181,91,8,0,1,9:28 PM,2:15,,,SUB: Vujacic FOR Parker,,,5,2470,Smush Parker,1610612747.0,Los Angeles,Lakers,LAL,5,2756,Sasha Vujacic,1610612747.0,Los Angeles,Lakers,LAL,0,0,,,,,,0
0020600181,92,2,1,1,9:28 PM,2:10,MISS Boozer 17' Jump Shot,,,,,4,2430,Carlos Boozer,1610612762.0,Utah,Jazz,UTA,0,0,,,,,,0,0,,,,,,0
0020600181,93,4,0,1,9:28 PM,2:07,,,Brown REBOUND (Off:0 Def:1),,,5,2198,Kwame Brown,1610612747.0,Los Angeles,Lakers,LAL,0,0,,,,,,0,0,,,,,,0
0020600181,94,2,1,1,9:28 PM,2:00,,,MISS Bryant 25' 3PT Jump Shot,,,5,977,Kobe Bryant,1610612747.0,Los Angeles,Lakers,LAL,0,0,,,,,,0,0,,,,,,0
0020600181,95,4,0,1,9:28 PM,1:58,Boozer REBOUND (Off:1 Def:3),,,,,4,2430,Carlos Boozer,1610612762.0,Utah,Jazz,UTA,0,0,,,,,,0,0,,,,,,0
0020600181,96,1,5,1,9:28 PM,1:54,Harpring  Layup (4 PTS) (Giricek 1 AST),,,21 - 27,6,4,1723,Matt Harpring,1610612762.0,Utah,Jazz,UTA,4,1921,Gordan Giricek,1610612762.0,Utah,Jazz,UTA,0,0,,,,,,0
0020600181,97,2,1,1,9:29 PM,1:38,,,MISS Evans 17' Jump Shot,,,5,2230,Maurice Evans,1610612747.0,Los Angeles,Lakers,LAL,0,0,,,,,,0,0,,,,,,0
0020600181,98,4,0,1,9:29 PM,1:38,JAZZ Rebound,,,,,2,1610612762,,,,,,0,0,,,,,,0,0,,,,,,0
0020600181,99,8,0,1,9:29 PM,1:38,SUB: Millsap FOR Boozer,,,,,4,2430,Carlos Boozer,1610612762.0,Utah,Jazz,UTA,4,200794,Paul Millsap,1610612762.0,Utah,Jazz,UTA,0,0,,,,,,0
0020600181,100,2,5,1,9:29 PM,1:19,MISS Collins  Layup,,Brown BLOCK (1 BLK),,,4,2260,Jarron Collins,1610612762.0,Utah,Jazz,UTA,0,0,,,,,,5,2198,Kwame Brown,1610612747.0,Los Angeles,Lakers,LAL,0
0020600181,101,4,0,1,9:29 PM,1:19,JAZZ Rebound,,,,,2,1610612762,,,,,,0,0,,,,,,0,0,,,,,,0
0020600181,102,2,1,1,9:30 PM,1:14,MISS Fisher 14' Jump Shot,,,,,4,965,Derek Fisher,1610612762.0,Utah,Jazz,UTA,0,0,,,,,,0,0,,,,,,0
0020600181,103,4,0,1,9:30 PM,1:12,,,Radmanovic REBOUND (Off:0 Def:2),,,5,2209,Vladimir Radmanovic,1610612747.0,Los Angeles,Lakers,LAL,0,0,,,,,,0,0,,,,,,0
0020600181,104,6,17,1,9:30 PM,0:59,JAZZ T.Foul (Def. 3 Sec Collins ),,,,,4,2260,Jarron Collins,1610612762.0,Utah,Jazz,UTA,0,0,,,,,,1,0,,,,,,0
0020600181,105,3,16,1,9:30 PM,0:59,,,Bryant Free Throw Technical (12 PTS),22 - 27,5,5,977,Kobe Bryant,1610612747.0,Los Angeles,Lakers,LAL,0,0,,,,,,0,0,,,,,,0
0020600181,106,1,1,1,9:31 PM,0:51,,,Vujacic 22' Jump Shot (2 PTS) (Evans 1 AST),24 - 27,3,5,2756,Sasha Vujacic,1610612747.0,Los Angeles,Lakers,LAL,5,2230,Maurice Evans,1610612747.0,Los Angeles,Lakers,LAL,0,0,,,,,,0
0020600181,107,5,2,1,9:31 PM,0:47,Fisher Lost Ball Turnover (P1.T2),,Brown STEAL (1 STL),,,4,965,Derek Fisher,1610612762.0,Utah,Jazz,UTA,5,2198,Kwame Brown,1610612747.0,Los Angeles,Lakers,LAL,0,0,,,,,,0
0020600181,108,1,46,1,9:31 PM,0:24,,,Bryant 13' Running Jump Shot (14 PTS),26 - 27,1,5,977,Kobe Bryant,1610612747.0,Los Angeles,Lakers,LAL,0,0,,,,,,0,0,,,,,,0
0020600181,109,6,2,1,9:32 PM,0:04,,,Radmanovic S.FOUL (P1.T4),,,5,2209,Vladimir Radmanovic,1610612747.0,Los Angeles,Lakers,LAL,4,965,Derek Fisher,1610612762.0,Utah,Jazz,UTA,1,0,,,,,,0
0020600181,110,3,11,1,9:32 PM,0:04,Fisher Free Throw 1 of 2 (1 PTS),,,26 - 28,2,4,965,Derek Fisher,1610612762.0,Utah,Jazz,UTA,0,0,,,,,,0,0,,,,,,0
0020600181,111,8,0,1,9:32 PM,0:04,,,SUB: Odom FOR Brown,,,5,2198,Kwame Brown,1610612747.0,Los Angeles,Lakers,LAL,5,1885,Lamar Odom,1610612747.0,Los Angeles,Lakers,LAL,0,0,,,,,,0
0020600181,112,3,12,1,9:32 PM,0:04,Fisher Free Throw 2 of 2 (2 PTS),,,26 - 29,3,4,965,Derek Fisher,1610612762.0,Utah,Jazz,UTA,0,0,,,,,,0,0,,,,,,0
0020600181,113,2,1,1,9:33 PM,0:01,,,MISS Vujacic 17' Jump Shot,,,5,2756,Sasha Vujacic,1610612747.0,Los Angeles,Lakers,LAL,0,0,,,,,,0,0,,,,,,0
0020600181,114,4,0,1,9:33 PM,0:00,Collins REBOUND (Off:0 Def:1),,,,,4,2260,Jarron Collins,1610612762.0,Utah,Jazz,UTA,0,0,,,,,,0,0,,,,,,0
0020600181,116,13,0,1,9:33 PM,0:00,,,,26 - 29,3,0,0,,,,,,0,0,,,,,,0,0,,,,,,0
0020600181,117,12,0,2,9:35 PM,12:00,,,,26 - 29,3,0,0,,,,,,0,0,,,,,,0,0,,,,,,0
0020600181,118,2,1,2,9:36 PM,11:40,MISS Millsap 6' Jump Shot,,Brown BLOCK (2 BLK),,,4,200794,Paul Millsap,1610612762.0,Utah,Jazz,UTA,0,0,,,,,,5,2198,Kwame Brown,1610612747.0,Los Angeles,Lakers,LAL,0
0020600181,119,4,0,2,9:36 PM,11:37,,,Brown REBOUND (Off:0 Def:2),,,5,2198,Kwame Brown,1610612747.0,Los Angeles,Lakers,LAL,0,0,,,,,,0,0,,,,,,0
0020600181,120,5,2,2,9:36 PM,11:32,Giricek STEAL (1 STL),,Vujacic Lost Ball Turnover (P1.T2),,,5,2756,Sasha Vujacic,1610612747.0,Los Angeles,Lakers,LAL,4,1921,Gordan Giricek,1610612762.0,Utah,Jazz,UTA,0,0,,,,,,0
0020600181,121,8,0,2,9:36 PM,11:22,,,SUB: Parker FOR Vujacic,,,5,2756,Sasha Vujacic,1610612747.0,Los Angeles,Lakers,LAL,5,2470,Smush Parker,1610612747.0,Los Angeles,Lakers,LAL,0,0,,,,,,0
0020600181,122,10,0,2,9:36 PM,11:22,Jump Ball Collins vs. Radmanovic: Tip to Brown,,,,,4,2260,Jarron Collins,1610612762.0,Utah,Jazz,UTA,5,2209,Vladimir Radmanovic,1610612747.0,Los Angeles,Lakers,LAL,5,2198,Kwame Brown,1610612747.0,Los Angeles,Lakers,LAL,0
0020600181,123,5,2,2,9:36 PM,11:22,Collins Lost Ball Turnover (P1.T3),,Brown STEAL (2 STL),,,4,2260,Jarron Collins,1610612762.0,Utah,Jazz,UTA,5,2198,Kwame Brown,1610612747.0,Los Angeles,Lakers,LAL,0,0,,,,,,0
0020600181,124,6,4,2,9:37 PM,11:09,,,Odom OFF.Foul (P2),,,5,1885,Lamar Odom,1610612747.0,Los Angeles,Lakers,LAL,4,200794,Paul Millsap,1610612762.0,Utah,Jazz,UTA,1,0,,,,,,0
0020600181,125,5,5,2,9:37 PM,11:09,,,Odom Foul Turnover (P1.T3),,,5,1885,Lamar Odom,1610612747.0,Los Angeles,Lakers,LAL,0,0,,,,,,1,0,,,,,,0
0020600181,126,8,0,2,9:37 PM,11:09,SUB: D. Williams FOR Fisher,,,,,4,965,Derek Fisher,1610612762.0,Utah,Jazz,UTA,4,101114,Deron Williams,1610612762.0,Utah,Jazz,UTA,0,0,,,,,,0
0020600181,127,2,1,2,9:37 PM,11:00,MISS D. Williams 6' Jump Shot,,,,,4,101114,Deron Williams,1610612762.0,Utah,Jazz,UTA,0,0,,,,,,0,0,,,,,,0
0020600181,129,4,0,2,9:37 PM,10:55,Millsap REBOUND (Off:1 Def:0),,,,,4,200794,Paul Millsap,1610612762.0,Utah,Jazz,UTA,0,0,,,,,,0,0,,,,,,0
0020600181,128,1,64,2,9:37 PM,10:55,Millsap  Follow Up Dunk (2 PTS),,,26 - 31,5,4,200794,Paul Millsap,1610612762.0,Utah,Jazz,UTA,0,0,,,,,,0,0,,,,,,0
0020600181,130,1,8,2,9:38 PM,10:42,,,Evans  Slam Dunk (2 PTS) (Brown 1 AST),28 - 31,3,5,2230,Maurice Evans,1610612747.0,Los Angeles,Lakers,LAL,5,2198,Kwame Brown,1610612747.0,Los Angeles,Lakers,LAL,0,0,,,,,,0
0020600181,131,5,1,2,9:38 PM,10:25,Millsap Bad Pass Turnover (P1.T4),,Brown STEAL (3 STL),,,4,200794,Paul Millsap,1610612762.0,Utah,Jazz,UTA,5,2198,Kwame Brown,1610612747.0,Los Angeles,Lakers,LAL,0,0,,,,,,0
0020600181,132,1,46,2,9:38 PM,10:19,,,Odom 4' Running Jump Shot (3 PTS),30 - 31,1,5,1885,Lamar Odom,1610612747.0,Los Angeles,Lakers,LAL,0,0,,,,,,0,0,,,,,,0
0020600181,133,6,4,2,9:38 PM,10:01,Millsap OFF.Foul (P1),,,,,4,200794,Paul Millsap,1610612762.0,Utah,Jazz,UTA,5,1885,Lamar Odom,1610612747.0,Los Angeles,Lakers,LAL,1,0,,,,,,0
0020600181,134,5,5,2,9:38 PM,10:01,Millsap Foul Turnover (P2.T5),,,,,4,200794,Paul Millsap,1610612762.0,Utah,Jazz,UTA,0,0,,,,,,1,0,,,,,,0
0020600181,135,1,42,2,9:39 PM,9:49,,,Odom  Driving Layup (5 PTS),32 - 31,-1,5,1885,Lamar Odom,1610612747.0,Los Angeles,Lakers,LAL,0,0,,,,,,0,0,,,,,,0
0020600181,136,1,1,2,9:39 PM,9:32,Millsap 17' Jump Shot (4 PTS) (D. Williams 3 AST),,,32 - 33,1,4,200794,Paul Millsap,1610612762.0,Utah,Jazz,UTA,4,101114,Deron Williams,1610612762.0,Utah,Jazz,UTA,0,0,,,,,,0
0020600181,137,1,42,2,9:39 PM,9:14,,,Odom  Driving Layup (7 PTS),34 - 33,-1,5,1885,Lamar Odom,1610612747.0,Los Angeles,Lakers,LAL,0,0,,,,,,0,0,,,,,,0
0020600181,138,1,1,2,9:40 PM,8:56,Giricek 19' Jump Shot (2 PTS) (Millsap 1 AST),,,34 - 35,1,4,1921,Gordan Giricek,1610612762.0,Utah,Jazz,UTA,4,200794,Paul Millsap,1610612762.0,Utah,Jazz,UTA,0,0,,,,,,0
0020600181,139,1,65,2,9:40 PM,8:37,,,Brown 5' Jump Hook Shot (4 PTS),36 - 35,-1,5,2198,Kwame Brown,1610612747.0,Los Angeles,Lakers,LAL,0,0,,,,,,0,0,,,,,,0
0020600181,140,1,46,2,9:40 PM,8:21,Harpring 11' Running Jump Shot (6 PTS),,,36 - 37,1,4,1723,Matt Harpring,1610612762.0,Utah,Jazz,UTA,0,0,,,,,,0,0,,,,,,0
0020600181,141,6,1,2,9:41 PM,8:05,Harpring P.FOUL (P1.T1),,,,,4,1723,Matt Harpring,1610612762.0,Utah,Jazz,UTA,5,1885,Lamar Odom,1610612747.0,Los Angeles,Lakers,LAL,1,0,,,,,,0
0020600181,142,9,4,2,9:41 PM,8:05,,,,,,1,0,,,,,,0,0,,,,,,0,0,,,,,,0
0020600181,144,8,0,2,9:42 PM,8:05,SUB: Kirilenko FOR Harpring,,,,,4,1723,Matt Harpring,1610612762.0,Utah,Jazz,UTA,4,1905,Andrei Kirilenko,1610612762.0,Utah,Jazz,UTA,0,0,,,,,,0
0020600181,145,8,0,2,9:42 PM,8:05,SUB: Okur FOR Collins,,,,,4,2260,Jarron Collins,1610612762.0,Utah,Jazz,UTA,4,2246,Mehmet Okur,1610612762.0,Utah,Jazz,UTA,0,0,,,,,,0
0020600181,146,8,0,2,9:42 PM,8:05,,,SUB: Walton FOR Radmanovic,,,5,2209,Vladimir Radmanovic,1610612747.0,Los Angeles,Lakers,LAL,5,2575,Luke Walton,1610612747.0,Los Angeles,Lakers,LAL,0,0,,,,,,0
0020600181,147,6,1,2,9:43 PM,7:58,Kirilenko P.FOUL (P1.T2),,,,,4,1905,Andrei Kirilenko,1610612762.0,Utah,Jazz,UTA,5,1885,Lamar Odom,1610612747.0,Los Angeles,Lakers,LAL,1,0,,,,,,0
0020600181,148,2,5,2,9:43 PM,7:48,,,MISS Evans  Layup,,,5,2230,Maurice Evans,1610612747.0,Los Angeles,Lakers,LAL,0,0,,,,,,0,0,,,,,,0
0020600181,150,4,0,2,9:44 PM,7:48,,,Brown REBOUND (Off:1 Def:2),,,5,2198,Kwame Brown,1610612747.0,Los Angeles,Lakers,LAL,0,0,,,,,,0,0,,,,,,0
0020600181,151,1,5,2,9:44 PM,7:47,,,Brown  Layup (6 PTS),38 - 37,-1,5,2198,Kwame Brown,1610612747.0,Los Angeles,Lakers,LAL,0,0,,,,,,0,0,,,,,,0
0020600181,152,6,2,2,9:44 PM,7:47,D. Williams S.FOUL (P1.T3),,,,,4,101114,Deron Williams,1610612762.0,Utah,Jazz,UTA,5,2198,Kwame Brown,1610612747.0,Los Angeles,Lakers,LAL,1,0,,,,,,0
0020600181,153,3,10,2,9:44 PM,7:47,,,Brown Free Throw 1 of 1 (7 PTS),39 - 37,-2,5,2198,Kwame Brown,1610612747.0,Los Angeles,Lakers,LAL,0,0,,,,,,0,0,,,,,,0
0020600181,154,1,5,2,9:44 PM,7:30,Giricek  Layup (4 PTS) (Kirilenko 4 AST),,,39 - 39,TIE,4,1921,Gordan Giricek,1610612762.0,Utah,Jazz,UTA,4,1905,Andrei Kirilenko,1610612762.0,Utah,Jazz,UTA,0,0,,,,,,0
0020600181,155,8,0,2,9:45 PM,7:04,,,SUB: Bryant FOR Evans,,,5,2230,Maurice Evans,1610612747.0,Los Angeles,Lakers,LAL,5,977,Kobe Bryant,1610612747.0,Los Angeles,Lakers,LAL,0,0,,,,,,0
0020600181,156,8,0,2,9:45 PM,7:04,SUB: Boozer FOR Millsap,,,,,4,200794,Paul Millsap,1610612762.0,Utah,Jazz,UTA,4,2430,Carlos Boozer,1610612762.0,Utah,Jazz,UTA,0,0,,,,,,0
0020600181,157,2,1,2,9:45 PM,7:02,,,MISS Bryant 20' Jump Shot,,,5,977,Kobe Bryant,1610612747.0,Los Angeles,Lakers,LAL,0,0,,,,,,0,0,,,,,,0
0020600181,158,4,0,2,9:45 PM,6:59,,,Brown REBOUND (Off:2 Def:2),,,5,2198,Kwame Brown,1610612747.0,Los Angeles,Lakers,LAL,0,0,,,,,,0,0,,,,,,0
0020600181,159,6,1,2,9:45 PM,6:58,Giricek P.FOUL (P1.T4),,,,,4,1921,Gordan Giricek,1610612762.0,Utah,Jazz,UTA,5,977,Kobe Bryant,1610612747.0,Los Angeles,Lakers,LAL,1,0,,,,,,0
0020600181,160,2,1,2,9:46 PM,6:44,,,MISS Walton 24' 3PT Jump Shot,,,5,2575,Luke Walton,1610612747.0,Los Angeles,Lakers,LAL,0,0,,,,,,0,0,,,,,,0
0020600181,161,4,0,2,9:46 PM,6:42,,,Parker REBOUND (Off:1 Def:1),,,5,2470,Smush Parker,1610612747.0,Los Angeles,Lakers,LAL,0,0,,,,,,0,0,,,,,,0
0020600181,162,2,1,2,9:46 PM,6:31,,,MISS Odom 19' Jump Shot,,,5,1885,Lamar Odom,1610612747.0,Los Angeles,Lakers,LAL,0,0,,,,,,0,0,,,,,,0
0020600181,163,4,0,2,9:46 PM,6:30,Boozer REBOUND (Off:1 Def:4),,,,,4,2430,Carlos Boozer,1610612762.0,Utah,Jazz,UTA,0,0,,,,,,0,0,,,,,,0
0020600181,164,2,1,2,9:46 PM,6:22,MISS Giricek 24' 3PT Jump Shot,,,,,4,1921,Gordan Giricek,1610612762.0,Utah,Jazz,UTA,0,0,,,,,,0,0,,,,,,0
0020600181,165,4,0,2,9:46 PM,6:21,,,Odom REBOUND (Off:0 Def:2),,,5,1885,Lamar Odom,1610612747.0,Los Angeles,Lakers,LAL,0,0,,,,,,0,0,,,,,,0
0020600181,166,1,1,2,9:47 PM,6:01,,,Bryant  3PT Jump Shot (17 PTS) (Walton 1 AST),42 - 39,-3,5,977,Kobe Bryant,1610612747.0,Los Angeles,Lakers,LAL,5,2575,Luke Walton,1610612747.0,Los Angeles,Lakers,LAL,0,0,,,,,,0
0020600181,167,1,5,2,9:47 PM,5:46,Boozer  Layup (12 PTS) (D. Williams 4 AST),,,42 - 41,-1,4,2430,Carlos Boozer,1610612762.0,Utah,Jazz,UTA,4,101114,Deron Williams,1610612762.0,Utah,Jazz,UTA,0,0,,,,,,0
0020600181,168,2,5,2,9:47 PM,5:34,Okur BLOCK (1 BLK),,MISS Walton  Layup,,,5,2575,Luke Walton,1610612747.0,Los Angeles,Lakers,LAL,0,0,,,,,,4,2246,Mehmet Okur,1610612762.0,Utah,Jazz,UTA,0
0020600181,169,4,0,2,9:47 PM,5:33,Boozer REBOUND (Off:1 Def:5),,,,,4,2430,Carlos Boozer,1610612762.0,Utah,Jazz,UTA,0,0,,,,,,0,0,,,,,,0
0020600181,170,5,1,2,9:47 PM,5:28,D. Williams Bad Pass Turnover (P1.T6),,,,,4,101114,Deron Williams,1610612762.0,Utah,Jazz,UTA,0,0,,,,,,0,0,,,,,,0
0020600181,171,9,1,2,9:47 PM,5:28,JAZZ Timeout: Regular (Full 2 Short 0),,,,,2,1610612762,,,,,,0,0,,,,,,0,0,,,,,,0
0020600181,173,8,0,2,9:49 PM,5:28,SUB: Harpring FOR Giricek,,,,,4,1921,Gordan Giricek,1610612762.0,Utah,Jazz,UTA,4,1723,Matt Harpring,1610612762.0,Utah,Jazz,UTA,0,0,,,,,,0
0020600181,174,8,0,2,9:49 PM,5:28,,,SUB: Bynum FOR Brown,,,5,2198,Kwame Brown,1610612747.0,Los Angeles,Lakers,LAL,5,101115,Andrew Bynum,1610612747.0,Los Angeles,Lakers,LAL,0,0,,,,,,0
0020600181,175,5,4,2,9:50 PM,5:15,,,Bynum Traveling Turnover (P1.T4),,,5,101115,Andrew Bynum,1610612747.0,Los Angeles,Lakers,LAL,0,0,,,,,,1,0,,,,,,0
0020600181,176,5,1,2,9:50 PM,5:03,Kirilenko Bad Pass Turnover (P1.T7),,Parker STEAL (1 STL),,,4,1905,Andrei Kirilenko,1610612762.0,Utah,Jazz,UTA,5,2470,Smush Parker,1610612747.0,Los Angeles,Lakers,LAL,0,0,,,,,,0
0020600181,179,6,1,2,9:51 PM,4:55,Harpring P.FOUL (P2.PN),,,,,4,1723,Matt Harpring,1610612762.0,Utah,Jazz,UTA,5,101115,Andrew Bynum,1610612747.0,Los Angeles,Lakers,LAL,1,0,,,,,,0
0020600181,180,3,11,2,9:51 PM,4:55,,,Bynum Free Throw 1 of 2 (1 PTS),43 - 41,-2,5,101115,Andrew Bynum,1610612747.0,Los Angeles,Lakers,LAL,0,0,,,,,,0,0,,,,,,0
0020600181,181,3,12,2,9:51 PM,4:55,,,Bynum Free Throw 2 of 2 (2 PTS),44 - 41,-3,5,101115,Andrew Bynum,1610612747.0,Los Angeles,Lakers,LAL,0,0,,,,,,0,0,,,,,,0
0020600181,182,2,1,2,9:52 PM,4:36,MISS Harpring 18' Jump Shot,,,,,4,1723,Matt Harpring,1610612762.0,Utah,Jazz,UTA,0,0,,,,,,0,0,,,,,,0
0020600181,183,4,0,2,9:52 PM,4:34,,,Odom REBOUND (Off:0 Def:3),,,5,1885,Lamar Odom,1610612747.0,Los Angeles,Lakers,LAL,0,0,,,,,,0,0,,,,,,0
0020600181,184,2,1,2,9:52 PM,4:14,,,MISS Bryant 21' Jump Shot,,,5,977,Kobe Bryant,1610612747.0,Los Angeles,Lakers,LAL,0,0,,,,,,0,0,,,,,,0
0020600181,185,4,0,2,9:52 PM,4:12,Harpring REBOUND (Off:0 Def:1),,,,,4,1723,Matt Harpring,1610612762.0,Utah,Jazz,UTA,0,0,,,,,,0,0,,,,,,0
0020600181,186,2,5,2,9:52 PM,4:06,MISS Boozer  Layup,,,,,4,2430,Carlos Boozer,1610612762.0,Utah,Jazz,UTA,0,0,,,,,,0,0,,,,,,0
0020600181,187,4,0,2,9:52 PM,4:04,Okur REBOUND (Off:4 Def:3),,,,,4,2246,Mehmet Okur,1610612762.0,Utah,Jazz,UTA,0,0,,,,,,0,0,,,,,,0
0020600181,188,2,1,2,9:52 PM,3:53,MISS D. Williams 12' Jump Shot,,,,,4,101114,Deron Williams,1610612762.0,Utah,Jazz,UTA,0,0,,,,,,0,0,,,,,,0
0020600181,189,4,0,2,9:52 PM,3:52,Boozer REBOUND (Off:2 Def:5),,,,,4,2430,Carlos Boozer,1610612762.0,Utah,Jazz,UTA,0,0,,,,,,0,0,,,,,,0
0020600181,190,6,2,2,9:53 PM,3:52,,,Bynum S.FOUL (P1.T1),,,5,101115,Andrew Bynum,1610612747.0,Los Angeles,Lakers,LAL,4,2430,Carlos Boozer,1610612762.0,Utah,Jazz,UTA,1,0,,,,,,0
0020600181,191,3,11,2,9:53 PM,3:52,Boozer Free Throw 1 of 2 (13 PTS),,,44 - 42,-2,4,2430,Carlos Boozer,1610612762.0,Utah,Jazz,UTA,0,0,,,,,,0,0,,,,,,0
0020600181,192,3,12,2,9:53 PM,3:52,MISS Boozer Free Throw 2 of 2,,,,,4,2430,Carlos Boozer,1610612762.0,Utah,Jazz,UTA,0,0,,,,,,0,0,,,,,,0
0020600181,193,4,0,2,9:53 PM,3:52,,,Lakers Rebound,,,3,1610612747,,,,,,0,0,,,,,,0,0,,,,,,0
0020600181,194,6,2,2,9:54 PM,3:37,D. Williams S.FOUL (P2.PN),,,,,4,101114,Deron Williams,1610612762.0,Utah,Jazz,UTA,5,2470,Smush Parker,1610612747.0,Los Angeles,Lakers,LAL,1,0,,,,,,0
0020600181,195,3,11,2,9:54 PM,3:37,,,Parker Free Throw 1 of 2 (1 PTS),45 - 42,-3,5,2470,Smush Parker,1610612747.0,Los Angeles,Lakers,LAL,0,0,,,,,,0,0,,,,,,0
0020600181,196,3,12,2,9:54 PM,3:37,,,Parker Free Throw 2 of 2 (2 PTS),46 - 42,-4,5,2470,Smush Parker,1610612747.0,Los Angeles,Lakers,LAL,0,0,,,,,,0,0,,,,,,0
0020600181,197,2,1,2,9:55 PM,3:23,MISS Okur 24' 3PT Jump Shot,,,,,4,2246,Mehmet Okur,1610612762.0,Utah,Jazz,UTA,0,0,,,,,,0,0,,,,,,0
0020600181,198,4,0,2,9:55 PM,3:20,,,Bynum REBOUND (Off:0 Def:1),,,5,101115,Andrew Bynum,1610612747.0,Los Angeles,Lakers,LAL,0,0,,,,,,0,0,,,,,,0
0020600181,199,2,1,2,9:55 PM,3:13,,,MISS Bynum 5' Jump Shot,,,5,101115,Andrew Bynum,1610612747.0,Los Angeles,Lakers,LAL,0,0,,,,,,0,0,,,,,,0
0020600181,200,4,0,2,9:55 PM,3:11,Harpring REBOUND (Off:0 Def:2),,,,,4,1723,Matt Harpring,1610612762.0,Utah,Jazz,UTA,0,0,,,,,,0,0,,,,,,0
0020600181,201,2,63,2,9:55 PM,3:02,MISS Boozer 12' Fadeaway Jumper,,,,,4,2430,Carlos Boozer,1610612762.0,Utah,Jazz,UTA,0,0,,,,,,0,0,,,,,,0
0020600181,202,4,0,2,9:55 PM,3:01,,,Bryant REBOUND (Off:0 Def:3),,,5,977,Kobe Bryant,1610612747.0,Los Angeles,Lakers,LAL,0,0,,,,,,0,0,,,,,,0
0020600181,203,2,1,2,9:55 PM,2:47,D. Williams BLOCK (1 BLK),,MISS Bynum 7' Jump Shot,,,5,101115,Andrew Bynum,1610612747.0,Los Angeles,Lakers,LAL,0,0,,,,,,4,101114,Deron Williams,1610612762.0,Utah,Jazz,UTA,0
0020600181,204,4,0,2,9:55 PM,2:44,Kirilenko REBOUND (Off:0 Def:1),,,,,4,1905,Andrei Kirilenko,1610612762.0,Utah,Jazz,UTA,0,0,,,,,,0,0,,,,,,0
0020600181,205,1,5,2,9:55 PM,2:41,Boozer  Layup (15 PTS) (Harpring 1 AST),,,46 - 44,-2,4,2430,Carlos Boozer,1610612762.0,Utah,Jazz,UTA,4,1723,Matt Harpring,1610612762.0,Utah,Jazz,UTA,0,0,,,,,,0
0020600181,206,6,4,2,9:56 PM,2:21,,,Odom OFF.Foul (P3),,,5,1885,Lamar Odom,1610612747.0,Los Angeles,Lakers,LAL,4,1905,Andrei Kirilenko,1610612762.0,Utah,Jazz,UTA,1,0,,,,,,0
0020600181,207,5,5,2,9:56 PM,2:21,,,Odom Foul Turnover (P2.T5),,,5,1885,Lamar Odom,1610612747.0,Los Angeles,Lakers,LAL,0,0,,,,,,1,0,,,,,,0
0020600181,208,9,1,2,9:56 PM,2:21,,,Lakers Timeout: Regular (Reg.2 Short 0),,,3,1610612747,,,,,,0,0,,,,,,0,0,,,,,,0
0020600181,210,8,0,2,9:58 PM,2:21,,,SUB: Turiaf FOR Odom,,,5,1885,Lamar Odom,1610612747.0,Los Angeles,Lakers,LAL,5,101142,Ronny Turiaf,1610612747.0,Los Angeles,Lakers,LAL,0,0,,,,,,0
0020600181,211,6,1,2,9:58 PM,2:19,,,Parker P.FOUL (P1.T2),,,5,2470,Smush Parker,1610612747.0,Los Angeles,Lakers,LAL,4,2430,Carlos Boozer,1610612762.0,Utah,Jazz,UTA,1,0,,,,,,0
0020600181,212,6,2,2,9:59 PM,2:08,,,Turiaf S.FOUL (P1.T3),,,5,101142,Ronny Turiaf,1610612747.0,Los Angeles,Lakers,LAL,4,2430,Carlos Boozer,1610612762.0,Utah,Jazz,UTA,1,0,,,,,,0
0020600181,213,3,11,2,9:59 PM,2:08,Boozer Free Throw 1 of 2 (16 PTS),,,46 - 45,-1,4,2430,Carlos Boozer,1610612762.0,Utah,Jazz,UTA,0,0,,,,,,0,0,,,,,,0
0020600181,214,8,0,2,9:59 PM,2:08,,,SUB: Vujacic FOR Parker,,,5,2470,Smush Parker,1610612747.0,Los Angeles,Lakers,LAL,5,2756,Sasha Vujacic,1610612747.0,Los Angeles,Lakers,LAL,0,0,,,,,,0
0020600181,215,3,12,2,9:59 PM,2:08,Boozer Free Throw 2 of 2 (17 PTS),,,46 - 46,TIE,4,2430,Carlos Boozer,1610612762.0,Utah,Jazz,UTA,0,0,,,,,,0,0,,,,,,0
0020600181,216,1,65,2,10:00 PM,1:46,,,Bynum 11' Jump Hook Shot (4 PTS),48 - 46,-2,5,101115,Andrew Bynum,1610612747.0,Los Angeles,Lakers,LAL,0,0,,,,,,0,0,,,,,,0
0020600181,217,6,2,2,10:00 PM,1:35,,,Bynum S.FOUL (P2.T4),,,5,101115,Andrew Bynum,1610612747.0,Los Angeles,Lakers,LAL,4,1723,Matt Harpring,1610612762.0,Utah,Jazz,UTA,1,0,,,,,,0
0020600181,218,3,11,2,10:00 PM,1:35,Harpring Free Throw 1 of 2 (7 PTS),,,48 - 47,-1,4,1723,Matt Harpring,1610612762.0,Utah,Jazz,UTA,0,0,,,,,,0,0,,,,,,0
0020600181,219,3,12,2,10:01 PM,1:35,Harpring Free Throw 2 of 2 (8 PTS),,,48 - 48,TIE,4,1723,Matt Harpring,1610612762.0,Utah,Jazz,UTA,0,0,,,,,,0,0,,,,,,0
0020600181,220,2,5,2,10:01 PM,1:13,,,MISS Walton  Layup,,,5,2575,Luke Walton,1610612747.0,Los Angeles,Lakers,LAL,0,0,,,,,,0,0,,,,,,0
0020600181,221,4,0,2,10:01 PM,1:12,D. Williams REBOUND (Off:0 Def:1),,,,,4,101114,Deron Williams,1610612762.0,Utah,Jazz,UTA,0,0,,,,,,0,0,,,,,,0
0020600181,223,6,1,2,10:02 PM,1:08,,,Vujacic P.FOUL (P1.PN),,,5,2756,Sasha Vujacic,1610612747.0,Los Angeles,Lakers,LAL,4,101114,Deron Williams,1610612762.0,Utah,Jazz,UTA,1,0,,,,,,0
0020600181,224,3,11,2,10:02 PM,1:08,MISS D. Williams Free Throw 1 of 2,,,,,4,101114,Deron Williams,1610612762.0,Utah,Jazz,UTA,0,0,,,,,,0,0,,,,,,0
0020600181,225,4,1,2,10:02 PM,1:08,JAZZ Rebound,,,,,2,1610612762,,,,,,0,0,,,,,,0,0,,,,,,0
0020600181,226,8,0,2,10:03 PM,1:08,SUB: Miles FOR Harpring,,,,,4,1723,Matt Harpring,1610612762.0,Utah,Jazz,UTA,4,101139,CJ Miles,1610612762.0,Utah,Jazz,UTA,0,0,,,,,,0
0020600181,227,3,12,2,10:03 PM,1:08,MISS D. Williams Free Throw 2 of 2,,,,,4,101114,Deron Williams,1610612762.0,Utah,Jazz,UTA,0,0,,,,,,0,0,,,,,,0
0020600181,228,4,0,2,10:03 PM,1:07,,,Turiaf REBOUND (Off:0 Def:1),,,5,101142,Ronny Turiaf,1610612747.0,Los Angeles,Lakers,LAL,0,0,,,,,,0,0,,,,,,0
0020600181,229,6,2,2,10:03 PM,0:57,Miles S.FOUL (P1.PN),,,,,4,101139,CJ Miles,1610612762.0,Utah,Jazz,UTA,5,2575,Luke Walton,1610612747.0,Los Angeles,Lakers,LAL,1,0,,,,,,0
0020600181,230,8,0,2,10:03 PM,0:57,SUB: Fisher FOR D. Williams,,,,,4,101114,Deron Williams,1610612762.0,Utah,Jazz,UTA,4,965,Derek Fisher,1610612762.0,Utah,Jazz,UTA,0,0,,,,,,0
0020600181,231,3,11,2,10:03 PM,0:57,,,Walton Free Throw 1 of 2 (8 PTS),49 - 48,-1,5,2575,Luke Walton,1610612747.0,Los Angeles,Lakers,LAL,0,0,,,,,,0,0,,,,,,0
0020600181,232,8,0,2,10:04 PM,0:57,,,SUB: Brown FOR Bynum,,,5,101115,Andrew Bynum,1610612747.0,Los Angeles,Lakers,LAL,5,2198,Kwame Brown,1610612747.0,Los Angeles,Lakers,LAL,0,0,,,,,,0
0020600181,233,3,12,2,10:04 PM,0:57,,,Walton Free Throw 2 of 2 (9 PTS),50 - 48,-2,5,2575,Luke Walton,1610612747.0,Los Angeles,Lakers,LAL,0,0,,,,,,0,0,,,,,,0
0020600181,234,6,1,2,10:04 PM,0:49,,,Vujacic P.FOUL (P2.PN),,,5,2756,Sasha Vujacic,1610612747.0,Los Angeles,Lakers,LAL,4,965,Derek Fisher,1610612762.0,Utah,Jazz,UTA,1,0,,,,,,0
0020600181,235,3,11,2,10:04 PM,0:49,Fisher Free Throw 1 of 2 (3 PTS),,,50 - 49,-1,4,965,Derek Fisher,1610612762.0,Utah,Jazz,UTA,0,0,,,,,,0,0,,,,,,0
0020600181,236,3,12,2,10:05 PM,0:49,Fisher Free Throw 2 of 2 (4 PTS),,,50 - 50,TIE,4,965,Derek Fisher,1610612762.0,Utah,Jazz,UTA,0,0,,,,,,0,0,,,,,,0
0020600181,237,10,0,2,10:05 PM,0:35,Jump Ball Fisher vs. Bryant: Tip to,,,,,4,965,Derek Fisher,1610612762.0,Utah,Jazz,UTA,5,977,Kobe Bryant,1610612747.0,Los Angeles,Lakers,LAL,3,1610612747,,,,,,0
0020600181,238,7,4,2,10:05 PM,0:35,Kirilenko Violation:Jump Ball,,,,,4,1905,Andrei Kirilenko,1610612762.0,Utah,Jazz,UTA,0,0,,,,,,1,0,,,,,,0
0020600181,240,1,1,2,10:06 PM,0:28,,,Vujacic  3PT Jump Shot (5 PTS) (Walton 2 AST),53 - 50,-3,5,2756,Sasha Vujacic,1610612747.0,Los Angeles,Lakers,LAL,5,2575,Luke Walton,1610612747.0,Los Angeles,Lakers,LAL,0,0,,,,,,0
0020600181,241,5,41,2,10:07 PM,0:08,Miles Poss Lost Ball Turnover (P1.T8),,,,,4,101139,CJ Miles,1610612762.0,Utah,Jazz,UTA,0,0,,,,,,0,0,,,,,,0
0020600181,242,8,0,2,10:07 PM,0:08,,,SUB: Radmanovic FOR Brown,,,5,2198,Kwame Brown,1610612747.0,Los Angeles,Lakers,LAL,5,2209,Vladimir Radmanovic,1610612747.0,Los Angeles,Lakers,LAL,0,0,,,,,,0
0020600181,243,2,1,2,10:07 PM,0:00,,,MISS Radmanovic  3PT Jump Shot,,,5,2209,Vladimir Radmanovic,1610612747.0,Los Angeles,Lakers,LAL,0,0,,,,,,0,0,,,,,,0
0020600181,244,4,0,2,10:07 PM,0:00,,,Lakers Rebound,,,3,1610612747,,,,,,0,0,,,,,,0,0,,,,,,0
0020600181,246,13,0,2,10:07 PM,0:00,,,,53 - 50,-3,0,0,,,,,,0,0,,,,,,0,0,,,,,,0
0020600181,247,12,0,3,10:23 PM,12:00,,,,53 - 50,-3,0,0,,,,,,0,0,,,,,,0,0,,,,,,0
0020600181,248,1,1,3,10:24 PM,11:40,Boozer 14' Jump Shot (19 PTS) (D. Williams 5 AST),,,53 - 52,-1,4,2430,Carlos Boozer,1610612762.0,Utah,Jazz,UTA,4,101114,Deron Williams,1610612762.0,Utah,Jazz,UTA,0,0,,,,,,0
0020600181,249,6,2,3,10:24 PM,11:21,Brewer S.FOUL (P1.T1),,,,,4,200758,Ronnie Brewer,1610612762.0,Utah,Jazz,UTA,5,977,Kobe Bryant,1610612747.0,Los Angeles,Lakers,LAL,1,0,,,,,,0
0020600181,250,3,11,3,10:25 PM,11:21,,,MISS Bryant Free Throw 1 of 2,,,5,977,Kobe Bryant,1610612747.0,Los Angeles,Lakers,LAL,0,0,,,,,,0,0,,,,,,0
0020600181,251,4,1,3,10:25 PM,11:21,,,Lakers Rebound,,,3,1610612747,,,,,,0,0,,,,,,0,0,,,,,,0
0020600181,252,3,12,3,10:25 PM,11:21,,,Bryant Free Throw 2 of 2 (18 PTS),54 - 52,-2,5,977,Kobe Bryant,1610612747.0,Los Angeles,Lakers,LAL,0,0,,,,,,0,0,,,,,,0
0020600181,253,2,42,3,10:25 PM,11:07,MISS Boozer  Driving Layup,,,,,4,2430,Carlos Boozer,1610612762.0,Utah,Jazz,UTA,0,0,,,,,,0,0,,,,,,0
0020600181,255,4,0,3,10:25 PM,11:06,Brewer REBOUND (Off:1 Def:2),,,,,4,200758,Ronnie Brewer,1610612762.0,Utah,Jazz,UTA,0,0,,,,,,0,0,,,,,,0
0020600181,254,1,64,3,10:25 PM,11:06,Brewer  Follow Up Dunk (5 PTS),,,54 - 54,TIE,4,200758,Ronnie Brewer,1610612762.0,Utah,Jazz,UTA,0,0,,,,,,0,0,,,,,,0
0020600181,256,2,1,3,10:26 PM,10:50,,,MISS Walton 17' Jump Shot,,,5,2575,Luke Walton,1610612747.0,Los Angeles,Lakers,LAL,0,0,,,,,,0,0,,,,,,0
0020600181,257,4,0,3,10:26 PM,10:47,D. Williams REBOUND (Off:0 Def:2),,,,,4,101114,Deron Williams,1610612762.0,Utah,Jazz,UTA,0,0,,,,,,0,0,,,,,,0
0020600181,258,6,1,3,10:26 PM,10:39,,,Walton P.FOUL (P3.T1),,,5,2575,Luke Walton,1610612747.0,Los Angeles,Lakers,LAL,4,2246,Mehmet Okur,1610612762.0,Utah,Jazz,UTA,1,0,,,,,,0
0020600181,259,2,1,3,10:26 PM,10:28,MISS D. Williams 22' Jump Shot,,,,,4,101114,Deron Williams,1610612762.0,Utah,Jazz,UTA,0,0,,,,,,0,0,,,,,,0
0020600181,260,4,0,3,10:26 PM,10:26,,,Bynum REBOUND (Off:0 Def:2),,,5,101115,Andrew Bynum,1610612747.0,Los Angeles,Lakers,LAL,0,0,,,,,,0,0,,,,,,0
0020600181,261,1,42,3,10:26 PM,10:19,,,Bryant  Driving Layup (20 PTS),56 - 54,-2,5,977,Kobe Bryant,1610612747.0,Los Angeles,Lakers,LAL,0,0,,,,,,0,0,,,,,,0
0020600181,262,2,1,3,10:27 PM,10:03,MISS Okur 24' 3PT Jump Shot,,,,,4,2246,Mehmet Okur,1610612762.0,Utah,Jazz,UTA,0,0,,,,,,0,0,,,,,,0
0020600181,264,4,0,3,10:27 PM,10:01,Boozer REBOUND (Off:3 Def:5),,,,,4,2430,Carlos Boozer,1610612762.0,Utah,Jazz,UTA,0,0,,,,,,0,0,,,,,,0
0020600181,263,1,5,3,10:27 PM,10:01,Boozer  Layup (21 PTS),,,56 - 56,TIE,4,2430,Carlos Boozer,1610612762.0,Utah,Jazz,UTA,0,0,,,,,,0,0,,,,,,0
0020600181,265,6,2,3,10:27 PM,9:50,Kirilenko S.FOUL (P2.T2),,,,,4,1905,Andrei Kirilenko,1610612762.0,Utah,Jazz,UTA,5,1885,Lamar Odom,1610612747.0,Los Angeles,Lakers,LAL,1,0,,,,,,0
0020600181,266,3,11,3,10:27 PM,9:50,,,Odom Free Throw 1 of 2 (8 PTS),57 - 56,-1,5,1885,Lamar Odom,1610612747.0,Los Angeles,Lakers,LAL,0,0,,,,,,0,0,,,,,,0
0020600181,267,3,12,3,10:27 PM,9:50,,,Odom Free Throw 2 of 2 (9 PTS),58 - 56,-2,5,1885,Lamar Odom,1610612747.0,Los Angeles,Lakers,LAL,0,0,,,,,,0,0,,,,,,0
0020600181,268,1,1,3,10:28 PM,9:32,Okur 24' 3PT Jump Shot (9 PTS) (Brewer 1 AST),,,58 - 59,1,4,2246,Mehmet Okur,1610612762.0,Utah,Jazz,UTA,4,200758,Ronnie Brewer,1610612762.0,Utah,Jazz,UTA,0,0,,,,,,0
0020600181,269,2,5,3,10:28 PM,9:14,Kirilenko BLOCK (4 BLK),,MISS Bynum  Layup,,,5,101115,Andrew Bynum,1610612747.0,Los Angeles,Lakers,LAL,0,0,,,,,,4,1905,Andrei Kirilenko,1610612762.0,Utah,Jazz,UTA,0
0020600181,270,4,0,3,10:28 PM,9:11,Brewer REBOUND (Off:1 Def:3),,,,,4,200758,Ronnie Brewer,1610612762.0,Utah,Jazz,UTA,0,0,,,,,,0,0,,,,,,0
0020600181,271,2,5,3,10:28 PM,9:06,MISS Boozer  Layup,,,,,4,2430,Carlos Boozer,1610612762.0,Utah,Jazz,UTA,0,0,,,,,,0,0,,,,,,0
0020600181,272,4,0,3,10:28 PM,9:05,,,Bryant REBOUND (Off:0 Def:4),,,5,977,Kobe Bryant,1610612747.0,Los Angeles,Lakers,LAL,0,0,,,,,,0,0,,,,,,0
0020600181,273,6,1,3,10:29 PM,8:59,Brewer P.FOUL (P2.T3),,,,,4,200758,Ronnie Brewer,1610612762.0,Utah,Jazz,UTA,5,977,Kobe Bryant,1610612747.0,Los Angeles,Lakers,LAL,1,0,,,,,,0
0020600181,274,8,0,3,10:29 PM,8:59,,,SUB: Brown FOR Bynum,,,5,101115,Andrew Bynum,1610612747.0,Los Angeles,Lakers,LAL,5,2198,Kwame Brown,1610612747.0,Los Angeles,Lakers,LAL,0,0,,,,,,0
0020600181,275,1,1,3,10:29 PM,8:45,,,Bryant  3PT Jump Shot (23 PTS),61 - 59,-2,5,977,Kobe Bryant,1610612747.0,Los Angeles,Lakers,LAL,0,0,,,,,,0,0,,,,,,0
0020600181,276,1,1,3,10:29 PM,8:28,Okur 9' Jump Shot (11 PTS) (D. Williams 6 AST),,,61 - 61,TIE,4,2246,Mehmet Okur,1610612762.0,Utah,Jazz,UTA,4,101114,Deron Williams,1610612762.0,Utah,Jazz,UTA,0,0,,,,,,0
0020600181,277,1,1,3,10:30 PM,8:15,,,Parker 17' Jump Shot (4 PTS),63 - 61,-2,5,2470,Smush Parker,1610612747.0,Los Angeles,Lakers,LAL,0,0,,,,,,0,0,,,,,,0
0020600181,278,6,1,3,10:30 PM,8:00,,,Brown P.FOUL (P1.T2),,,5,2198,Kwame Brown,1610612747.0,Los Angeles,Lakers,LAL,4,200758,Ronnie Brewer,1610612762.0,Utah,Jazz,UTA,1,0,,,,,,0
0020600181,279,10,0,3,10:31 PM,7:48,Jump Ball Kirilenko vs. Odom: Tip to Bryant,,,,,4,1905,Andrei Kirilenko,1610612762.0,Utah,Jazz,UTA,5,1885,Lamar Odom,1610612747.0,Los Angeles,Lakers,LAL,5,977,Kobe Bryant,1610612747.0,Los Angeles,Lakers,LAL,0
0020600181,280,5,2,3,10:31 PM,7:48,Kirilenko Lost Ball Turnover (P2.T9),,Odom STEAL (1 STL),,,4,1905,Andrei Kirilenko,1610612762.0,Utah,Jazz,UTA,5,1885,Lamar Odom,1610612747.0,Los Angeles,Lakers,LAL,0,0,,,,,,0
0020600181,281,2,1,3,10:31 PM,7:31,Kirilenko BLOCK (5 BLK),,MISS Odom 9' Jump Shot,,,5,1885,Lamar Odom,1610612747.0,Los Angeles,Lakers,LAL,0,0,,,,,,4,1905,Andrei Kirilenko,1610612762.0,Utah,Jazz,UTA,0
0020600181,282,4,0,3,10:31 PM,7:29,,,Odom REBOUND (Off:1 Def:3),,,5,1885,Lamar Odom,1610612747.0,Los Angeles,Lakers,LAL,0,0,,,,,,0,0,,,,,,0
0020600181,283,2,1,3,10:32 PM,7:24,,,MISS Bryant 21' Jump Shot,,,5,977,Kobe Bryant,1610612747.0,Los Angeles,Lakers,LAL,0,0,,,,,,0,0,,,,,,0
0020600181,284,4,0,3,10:32 PM,7:22,Okur REBOUND (Off:4 Def:4),,,,,4,2246,Mehmet Okur,1610612762.0,Utah,Jazz,UTA,0,0,,,,,,0,0,,,,,,0
0020600181,285,1,8,3,10:32 PM,7:20,Brewer  Slam Dunk (7 PTS) (D. Williams 7 AST),,,63 - 63,TIE,4,200758,Ronnie Brewer,1610612762.0,Utah,Jazz,UTA,4,101114,Deron Williams,1610612762.0,Utah,Jazz,UTA,0,0,,,,,,0
0020600181,286,5,4,3,10:32 PM,7:04,,,Parker Traveling Turnover (P1.T6),,,5,2470,Smush Parker,1610612747.0,Los Angeles,Lakers,LAL,0,0,,,,,,1,0,,,,,,0
0020600181,287,2,1,3,10:33 PM,6:46,MISS Boozer 12' Jump Shot,,,,,4,2430,Carlos Boozer,1610612762.0,Utah,Jazz,UTA,0,0,,,,,,0,0,,,,,,0
0020600181,288,4,0,3,10:33 PM,6:44,,,Bryant REBOUND (Off:0 Def:5),,,5,977,Kobe Bryant,1610612747.0,Los Angeles,Lakers,LAL,0,0,,,,,,0,0,,,,,,0
0020600181,289,7,5,3,10:33 PM,6:41,Okur Violation:Kicked Ball,,,,,4,2246,Mehmet Okur,1610612762.0,Utah,Jazz,UTA,0,0,,,,,,1,0,,,,,,0
0020600181,290,1,1,3,10:33 PM,6:24,,,Parker 25' 3PT Jump Shot (7 PTS) (Odom 1 AST),66 - 63,-3,5,2470,Smush Parker,1610612747.0,Los Angeles,Lakers,LAL,5,1885,Lamar Odom,1610612747.0,Los Angeles,Lakers,LAL,0,0,,,,,,0
0020600181,291,1,1,3,10:33 PM,6:11,D. Williams 21' Jump Shot (4 PTS),,,66 - 65,-1,4,101114,Deron Williams,1610612762.0,Utah,Jazz,UTA,0,0,,,,,,0,0,,,,,,0
0020600181,292,6,2,3,10:34 PM,5:56,Kirilenko S.FOUL (P3.T4),,,,,4,1905,Andrei Kirilenko,1610612762.0,Utah,Jazz,UTA,5,1885,Lamar Odom,1610612747.0,Los Angeles,Lakers,LAL,1,0,,,,,,0
0020600181,293,9,1,3,10:34 PM,5:56,JAZZ Timeout: Regular (Full 3 Short 0),,,,,2,1610612762,,,,,,0,0,,,,,,0,0,,,,,,0
0020600181,295,8,0,3,10:36 PM,5:56,SUB: Harpring FOR Kirilenko,,,,,4,1905,Andrei Kirilenko,1610612762.0,Utah,Jazz,UTA,4,1723,Matt Harpring,1610612762.0,Utah,Jazz,UTA,0,0,,,,,,0
0020600181,296,3,11,3,10:36 PM,5:56,,,Odom Free Throw 1 of 2 (10 PTS),67 - 65,-2,5,1885,Lamar Odom,1610612747.0,Los Angeles,Lakers,LAL,0,0,,,,,,0,0,,,,,,0
0020600181,297,3,12,3,10:36 PM,5:56,,,Odom Free Throw 2 of 2 (11 PTS),68 - 65,-3,5,1885,Lamar Odom,1610612747.0,Los Angeles,Lakers,LAL,0,0,,,,,,0,0,,,,,,0
0020600181,298,6,1,3,10:37 PM,5:45,,,Parker P.FOUL (P2.T3),,,5,2470,Smush Parker,1610612747.0,Los Angeles,Lakers,LAL,4,101114,Deron Williams,1610612762.0,Utah,Jazz,UTA,1,0,,,,,,0
0020600181,299,6,1,3,10:37 PM,5:43,,,Walton P.FOUL (P4.T4),,,5,2575,Luke Walton,1610612747.0,Los Angeles,Lakers,LAL,4,1723,Matt Harpring,1610612762.0,Utah,Jazz,UTA,1,0,,,,,,0
0020600181,300,8,0,3,10:37 PM,5:43,,,SUB: Radmanovic FOR Walton,,,5,2575,Luke Walton,1610612747.0,Los Angeles,Lakers,LAL,5,2209,Vladimir Radmanovic,1610612747.0,Los Angeles,Lakers,LAL,0,0,,,,,,0
0020600181,301,6,4,3,10:38 PM,5:32,Harpring OFF.Foul (P3),,,,,4,1723,Matt Harpring,1610612762.0,Utah,Jazz,UTA,5,2470,Smush Parker,1610612747.0,Los Angeles,Lakers,LAL,1,0,,,,,,0
0020600181,302,5,5,3,10:38 PM,5:32,Harpring Foul Turnover (P1.T10),,,,,4,1723,Matt Harpring,1610612762.0,Utah,Jazz,UTA,0,0,,,,,,1,0,,,,,,0
0020600181,303,1,65,3,10:38 PM,5:17,,,Odom 6' Jump Hook Shot (13 PTS) (Parker 4 AST),70 - 65,-5,5,1885,Lamar Odom,1610612747.0,Los Angeles,Lakers,LAL,5,2470,Smush Parker,1610612747.0,Los Angeles,Lakers,LAL,0,0,,,,,,0
0020600181,304,5,1,3,10:39 PM,4:57,D. Williams Bad Pass Turnover (P2.T11),,Bryant STEAL (1 STL),,,4,101114,Deron Williams,1610612762.0,Utah,Jazz,UTA,5,977,Kobe Bryant,1610612747.0,Los Angeles,Lakers,LAL,0,0,,,,,,0
0020600181,305,6,1,3,10:39 PM,4:51,Brewer P.FOUL (P3.PN),,,,,4,200758,Ronnie Brewer,1610612762.0,Utah,Jazz,UTA,5,977,Kobe Bryant,1610612747.0,Los Angeles,Lakers,LAL,1,0,,,,,,0
0020600181,306,8,0,3,10:39 PM,4:51,SUB: Fisher FOR D. Williams,,,,,4,101114,Deron Williams,1610612762.0,Utah,Jazz,UTA,4,965,Derek Fisher,1610612762.0,Utah,Jazz,UTA,0,0,,,,,,0
0020600181,307,3,11,3,10:39 PM,4:51,,,Bryant Free Throw 1 of 2 (24 PTS),71 - 65,-6,5,977,Kobe Bryant,1610612747.0,Los Angeles,Lakers,LAL,0,0,,,,,,0,0,,,,,,0
0020600181,308,8,0,3,10:39 PM,4:51,SUB: Giricek FOR Brewer,,,,,4,200758,Ronnie Brewer,1610612762.0,Utah,Jazz,UTA,4,1921,Gordan Giricek,1610612762.0,Utah,Jazz,UTA,0,0,,,,,,0
0020600181,309,3,12,3,10:39 PM,4:51,,,Bryant Free Throw 2 of 2 (25 PTS),72 - 65,-7,5,977,Kobe Bryant,1610612747.0,Los Angeles,Lakers,LAL,0,0,,,,,,0,0,,,,,,0
0020600181,310,1,1,3,10:40 PM,4:36,Harpring 18' Jump Shot (10 PTS) (Fisher 3 AST),,,72 - 67,-5,4,1723,Matt Harpring,1610612762.0,Utah,Jazz,UTA,4,965,Derek Fisher,1610612762.0,Utah,Jazz,UTA,0,0,,,,,,0
0020600181,311,5,2,3,10:40 PM,4:21,Fisher STEAL (1 STL),,Radmanovic Lost Ball Turnover (P2.T7),,,5,2209,Vladimir Radmanovic,1610612747.0,Los Angeles,Lakers,LAL,4,965,Derek Fisher,1610612762.0,Utah,Jazz,UTA,0,0,,,,,,0
0020600181,312,2,1,3,10:40 PM,4:13,MISS Boozer 5' Jump Shot,,Brown BLOCK (3 BLK),,,4,2430,Carlos Boozer,1610612762.0,Utah,Jazz,UTA,0,0,,,,,,5,2198,Kwame Brown,1610612747.0,Los Angeles,Lakers,LAL,0
0020600181,313,4,0,3,10:40 PM,4:09,,,Radmanovic REBOUND (Off:0 Def:3),,,5,2209,Vladimir Radmanovic,1610612747.0,Los Angeles,Lakers,LAL,0,0,,,,,,0,0,,,,,,0
0020600181,314,2,1,3,10:40 PM,3:55,Okur BLOCK (2 BLK),,MISS Brown 7' Jump Shot,,,5,2198,Kwame Brown,1610612747.0,Los Angeles,Lakers,LAL,0,0,,,,,,4,2246,Mehmet Okur,1610612762.0,Utah,Jazz,UTA,0
0020600181,315,4,0,3,10:41 PM,3:53,Okur REBOUND (Off:4 Def:5),,,,,4,2246,Mehmet Okur,1610612762.0,Utah,Jazz,UTA,0,0,,,,,,0,0,,,,,,0
0020600181,316,6,1,3,10:41 PM,3:50,,,Parker P.FOUL (P3.PN),,,5,2470,Smush Parker,1610612747.0,Los Angeles,Lakers,LAL,4,965,Derek Fisher,1610612762.0,Utah,Jazz,UTA,1,0,,,,,,0
0020600181,317,3,11,3,10:41 PM,3:50,Fisher Free Throw 1 of 2 (5 PTS),,,72 - 68,-4,4,965,Derek Fisher,1610612762.0,Utah,Jazz,UTA,0,0,,,,,,0,0,,,,,,0
0020600181,318,3,12,3,10:41 PM,3:50,Fisher Free Throw 2 of 2 (6 PTS),,,72 - 69,-3,4,965,Derek Fisher,1610612762.0,Utah,Jazz,UTA,0,0,,,,,,0,0,,,,,,0
0020600181,319,1,42,3,10:42 PM,3:41,,,Radmanovic  Driving Layup (2 PTS) (Brown 2 AST),74 - 69,-5,5,2209,Vladimir Radmanovic,1610612747.0,Los Angeles,Lakers,LAL,5,2198,Kwame Brown,1610612747.0,Los Angeles,Lakers,LAL,0,0,,,,,,0
0020600181,320,6,2,3,10:42 PM,3:41,Boozer S.FOUL (P2.PN),,,,,4,2430,Carlos Boozer,1610612762.0,Utah,Jazz,UTA,5,2209,Vladimir Radmanovic,1610612747.0,Los Angeles,Lakers,LAL,1,0,,,,,,0
0020600181,321,8,0,3,10:42 PM,3:41,SUB: Collins FOR Okur,,,,,4,2246,Mehmet Okur,1610612762.0,Utah,Jazz,UTA,4,2260,Jarron Collins,1610612762.0,Utah,Jazz,UTA,0,0,,,,,,0
0020600181,322,3,10,3,10:42 PM,3:41,,,Radmanovic Free Throw 1 of 1 (3 PTS),75 - 69,-6,5,2209,Vladimir Radmanovic,1610612747.0,Los Angeles,Lakers,LAL,0,0,,,,,,0,0,,,,,,0
0020600181,323,6,1,3,10:43 PM,3:32,,,Bryant P.FOUL (P1.PN),,,5,977,Kobe Bryant,1610612747.0,Los Angeles,Lakers,LAL,4,1921,Gordan Giricek,1610612762.0,Utah,Jazz,UTA,1,0,,,,,,0
0020600181,324,3,11,3,10:43 PM,3:32,Giricek Free Throw 1 of 2 (5 PTS),,,75 - 70,-5,4,1921,Gordan Giricek,1610612762.0,Utah,Jazz,UTA,0,0,,,,,,0,0,,,,,,0
0020600181,326,6,11,3,10:43 PM,3:32,,,,,,7,1272,,,,,,0,0,,,,,,1,0,,,,,,0
0020600181,327,3,16,3,10:43 PM,3:32,Giricek Free Throw Technical (6 PTS),,,75 - 71,-4,4,1921,Gordan Giricek,1610612762.0,Utah,Jazz,UTA,0,0,,,,,,0,0,,,,,,0
0020600181,328,8,0,3,10:44 PM,3:32,SUB: Millsap FOR Boozer,,,,,4,2430,Carlos Boozer,1610612762.0,Utah,Jazz,UTA,4,200794,Paul Millsap,1610612762.0,Utah,Jazz,UTA,0,0,,,,,,0
0020600181,329,3,12,3,10:44 PM,3:32,Giricek Free Throw 2 of 2 (7 PTS),,,75 - 72,-3,4,1921,Gordan Giricek,1610612762.0,Utah,Jazz,UTA,0,0,,,,,,0,0,,,,,,0
0020600181,330,1,1,3,10:44 PM,3:08,,,Odom 24' 3PT Jump Shot (16 PTS),78 - 72,-6,5,1885,Lamar Odom,1610612747.0,Los Angeles,Lakers,LAL,0,0,,,,,,0,0,,,,,,0
0020600181,331,1,1,3,10:44 PM,2:48,Giricek 25' 3PT Jump Shot (10 PTS) (Fisher 4 AST),,,78 - 75,-3,4,1921,Gordan Giricek,1610612762.0,Utah,Jazz,UTA,4,965,Derek Fisher,1610612762.0,Utah,Jazz,UTA,0,0,,,,,,0
0020600181,332,9,1,3,10:45 PM,2:35,,,Lakers Timeout: Regular (Reg.3 Short 0),,,3,1610612747,,,,,,0,0,,,,,,0,0,,,,,,0
0020600181,334,8,0,3,10:47 PM,2:35,,,SUB: Vujacic FOR Bryant,,,5,977,Kobe Bryant,1610612747.0,Los Angeles,Lakers,LAL,5,2756,Sasha Vujacic,1610612747.0,Los Angeles,Lakers,LAL,0,0,,,,,,0
0020600181,335,8,0,3,10:47 PM,2:35,,,SUB: Evans FOR Parker,,,5,2470,Smush Parker,1610612747.0,Los Angeles,Lakers,LAL,5,2230,Maurice Evans,1610612747.0,Los Angeles,Lakers,LAL,0,0,,,,,,0
0020600181,336,1,1,3,10:47 PM,2:23,,,Vujacic 24' 3PT Jump Shot (8 PTS) (Odom 2 AST),81 - 75,-6,5,2756,Sasha Vujacic,1610612747.0,Los Angeles,Lakers,LAL,5,1885,Lamar Odom,1610612747.0,Los Angeles,Lakers,LAL,0,0,,,,,,0
0020600181,337,1,46,3,10:48 PM,1:58,Fisher 7' Running Jump Shot (8 PTS),,,81 - 77,-4,4,965,Derek Fisher,1610612762.0,Utah,Jazz,UTA,0,0,,,,,,0,0,,,,,,0
0020600181,338,5,39,3,10:48 PM,1:40,,,Vujacic Step Out of Bounds Turnover (P2.T8),,,5,2756,Sasha Vujacic,1610612747.0,Los Angeles,Lakers,LAL,0,0,,,,,,1,0,,,,,,0
0020600181,339,5,11,3,10:49 PM,1:16,JAZZ Turnover: Shot Clock (T#12),,,,,2,1610612762,,,,,,0,0,,,,,,1,0,,,,,,0
0020600181,340,6,1,3,10:49 PM,1:09,Millsap P.FOUL (P2.PN),,,,,4,200794,Paul Millsap,1610612762.0,Utah,Jazz,UTA,5,1885,Lamar Odom,1610612747.0,Los Angeles,Lakers,LAL,1,0,,,,,,0
0020600181,341,3,11,3,10:49 PM,1:09,,,Odom Free Throw 1 of 2 (17 PTS),82 - 77,-5,5,1885,Lamar Odom,1610612747.0,Los Angeles,Lakers,LAL,0,0,,,,,,0,0,,,,,,0
0020600181,343,6,11,3,10:50 PM,1:09,,,,,,6,1345,,,,,,0,0,,,,,,1,0,,,,,,0
0020600181,344,3,16,3,10:50 PM,1:09,,,Odom Free Throw Technical (18 PTS),83 - 77,-6,5,1885,Lamar Odom,1610612747.0,Los Angeles,Lakers,LAL,0,0,,,,,,0,0,,,,,,0
0020600181,345,3,12,3,10:50 PM,1:09,,,MISS Odom Free Throw 2 of 2,,,5,1885,Lamar Odom,1610612747.0,Los Angeles,Lakers,LAL,0,0,,,,,,0,0,,,,,,0
0020600181,346,4,0,3,10:51 PM,1:07,Harpring REBOUND (Off:0 Def:3),,,,,4,1723,Matt Harpring,1610612762.0,Utah,Jazz,UTA,0,0,,,,,,0,0,,,,,,0
0020600181,347,2,1,3,10:51 PM,0:51,MISS Harpring 20' Jump Shot,,,,,4,1723,Matt Harpring,1610612762.0,Utah,Jazz,UTA,0,0,,,,,,0,0,,,,,,0
0020600181,348,4,0,3,10:51 PM,0:49,,,Vujacic REBOUND (Off:0 Def:1),,,5,2756,Sasha Vujacic,1610612747.0,Los Angeles,Lakers,LAL,0,0,,,,,,0,0,,,,,,0
0020600181,349,2,1,3,10:51 PM,0:39,,,MISS Brown 5' Jump Shot,,,5,2198,Kwame Brown,1610612747.0,Los Angeles,Lakers,LAL,0,0,,,,,,0,0,,,,,,0
0020600181,350,4,0,3,10:51 PM,0:39,,,Lakers Rebound,,,3,1610612747,,,,,,0,0,,,,,,0,0,,,,,,0
0020600181,351,6,2,3,10:51 PM,0:30,Millsap S.FOUL (P3.PN),,,,,4,200794,Paul Millsap,1610612762.0,Utah,Jazz,UTA,5,1885,Lamar Odom,1610612747.0,Los Angeles,Lakers,LAL,1,0,,,,,,0
0020600181,352,3,11,3,10:52 PM,0:30,,,Odom Free Throw 1 of 2 (19 PTS),84 - 77,-7,5,1885,Lamar Odom,1610612747.0,Los Angeles,Lakers,LAL,0,0,,,,,,0,0,,,,,,0
0020600181,353,3,12,3,10:52 PM,0:30,,,Odom Free Throw 2 of 2 (20 PTS),85 - 77,-8,5,1885,Lamar Odom,1610612747.0,Los Angeles,Lakers,LAL,0,0,,,,,,0,0,,,,,,0
0020600181,354,6,1,3,10:52 PM,0:25,,,Radmanovic P.FOUL (P2.PN),,,5,2209,Vladimir Radmanovic,1610612747.0,Los Angeles,Lakers,LAL,4,1921,Gordan Giricek,1610612762.0,Utah,Jazz,UTA,1,0,,,,,,0
0020600181,355,3,11,3,10:53 PM,0:25,Giricek Free Throw 1 of 2 (11 PTS),,,85 - 78,-7,4,1921,Gordan Giricek,1610612762.0,Utah,Jazz,UTA,0,0,,,,,,0,0,,,,,,0
0020600181,357,8,0,3,10:53 PM,0:25,,,SUB: Bryant FOR Brown,,,5,2198,Kwame Brown,1610612747.0,Los Angeles,Lakers,LAL,5,977,Kobe Bryant,1610612747.0,Los Angeles,Lakers,LAL,0,0,,,,,,0
0020600181,358,3,12,3,10:53 PM,0:25,Giricek Free Throw 2 of 2 (12 PTS),,,85 - 79,-6,4,1921,Gordan Giricek,1610612762.0,Utah,Jazz,UTA,0,0,,,,,,0,0,,,,,,0
0020600181,359,1,1,3,10:53 PM,0:04,,,Evans 24' 3PT Jump Shot (5 PTS) (Bryant 2 AST),88 - 79,-9,5,2230,Maurice Evans,1610612747.0,Los Angeles,Lakers,LAL,5,977,Kobe Bryant,1610612747.0,Los Angeles,Lakers,LAL,0,0,,,,,,0
0020600181,360,1,1,3,10:54 PM,0:00,Fisher 29' 3PT Jump Shot (11 PTS),,,88 - 82,-6,4,965,Derek Fisher,1610612762.0,Utah,Jazz,UTA,0,0,,,,,,0,0,,,,,,0
0020600181,362,18,0,3,10:54 PM,0:00,,,,88 - 82,-6,0,0,,,,,,0,0,,,,,,1,0,,,,,,0
0020600181,363,13,0,3,10:54 PM,0:00,,,,88 - 82,-6,0,0,,,,,,0,0,,,,,,0,0,,,,,,0
0020600181,365,12,0,4,10:57 PM,12:00,,,,88 - 82,-6,0,0,,,,,,0,0,,,,,,0,0,,,,,,0
0020600181,366,6,2,4,10:57 PM,11:49,Giricek S.FOUL (P2.T1),,,,,4,1921,Gordan Giricek,1610612762.0,Utah,Jazz,UTA,5,977,Kobe Bryant,1610612747.0,Los Angeles,Lakers,LAL,1,0,,,,,,0
0020600181,367,3,11,4,10:57 PM,11:49,,,Bryant Free Throw 1 of 2 (26 PTS),89 - 82,-7,5,977,Kobe Bryant,1610612747.0,Los Angeles,Lakers,LAL,0,0,,,,,,0,0,,,,,,0
0020600181,368,3,12,4,10:57 PM,11:49,,,MISS Bryant Free Throw 2 of 2,,,5,977,Kobe Bryant,1610612747.0,Los Angeles,Lakers,LAL,0,0,,,,,,0,0,,,,,,0
0020600181,369,4,0,4,10:58 PM,11:47,Boozer REBOUND (Off:3 Def:6),,,,,4,2430,Carlos Boozer,1610612762.0,Utah,Jazz,UTA,0,0,,,,,,0,0,,,,,,0
0020600181,371,6,1,4,10:58 PM,11:36,,,Vujacic P.FOUL (P3.T1),,,5,2756,Sasha Vujacic,1610612747.0,Los Angeles,Lakers,LAL,4,965,Derek Fisher,1610612762.0,Utah,Jazz,UTA,1,0,,,,,,0
0020600181,372,2,1,4,10:58 PM,11:28,MISS Giricek 20' Jump Shot,,,,,4,1921,Gordan Giricek,1610612762.0,Utah,Jazz,UTA,0,0,,,,,,0,0,,,,,,0
0020600181,373,4,0,4,10:58 PM,11:28,,,Lakers Rebound,,,3,1610612747,,,,,,0,0,,,,,,0,0,,,,,,0
0020600181,374,2,1,4,10:59 PM,11:13,,,MISS Bryant 20' Jump Shot,,,5,977,Kobe Bryant,1610612747.0,Los Angeles,Lakers,LAL,0,0,,,,,,0,0,,,,,,0
0020600181,375,4,0,4,10:59 PM,11:11,Boozer REBOUND (Off:3 Def:7),,,,,4,2430,Carlos Boozer,1610612762.0,Utah,Jazz,UTA,0,0,,,,,,0,0,,,,,,0
0020600181,376,1,5,4,10:59 PM,11:02,Boozer  Layup (23 PTS) (Harpring 2 AST),,,89 - 84,-5,4,2430,Carlos Boozer,1610612762.0,Utah,Jazz,UTA,4,1723,Matt Harpring,1610612762.0,Utah,Jazz,UTA,0,0,,,,,,0
0020600181,377,2,1,4,10:59 PM,10:45,,,MISS Radmanovic  3PT Jump Shot,,,5,2209,Vladimir Radmanovic,1610612747.0,Los Angeles,Lakers,LAL,0,0,,,,,,0,0,,,,,,0
0020600181,378,4,0,4,10:59 PM,10:44,Boozer REBOUND (Off:3 Def:8),,,,,4,2430,Carlos Boozer,1610612762.0,Utah,Jazz,UTA,0,0,,,,,,0,0,,,,,,0
0020600181,379,1,42,4,10:59 PM,10:39,Fisher  Driving Layup (13 PTS),,,89 - 86,-3,4,965,Derek Fisher,1610612762.0,Utah,Jazz,UTA,0,0,,,,,,0,0,,,,,,0
0020600181,380,9,1,4,11:00 PM,10:37,,,Lakers Timeout: Regular (Reg.4 Short 0),,,3,1610612747,,,,,,0,0,,,,,,0,0,,,,,,0
0020600181,382,8,0,4,11:00 PM,10:37,SUB: D. Williams FOR Fisher,,,,,4,965,Derek Fisher,1610612762.0,Utah,Jazz,UTA,4,101114,Deron Williams,1610612762.0,Utah,Jazz,UTA,0,0,,,,,,0
0020600181,383,8,0,4,11:01 PM,10:37,,,SUB: Parker FOR Vujacic,,,5,2756,Sasha Vujacic,1610612747.0,Los Angeles,Lakers,LAL,5,2470,Smush Parker,1610612747.0,Los Angeles,Lakers,LAL,0,0,,,,,,0
0020600181,384,1,42,4,11:02 PM,10:24,,,Walton  Driving Layup (11 PTS),91 - 86,-5,5,2575,Luke Walton,1610612747.0,Los Angeles,Lakers,LAL,0,0,,,,,,0,0,,,,,,0
0020600181,385,2,1,4,11:02 PM,10:05,MISS Boozer 18' Jump Shot,,,,,4,2430,Carlos Boozer,1610612762.0,Utah,Jazz,UTA,0,0,,,,,,0,0,,,,,,0
0020600181,388,4,0,4,11:02 PM,10:03,Boozer REBOUND (Off:4 Def:8),,,,,4,2430,Carlos Boozer,1610612762.0,Utah,Jazz,UTA,0,0,,,,,,0,0,,,,,,0
0020600181,389,1,65,4,11:02 PM,9:52,Boozer 6' Jump Hook Shot (25 PTS) (D. Williams 8 AST),,,91 - 88,-3,4,2430,Carlos Boozer,1610612762.0,Utah,Jazz,UTA,4,101114,Deron Williams,1610612762.0,Utah,Jazz,UTA,0,0,,,,,,0
0020600181,390,5,1,4,11:03 PM,9:37,Harpring STEAL (1 STL),,Parker Bad Pass Turnover (P2.T9),,,5,2470,Smush Parker,1610612747.0,Los Angeles,Lakers,LAL,4,1723,Matt Harpring,1610612762.0,Utah,Jazz,UTA,0,0,,,,,,0
0020600181,391,1,5,4,11:03 PM,9:32,D. Williams  Layup (6 PTS) (Harpring 3 AST),,,91 - 90,-1,4,101114,Deron Williams,1610612762.0,Utah,Jazz,UTA,4,1723,Matt Harpring,1610612762.0,Utah,Jazz,UTA,0,0,,,,,,0
0020600181,392,6,17,4,11:03 PM,9:16,JAZZ T.Foul (Def. 3 Sec Harpring ),,,,,4,1723,Matt Harpring,1610612762.0,Utah,Jazz,UTA,0,0,,,,,,1,0,,,,,,0
0020600181,393,3,16,4,11:03 PM,9:16,,,MISS Bryant Free Throw Technical,,,5,977,Kobe Bryant,1610612747.0,Los Angeles,Lakers,LAL,0,0,,,,,,0,0,,,,,,0
0020600181,394,4,1,4,11:03 PM,9:16,,,Lakers Rebound,,,3,1610612747,,,,,,0,0,,,,,,0,0,,,,,,0
0020600181,395,2,1,4,11:04 PM,9:01,,,MISS Parker 24' 3PT Jump Shot,,,5,2470,Smush Parker,1610612747.0,Los Angeles,Lakers,LAL,0,0,,,,,,0,0,,,,,,0
0020600181,396,4,0,4,11:04 PM,8:59,Harpring REBOUND (Off:0 Def:4),,,,,4,1723,Matt Harpring,1610612762.0,Utah,Jazz,UTA,0,0,,,,,,0,0,,,,,,0
0020600181,397,2,5,4,11:04 PM,8:42,MISS Harpring  Layup,,Radmanovic BLOCK (1 BLK),,,4,1723,Matt Harpring,1610612762.0,Utah,Jazz,UTA,0,0,,,,,,5,2209,Vladimir Radmanovic,1610612747.0,Los Angeles,Lakers,LAL,0
0020600181,398,4,0,4,11:04 PM,8:40,Boozer REBOUND (Off:5 Def:8),,,,,4,2430,Carlos Boozer,1610612762.0,Utah,Jazz,UTA,0,0,,,,,,0,0,,,,,,0
0020600181,399,6,1,4,11:04 PM,8:40,,,Brown P.FOUL (P2.T2),,,5,2198,Kwame Brown,1610612747.0,Los Angeles,Lakers,LAL,4,2430,Carlos Boozer,1610612762.0,Utah,Jazz,UTA,1,0,,,,,,0
0020600181,400,3,11,4,11:05 PM,8:40,Boozer Free Throw 1 of 2 (26 PTS),,,91 - 91,TIE,4,2430,Carlos Boozer,1610612762.0,Utah,Jazz,UTA,0,0,,,,,,0,0,,,,,,0
0020600181,402,8,0,4,11:05 PM,8:40,,,SUB: Odom FOR Radmanovic,,,5,2209,Vladimir Radmanovic,1610612747.0,Los Angeles,Lakers,LAL,5,1885,Lamar Odom,1610612747.0,Los Angeles,Lakers,LAL,0,0,,,,,,0
0020600181,403,3,12,4,11:05 PM,8:40,Boozer Free Throw 2 of 2 (27 PTS),,,91 - 92,1,4,2430,Carlos Boozer,1610612762.0,Utah,Jazz,UTA,0,0,,,,,,0,0,,,,,,0
0020600181,404,1,65,4,11:06 PM,8:25,,,Brown 7' Jump Hook Shot (9 PTS),93 - 92,-1,5,2198,Kwame Brown,1610612747.0,Los Angeles,Lakers,LAL,0,0,,,,,,0,0,,,,,,0
0020600181,405,6,2,4,11:06 PM,8:25,Okur S.FOUL (P2.T2),,,,,4,2246,Mehmet Okur,1610612762.0,Utah,Jazz,UTA,5,2198,Kwame Brown,1610612747.0,Los Angeles,Lakers,LAL,1,0,,,,,,0
0020600181,406,8,0,4,11:06 PM,8:25,SUB: Kirilenko FOR Giricek,,,,,4,1921,Gordan Giricek,1610612762.0,Utah,Jazz,UTA,4,1905,Andrei Kirilenko,1610612762.0,Utah,Jazz,UTA,0,0,,,,,,0
0020600181,407,3,10,4,11:06 PM,8:25,,,MISS Brown Free Throw 1 of 1,,,5,2198,Kwame Brown,1610612747.0,Los Angeles,Lakers,LAL,0,0,,,,,,0,0,,,,,,0
0020600181,408,4,0,4,11:06 PM,8:24,Harpring REBOUND (Off:0 Def:5),,,,,4,1723,Matt Harpring,1610612762.0,Utah,Jazz,UTA,0,0,,,,,,0,0,,,,,,0
0020600181,409,5,1,4,11:06 PM,8:09,Harpring Bad Pass Turnover (P2.T13),,Parker STEAL (2 STL),,,4,1723,Matt Harpring,1610612762.0,Utah,Jazz,UTA,5,2470,Smush Parker,1610612747.0,Los Angeles,Lakers,LAL,0,0,,,,,,0
0020600181,410,2,5,4,11:06 PM,7:58,,,MISS Brown  Layup,,,5,2198,Kwame Brown,1610612747.0,Los Angeles,Lakers,LAL,0,0,,,,,,0,0,,,,,,0
0020600181,412,4,0,4,11:06 PM,7:57,,,Brown REBOUND (Off:3 Def:2),,,5,2198,Kwame Brown,1610612747.0,Los Angeles,Lakers,LAL,0,0,,,,,,0,0,,,,,,0
0020600181,411,1,5,4,11:06 PM,7:57,,,Brown  Layup (11 PTS),95 - 92,-3,5,2198,Kwame Brown,1610612747.0,Los Angeles,Lakers,LAL,0,0,,,,,,0,0,,,,,,0
0020600181,413,1,46,4,11:07 PM,7:39,Okur 18' Running Jump Shot (13 PTS),,,95 - 94,-1,4,2246,Mehmet Okur,1610612762.0,Utah,Jazz,UTA,0,0,,,,,,0,0,,,,,,0
0020600181,414,6,2,4,11:07 PM,7:22,Boozer S.FOUL (P3.T3),,,,,4,2430,Carlos Boozer,1610612762.0,Utah,Jazz,UTA,5,2198,Kwame Brown,1610612747.0,Los Angeles,Lakers,LAL,1,0,,,,,,0
0020600181,415,6,11,4,11:07 PM,7:22,Okur T.FOUL (P2.T3),,,,,4,2246,Mehmet Okur,1610612762.0,Utah,Jazz,UTA,0,0,,,,,,1,0,,,,,,0
0020600181,417,3,16,4,11:07 PM,7:22,,,Bryant Free Throw Technical (27 PTS),96 - 94,-2,5,977,Kobe Bryant,1610612747.0,Los Angeles,Lakers,LAL,0,0,,,,,,0,0,,,,,,0
0020600181,418,3,11,4,11:08 PM,7:22,,,Brown Free Throw 1 of 2 (12 PTS),97 - 94,-3,5,2198,Kwame Brown,1610612747.0,Los Angeles,Lakers,LAL,0,0,,,,,,0,0,,,,,,0
0020600181,419,3,12,4,11:08 PM,7:22,,,Brown Free Throw 2 of 2 (13 PTS),98 - 94,-4,5,2198,Kwame Brown,1610612747.0,Los Angeles,Lakers,LAL,0,0,,,,,,0,0,,,,,,0
0020600181,420,1,5,4,11:08 PM,7:12,Boozer  Layup (29 PTS) (D. Williams 9 AST),,,98 - 96,-2,4,2430,Carlos Boozer,1610612762.0,Utah,Jazz,UTA,4,101114,Deron Williams,1610612762.0,Utah,Jazz,UTA,0,0,,,,,,0
0020600181,421,1,5,4,11:09 PM,6:50,,,Brown  Layup (15 PTS) (Odom 3 AST),100 - 96,-4,5,2198,Kwame Brown,1610612747.0,Los Angeles,Lakers,LAL,5,1885,Lamar Odom,1610612747.0,Los Angeles,Lakers,LAL,0,0,,,,,,0
0020600181,422,6,5,4,11:09 PM,6:34,,,Parker IN.FOUL (P4.T3),,,5,2470,Smush Parker,1610612747.0,Los Angeles,Lakers,LAL,4,101114,Deron Williams,1610612762.0,Utah,Jazz,UTA,1,0,,,,,,0
0020600181,423,3,11,4,11:09 PM,6:34,D. Williams Free Throw 1 of 2 (7 PTS),,,100 - 97,-3,4,101114,Deron Williams,1610612762.0,Utah,Jazz,UTA,0,0,,,,,,0,0,,,,,,0
0020600181,424,3,12,4,11:10 PM,6:34,D. Williams Free Throw 2 of 2 (8 PTS),,,100 - 98,-2,4,101114,Deron Williams,1610612762.0,Utah,Jazz,UTA,0,0,,,,,,0,0,,,,,,0
0020600181,425,5,1,4,11:10 PM,6:12,,,Walton Bad Pass Turnover (P1.T10),,,5,2575,Luke Walton,1610612747.0,Los Angeles,Lakers,LAL,0,0,,,,,,0,0,,,,,,0
0020600181,426,1,1,4,11:11 PM,6:01,Okur 24' 3PT Jump Shot (16 PTS) (D. Williams 10 AST),,,100 - 101,1,4,2246,Mehmet Okur,1610612762.0,Utah,Jazz,UTA,4,101114,Deron Williams,1610612762.0,Utah,Jazz,UTA,0,0,,,,,,0
0020600181,427,1,1,4,11:11 PM,5:34,,,Odom 17' Jump Shot (22 PTS),102 - 101,-1,5,1885,Lamar Odom,1610612747.0,Los Angeles,Lakers,LAL,0,0,,,,,,0,0,,,,,,0
0020600181,428,5,1,4,11:11 PM,5:25,D. Williams Bad Pass Turnover (P3.T14),,,,,4,101114,Deron Williams,1610612762.0,Utah,Jazz,UTA,0,0,,,,,,0,0,,,,,,0
0020600181,429,9,4,4,11:11 PM,5:25,,,,,,1,0,,,,,,0,0,,,,,,0,0,,,,,,0
0020600181,431,2,1,4,11:14 PM,5:03,Okur BLOCK (3 BLK),,MISS Brown 4' Jump Shot,,,5,2198,Kwame Brown,1610612747.0,Los Angeles,Lakers,LAL,0,0,,,,,,4,2246,Mehmet Okur,1610612762.0,Utah,Jazz,UTA,0
0020600181,432,4,0,4,11:14 PM,5:03,JAZZ Rebound,,,,,2,1610612762,,,,,,0,0,,,,,,0,0,,,,,,0
0020600181,433,6,3,4,11:14 PM,5:03,,,Brown L.B.FOUL (P3.T4),,,5,2198,Kwame Brown,1610612747.0,Los Angeles,Lakers,LAL,4,2246,Mehmet Okur,1610612762.0,Utah,Jazz,UTA,1,0,,,,,,0
0020600181,434,2,5,4,11:15 PM,4:53,MISS Okur  Layup,,,,,4,2246,Mehmet Okur,1610612762.0,Utah,Jazz,UTA,0,0,,,,,,0,0,,,,,,0
0020600181,435,4,0,4,11:15 PM,4:52,,,Odom REBOUND (Off:1 Def:4),,,5,1885,Lamar Odom,1610612747.0,Los Angeles,Lakers,LAL,0,0,,,,,,0,0,,,,,,0
0020600181,436,6,4,4,11:15 PM,4:36,,,Odom OFF.Foul (P4),,,5,1885,Lamar Odom,1610612747.0,Los Angeles,Lakers,LAL,4,1905,Andrei Kirilenko,1610612762.0,Utah,Jazz,UTA,1,0,,,,,,0
0020600181,437,5,5,4,11:15 PM,4:36,,,Odom Foul Turnover (P3.T11),,,5,1885,Lamar Odom,1610612747.0,Los Angeles,Lakers,LAL,0,0,,,,,,1,0,,,,,,0
0020600181,438,5,4,4,11:16 PM,4:22,Harpring Traveling Turnover (P3.T15),,,,,4,1723,Matt Harpring,1610612762.0,Utah,Jazz,UTA,0,0,,,,,,1,0,,,,,,0
0020600181,439,2,1,4,11:16 PM,4:05,,,MISS Parker 25' 3PT Jump Shot,,,5,2470,Smush Parker,1610612747.0,Los Angeles,Lakers,LAL,0,0,,,,,,0,0,,,,,,0
0020600181,440,4,0,4,11:16 PM,4:03,Okur REBOUND (Off:4 Def:6),,,,,4,2246,Mehmet Okur,1610612762.0,Utah,Jazz,UTA,0,0,,,,,,0,0,,,,,,0
0020600181,441,6,1,4,11:16 PM,3:59,,,Parker P.FOUL (P5.PN),,,5,2470,Smush Parker,1610612747.0,Los Angeles,Lakers,LAL,4,1905,Andrei Kirilenko,1610612762.0,Utah,Jazz,UTA,1,0,,,,,,0
0020600181,442,3,11,4,11:16 PM,3:59,Kirilenko Free Throw 1 of 2 (3 PTS),,,102 - 102,TIE,4,1905,Andrei Kirilenko,1610612762.0,Utah,Jazz,UTA,0,0,,,,,,0,0,,,,,,0
0020600181,443,3,12,4,11:17 PM,3:59,Kirilenko Free Throw 2 of 2 (4 PTS),,,102 - 103,1,4,1905,Andrei Kirilenko,1610612762.0,Utah,Jazz,UTA,0,0,,,,,,0,0,,,,,,0
0020600181,444,2,1,4,11:17 PM,3:34,,,MISS Bryant 25' 3PT Jump Shot,,,5,977,Kobe Bryant,1610612747.0,Los Angeles,Lakers,LAL,0,0,,,,,,0,0,,,,,,0
0020600181,446,4,0,4,11:17 PM,3:23,D. Williams REBOUND (Off:0 Def:3),,,,,4,101114,Deron Williams,1610612762.0,Utah,Jazz,UTA,0,0,,,,,,0,0,,,,,,0
0020600181,445,2,5,4,11:17 PM,3:23,MISS D. Williams  Layup,,Bryant BLOCK (1 BLK),,,4,101114,Deron Williams,1610612762.0,Utah,Jazz,UTA,0,0,,,,,,5,977,Kobe Bryant,1610612747.0,Los Angeles,Lakers,LAL,0
0020600181,447,4,0,4,11:17 PM,3:21,,,Odom REBOUND (Off:1 Def:5),,,5,1885,Lamar Odom,1610612747.0,Los Angeles,Lakers,LAL,0,0,,,,,,0,0,,,,,,0
0020600181,448,2,1,4,11:18 PM,3:11,,,MISS Walton  3PT Jump Shot,,,5,2575,Luke Walton,1610612747.0,Los Angeles,Lakers,LAL,0,0,,,,,,0,0,,,,,,0
0020600181,449,4,0,4,11:18 PM,3:09,,,Walton REBOUND (Off:1 Def:1),,,5,2575,Luke Walton,1610612747.0,Los Angeles,Lakers,LAL,0,0,,,,,,0,0,,,,,,0
0020600181,450,6,1,4,11:18 PM,3:09,Boozer P.FOUL (P4.T4),,,,,4,2430,Carlos Boozer,1610612762.0,Utah,Jazz,UTA,5,2575,Luke Walton,1610612747.0,Los Angeles,Lakers,LAL,1,0,,,,,,0
0020600181,452,3,11,4,11:18 PM,3:09,,,Walton Free Throw 1 of 2 (12 PTS),103 - 103,TIE,5,2575,Luke Walton,1610612747.0,Los Angeles,Lakers,LAL,0,0,,,,,,0,0,,,,,,0
0020600181,453,3,12,4,11:18 PM,3:09,,,Walton Free Throw 2 of 2 (13 PTS),104 - 103,-1,5,2575,Luke Walton,1610612747.0,Los Angeles,Lakers,LAL,0,0,,,,,,0,0,,,,,,0
0020600181,454,2,1,4,11:19 PM,2:50,MISS D. Williams 24' 3PT Jump Shot,,,,,4,101114,Deron Williams,1610612762.0,Utah,Jazz,UTA,0,0,,,,,,0,0,,,,,,0
0020600181,455,4,0,4,11:19 PM,2:48,Okur REBOUND (Off:5 Def:6),,,,,4,2246,Mehmet Okur,1610612762.0,Utah,Jazz,UTA,0,0,,,,,,0,0,,,,,,0
0020600181,456,2,1,4,11:19 PM,2:30,MISS Harpring 24' 3PT Jump Shot,,,,,4,1723,Matt Harpring,1610612762.0,Utah,Jazz,UTA,0,0,,,,,,0,0,,,,,,0
0020600181,457,4,0,4,11:19 PM,2:29,Boozer REBOUND (Off:6 Def:8),,,,,4,2430,Carlos Boozer,1610612762.0,Utah,Jazz,UTA,0,0,,,,,,0,0,,,,,,0
0020600181,458,1,1,4,11:19 PM,2:15,Okur 20' Jump Shot (18 PTS) (Boozer 2 AST),,,104 - 105,1,4,2246,Mehmet Okur,1610612762.0,Utah,Jazz,UTA,4,2430,Carlos Boozer,1610612762.0,Utah,Jazz,UTA,0,0,,,,,,0
0020600181,459,2,1,4,11:20 PM,1:47,,,MISS Odom 24' 3PT Jump Shot,,,5,1885,Lamar Odom,1610612747.0,Los Angeles,Lakers,LAL,0,0,,,,,,0,0,,,,,,0
0020600181,460,4,0,4,11:20 PM,1:45,Okur REBOUND (Off:5 Def:7),,,,,4,2246,Mehmet Okur,1610612762.0,Utah,Jazz,UTA,0,0,,,,,,0,0,,,,,,0
0020600181,461,2,1,4,11:20 PM,1:29,MISS D. Williams 21' Jump Shot,,Parker BLOCK (1 BLK),,,4,101114,Deron Williams,1610612762.0,Utah,Jazz,UTA,0,0,,,,,,5,2470,Smush Parker,1610612747.0,Los Angeles,Lakers,LAL,0
0020600181,462,4,0,4,11:20 PM,1:26,D. Williams REBOUND (Off:1 Def:3),,,,,4,101114,Deron Williams,1610612762.0,Utah,Jazz,UTA,0,0,,,,,,0,0,,,,,,0
0020600181,463,1,1,4,11:20 PM,1:26,D. Williams 20' Jump Shot (10 PTS),,,104 - 107,3,4,101114,Deron Williams,1610612762.0,Utah,Jazz,UTA,0,0,,,,,,0,0,,,,,,0
0020600181,464,9,1,4,11:20 PM,1:26,,,Lakers Timeout: Regular (Reg.5 Short 0),,,3,1610612747,,,,,,0,0,,,,,,0,0,,,,,,0
0020600181,466,1,42,4,11:23 PM,1:18,,,Odom  Driving Layup (24 PTS) (Walton 3 AST),106 - 107,1,5,1885,Lamar Odom,1610612747.0,Los Angeles,Lakers,LAL,5,2575,Luke Walton,1610612747.0,Los Angeles,Lakers,LAL,0,0,,,,,,0
0020600181,467,6,2,4,11:23 PM,1:18,Harpring S.FOUL (P4.PN),,,,,4,1723,Matt Harpring,1610612762.0,Utah,Jazz,UTA,5,1885,Lamar Odom,1610612747.0,Los Angeles,Lakers,LAL,1,0,,,,,,0
0020600181,468,3,10,4,11:23 PM,1:18,,,Odom Free Throw 1 of 1 (25 PTS),107 - 107,TIE,5,1885,Lamar Odom,1610612747.0,Los Angeles,Lakers,LAL,0,0,,,,,,0,0,,,,,,0
0020600181,469,1,1,4,11:24 PM,1:00,D. Williams 24' 3PT Jump Shot (13 PTS) (Okur 2 AST),,,107 - 110,3,4,101114,Deron Williams,1610612762.0,Utah,Jazz,UTA,4,2246,Mehmet Okur,1610612762.0,Utah,Jazz,UTA,0,0,,,,,,0
0020600181,470,2,56,4,11:24 PM,0:45,,,MISS Odom 2' Running Hook Shot,,,5,1885,Lamar Odom,1610612747.0,Los Angeles,Lakers,LAL,0,0,,,,,,0,0,,,,,,0
0020600181,471,4,0,4,11:24 PM,0:43,Boozer REBOUND (Off:6 Def:9),,,,,4,2430,Carlos Boozer,1610612762.0,Utah,Jazz,UTA,0,0,,,,,,0,0,,,,,,0
0020600181,472,6,1,4,11:24 PM,0:38,,,Walton P.FOUL (P5.PN),,,5,2575,Luke Walton,1610612747.0,Los Angeles,Lakers,LAL,4,101114,Deron Williams,1610612762.0,Utah,Jazz,UTA,1,0,,,,,,0
0020600181,473,3,11,4,11:24 PM,0:38,D. Williams Free Throw 1 of 2 (14 PTS),,,107 - 111,4,4,101114,Deron Williams,1610612762.0,Utah,Jazz,UTA,0,0,,,,,,0,0,,,,,,0
0020600181,475,9,2,4,11:25 PM,0:38,,,Lakers Timeout: Short (Reg.5 Short 1),,,3,1610612747,,,,,,0,0,,,,,,0,0,,,,,,0
0020600181,476,3,12,4,11:26 PM,0:38,D. Williams Free Throw 2 of 2 (15 PTS),,,107 - 112,5,4,101114,Deron Williams,1610612762.0,Utah,Jazz,UTA,0,0,,,,,,0,0,,,,,,0
0020600181,477,6,2,4,11:26 PM,0:32,Harpring S.FOUL (P5.PN),,,,,4,1723,Matt Harpring,1610612762.0,Utah,Jazz,UTA,5,1885,Lamar Odom,1610612747.0,Los Angeles,Lakers,LAL,1,0,,,,,,0
0020600181,478,3,11,4,11:26 PM,0:32,,,MISS Odom Free Throw 1 of 2,,,5,1885,Lamar Odom,1610612747.0,Los Angeles,Lakers,LAL,0,0,,,,,,0,0,,,,,,0
0020600181,479,4,1,4,11:26 PM,0:32,,,Lakers Rebound,,,3,1610612747,,,,,,0,0,,,,,,0,0,,,,,,0
0020600181,480,3,12,4,11:27 PM,0:32,,,Odom Free Throw 2 of 2 (26 PTS),108 - 112,4,5,1885,Lamar Odom,1610612747.0,Los Angeles,Lakers,LAL,0,0,,,,,,0,0,,,,,,0
0020600181,481,2,1,4,11:28 PM,0:11,MISS Okur 25' 3PT Jump Shot,,,,,4,2246,Mehmet Okur,1610612762.0,Utah,Jazz,UTA,0,0,,,,,,0,0,,,,,,0
0020600181,483,4,0,4,11:28 PM,0:08,Boozer REBOUND (Off:7 Def:9),,,,,4,2430,Carlos Boozer,1610612762.0,Utah,Jazz,UTA,0,0,,,,,,0,0,,,,,,0
0020600181,482,1,5,4,11:28 PM,0:08,Boozer  Layup (31 PTS),,,108 - 114,6,4,2430,Carlos Boozer,1610612762.0,Utah,Jazz,UTA,0,0,,,,,,0,0,,,,,,0
0020600181,484,9,2,4,11:28 PM,0:08,,,Lakers Timeout: Short (Reg.5 Short 2),,,3,1610612747,,,,,,0,0,,,,,,0,0,,,,,,0
0020600181,486,2,1,4,11:29 PM,0:06,,,MISS Bryant 28' 3PT Jump Shot,,,5,977,Kobe Bryant,1610612747.0,Los Angeles,Lakers,LAL,0,0,,,,,,0,0,,,,,,0
0020600181,487,4,0,4,11:29 PM,0:03,Harpring REBOUND (Off:0 Def:6),,,,,4,1723,Matt Harpring,1610612762.0,Utah,Jazz,UTA,0,0,,,,,,0,0,,,,,,0
0020600181,489,13,0,4,11:29 PM,0:00,,,,108 - 114,6,0,0,,,,,,0,0,,,,,,0,0,,,,,,0
