GAME_ID,EVENTNUM,EVENTMSGTYPE,EVENTMSGACTIONTYPE,PERIOD,WCTIMESTRING,PCTIMESTRING,HOMEDESCRIPTION,NEUTRALDESCRIPTION,VISITORDESCRIPTION,SCORE,SCOREMARGIN
0020200497,0,12,0,1,12:22 PM,12:00,,,,,
0020200497,1,10,0,1,12:22 PM,12:00,Jump Ball Magloire vs. Battie: Tip to,,,,
0020200497,2,1,3,1,12:23 PM,11:41,Magloire 4' Hook Shot (2 PTS),,,0 - 2,2
0020200497,3,1,1,1,12:23 PM,11:30,,,Williams 15' Jump Shot (2 PTS) (Battie 1 AST),2 - 2,TIE
0020200497,4,1,1,1,12:23 PM,11:15,Mashburn 22' Jump Shot (2 PTS) (Brown 1 AST),,,2 - 4,2
0020200497,5,6,1,1,12:24 PM,11:03,Mashburn P.FOUL (P1.T1),,,,
0020200497,6,5,2,1,12:24 PM,10:58,Wesley STEAL (1 STL),,Pierce Lost Ball Turnover (P1.T1),,
0020200497,7,1,1,1,12:24 PM,10:53,Wesley 14' Jump Shot (2 PTS),,,2 - 6,4
0020200497,8,1,1,1,12:24 PM,10:35,,,Battie 17' Jump Shot (2 PTS) (Pierce 1 AST),4 - 6,2
0020200497,9,5,1,1,12:25 PM,10:20,Brown Bad Pass Turnover (P1.T1),,Pierce STEAL (1 STL),,
0020200497,10,6,2,1,12:25 PM,10:10,Wesley S.FOUL (P1.T2),,,,
0020200497,11,3,11,1,12:25 PM,10:10,,,Pierce Free Throw 1 of 2 (1 PTS),5 - 6,1
0020200497,12,3,12,1,12:25 PM,10:10,,,Pierce Free Throw 2 of 2 (2 PTS),6 - 6,TIE
0020200497,13,1,1,1,12:26 PM,10:01,Mashburn 16' Jump Shot (4 PTS),,,6 - 8,2
0020200497,14,6,1,1,12:26 PM,9:43,Alexander P.FOUL (P1.T3),,,,
0020200497,15,2,3,1,12:26 PM,9:33,,,MISS Pierce 5' Hook Shot,,
0020200497,16,4,0,1,12:26 PM,9:31,Magloire REBOUND (Off:0 Def:1),,,,
0020200497,17,1,1,1,12:27 PM,9:15,Alexander 16' Jump Shot (2 PTS) (Wesley 1 AST),,,6 - 10,4
0020200497,18,1,5,1,12:27 PM,9:00,,,Delk  Layup (2 PTS) (Pierce 2 AST),8 - 10,2
0020200497,19,5,1,1,12:27 PM,8:45,Wesley Bad Pass Turnover (P1.T2),,Pierce STEAL (2 STL),,
0020200497,20,2,5,1,12:27 PM,8:35,,,MISS Battie  Layup,,
0020200497,21,4,0,1,12:27 PM,8:33,,,Battie REBOUND (Off:1 Def:0),,
0020200497,22,1,5,1,12:27 PM,8:31,,,Battie  Layup (4 PTS),10 - 10,TIE
0020200497,23,1,1,1,12:28 PM,8:17,Mashburn 20' Jump Shot (6 PTS) (Magloire 1 AST),,,10 - 12,2
0020200497,24,6,1,1,12:28 PM,8:02,Brown P.FOUL (P1.T4),,,,
0020200497,25,1,1,1,12:28 PM,7:54,,,Williams  3PT Jump Shot (5 PTS) (Pierce 3 AST),13 - 12,-1
0020200497,26,1,1,1,12:29 PM,7:31,Alexander 17' Jump Shot (4 PTS) (Wesley 2 AST),,,13 - 14,1
0020200497,27,5,13,1,12:29 PM,7:18,,,Delk Backcourt Turnover (P1.T2),,
0020200497,28,2,5,1,12:29 PM,7:03,MISS Magloire  Layup,,,,
0020200497,29,4,0,1,12:29 PM,7:03,HORNETS Rebound,,,,
0020200497,31,1,1,1,12:30 PM,6:58,Mashburn 20' Jump Shot (8 PTS) (Wesley 3 AST),,,13 - 16,3
0020200497,32,1,5,1,12:30 PM,6:46,,,Pierce  Layup (4 PTS) (Walker 1 AST),15 - 16,1
0020200497,33,2,1,1,12:30 PM,6:28,MISS Mashburn 16' Jump Shot,,,,
0020200497,34,4,0,1,12:30 PM,6:26,,,Williams REBOUND (Off:0 Def:1),,
0020200497,35,2,1,1,12:30 PM,6:20,,,MISS Pierce 16' Jump Shot,,
0020200497,36,4,0,1,12:30 PM,6:17,Brown REBOUND (Off:0 Def:1),,,,
0020200497,37,5,13,1,12:31 PM,6:03,Mashburn Backcourt Turnover (P1.T3),,,,
0020200497,38,8,0,1,12:31 PM,6:03,,,SUB: Brown FOR Williams,,
0020200497,39,1,50,1,12:31 PM,5:54,,,Battie  Running Dunk (6 PTS) (Pierce 4 AST),17 - 16,-1
0020200497,40,2,1,1,12:32 PM,5:32,MISS Wesley 25' 3PT Jump Shot,,,,
0020200497,41,4,0,1,12:32 PM,5:30,Brown REBOUND (Off:1 Def:1),,,,
0020200497,42,1,1,1,12:32 PM,5:26,Brown 12' Jump Shot (2 PTS),,,17 - 18,1
0020200497,43,2,1,1,12:32 PM,5:08,,,MISS Brown  3PT Jump Shot,,
0020200497,44,4,0,1,12:32 PM,5:05,Brown REBOUND (Off:1 Def:2),,,,
0020200497,45,1,1,1,12:32 PM,4:55,Alexander 25' 3PT Jump Shot (7 PTS) (Wesley 4 AST),,,17 - 21,4
0020200497,46,9,1,1,12:32 PM,4:48,,,Celtics Timeout: Regular (Reg.1 Short 0),,
0020200497,48,8,0,1,12:35 PM,4:48,,,SUB: Williams FOR Battie,,
0020200497,49,8,0,1,12:35 PM,4:48,,,SUB: Baker FOR Delk,,
0020200497,50,2,1,1,12:36 PM,4:36,,,MISS Brown  3PT Jump Shot,,
0020200497,51,4,0,1,12:36 PM,4:36,,,Celtics Rebound,,
0020200497,52,6,3,1,12:36 PM,4:36,Brown L.B.FOUL (P2.PN),,,,
0020200497,53,3,11,1,12:36 PM,4:36,,,Pierce Free Throw 1 of 2 (5 PTS),18 - 21,3
0020200497,54,8,0,1,12:36 PM,4:36,SUB: Moiso FOR Brown,,,,
0020200497,55,8,0,1,12:36 PM,4:36,,,SUB: McCarty FOR Walker,,
0020200497,56,3,12,1,12:36 PM,4:36,,,MISS Pierce Free Throw 2 of 2,,
0020200497,57,4,0,1,12:37 PM,4:34,Alexander REBOUND (Off:0 Def:1),,,,
0020200497,58,2,1,1,12:37 PM,4:13,MISS Alexander 22' Jump Shot,,,,
0020200497,59,4,0,1,12:37 PM,4:11,Moiso REBOUND (Off:1 Def:0),,,,
0020200497,60,5,11,1,12:37 PM,4:11,HORNETS Turnover: Shot Clock (T#4),,,,
0020200497,61,2,1,1,12:38 PM,3:54,,,MISS Baker 5' Jump Shot,,
0020200497,62,4,0,1,12:38 PM,3:50,Moiso REBOUND (Off:1 Def:1),,,,
0020200497,63,2,5,1,12:38 PM,3:37,MISS Magloire  Layup,,,,
0020200497,64,4,0,1,12:38 PM,3:35,,,McCarty REBOUND (Off:0 Def:1),,
0020200497,65,2,1,1,12:38 PM,3:26,,,MISS McCarty 25' 3PT Jump Shot,,
0020200497,66,4,0,1,12:38 PM,3:24,HORNETS Rebound,,,,
0020200497,68,6,1,1,12:38 PM,3:13,,,McCarty P.FOUL (P1.T1),,
0020200497,69,8,0,1,12:39 PM,3:13,SUB: Campbell FOR Magloire,,,,
0020200497,70,2,1,1,12:39 PM,3:04,MISS Mashburn 17' Jump Shot,,,,
0020200497,71,4,0,1,12:39 PM,3:01,,,Baker REBOUND (Off:0 Def:1),,
0020200497,72,6,1,1,12:39 PM,2:46,Moiso P.FOUL (P1.PN),,,,
0020200497,73,9,1,1,12:39 PM,2:46,HORNETS Timeout: Regular (Full 1 Short 0),,,,
0020200497,75,3,11,1,12:42 PM,2:46,,,McCarty Free Throw 1 of 2 (1 PTS),19 - 21,2
0020200497,76,3,12,1,12:43 PM,2:46,,,McCarty Free Throw 2 of 2 (2 PTS),20 - 21,1
0020200497,77,6,1,1,12:43 PM,2:31,,,McCarty P.FOUL (P2.T2),,
0020200497,78,8,0,1,12:43 PM,2:31,,,SUB: Walker FOR McCarty,,
0020200497,79,2,1,1,12:44 PM,2:18,MISS Mashburn 25' 3PT Jump Shot,,,,
0020200497,80,4,0,1,12:44 PM,2:16,Campbell REBOUND (Off:1 Def:0),,,,
0020200497,81,5,1,1,12:44 PM,2:07,Moiso Bad Pass Turnover (P1.T5),,Brown STEAL (1 STL),,
0020200497,82,2,5,1,12:44 PM,1:50,Campbell BLOCK (1 BLK),,MISS Baker  Layup,,
0020200497,83,4,0,1,12:44 PM,1:48,Moiso REBOUND (Off:1 Def:2),,,,
0020200497,84,2,1,1,12:44 PM,1:44,MISS Alexander 21' Jump Shot,,,,
0020200497,85,4,0,1,12:44 PM,1:44,HORNETS Rebound,,,,
0020200497,86,1,1,1,12:45 PM,1:41,Wesley 14' Jump Shot (4 PTS) (Mashburn 1 AST),,,20 - 23,3
0020200497,87,2,1,1,12:45 PM,1:20,,,MISS Williams  3PT Jump Shot,,
0020200497,88,4,0,1,12:45 PM,1:18,Moiso REBOUND (Off:1 Def:3),,,,
0020200497,89,6,1,1,12:45 PM,1:13,,,Pierce P.FOUL (P1.T3),,
0020200497,90,8,0,1,12:45 PM,1:13,,,SUB: Delk FOR Pierce,,
0020200497,91,8,0,1,12:46 PM,1:13,SUB: Drew FOR Wesley,,,,
0020200497,92,1,1,1,12:46 PM,1:02,Campbell 17' Jump Shot (2 PTS) (Alexander 1 AST),,,20 - 25,5
0020200497,94,5,3,1,12:47 PM,0:42,,,Walker Out Of Bounds Turnover (P1.T3),,
0020200497,96,6,1,1,12:48 PM,0:35,,,Baker P.FOUL (P1.PN),,
0020200497,97,3,11,1,12:48 PM,0:35,Campbell Free Throw 1 of 2 (3 PTS),,,20 - 26,6
0020200497,98,3,12,1,12:48 PM,0:35,Campbell Free Throw 2 of 2 (4 PTS),,,20 - 27,7
0020200497,99,2,1,1,12:48 PM,0:21,,,MISS Delk 16' Jump Shot,,
0020200497,100,4,0,1,12:49 PM,0:19,Moiso REBOUND (Off:1 Def:4),,,,
0020200497,102,2,1,1,12:49 PM,0:00,MISS Mashburn 20' Jump Shot,,,,
0020200497,103,4,0,1,12:49 PM,0:00,,,Walker REBOUND (Off:0 Def:1),,
0020200497,104,13,0,1,12:49 PM,0:00,,,,20 - 27,7
0020200497,106,12,0,2,12:52 PM,12:00,,,,20 - 27,7
0020200497,107,6,4,2,12:53 PM,11:43,,,Walker OFF.Foul (P1),,
0020200497,108,5,5,2,12:53 PM,11:43,,,Walker Foul Turnover (P2.T4),,
0020200497,109,5,2,2,12:53 PM,11:25,Alexander Lost Ball Turnover (P1.T6),,Delk STEAL (1 STL),,
0020200497,110,1,1,2,12:54 PM,11:20,,,Delk 23' Jump Shot (4 PTS),22 - 27,5
0020200497,111,2,1,2,12:54 PM,10:57,MISS Mashburn 16' Jump Shot,,,,
0020200497,112,4,0,2,12:54 PM,10:55,Campbell REBOUND (Off:2 Def:0),,,,
0020200497,113,2,1,2,12:54 PM,10:52,MISS Drew 24' 3PT Jump Shot,,,,
0020200497,114,4,0,2,12:54 PM,10:52,,,Celtics Rebound,,
0020200497,115,1,49,2,12:54 PM,10:42,,,Pierce  Driving Dunk (7 PTS),24 - 27,3
0020200497,116,1,1,2,12:55 PM,10:19,Alexander  3PT Jump Shot (10 PTS) (Drew 1 AST),,,24 - 30,6
0020200497,117,6,4,2,12:55 PM,10:08,,,Pierce OFF.Foul (P2),,
0020200497,118,5,5,2,12:55 PM,10:08,,,Pierce Foul Turnover (P2.T5),,
0020200497,119,8,0,2,12:55 PM,10:08,SUB: Augmon FOR Mashburn,,,,
0020200497,120,8,0,2,12:55 PM,10:08,SUB: Wesley FOR Drew,,,,
0020200497,121,5,2,2,12:56 PM,10:00,Wesley Lost Ball Turnover (P2.T7),,,,
0020200497,122,5,3,2,12:56 PM,9:47,,,Brown Out Of Bounds Turnover (P1.T6),,
0020200497,124,1,1,2,12:56 PM,9:32,Augmon 19' Jump Shot (2 PTS) (Wesley 5 AST),,,24 - 32,8
0020200497,125,2,1,2,12:57 PM,9:13,,,MISS Walker  3PT Jump Shot,,
0020200497,126,4,0,2,12:57 PM,9:11,Augmon REBOUND (Off:0 Def:1),,,,
0020200497,127,2,1,2,12:57 PM,9:06,MISS Alexander 11' Jump Shot,,Battie BLOCK (1 BLK),,
0020200497,128,4,0,2,12:57 PM,9:06,,,Celtics Rebound,,
0020200497,129,8,0,2,12:57 PM,9:06,,,SUB: Williams FOR Brown,,
0020200497,130,6,1,2,12:57 PM,8:55,Wesley P.FOUL (P2.T1),,,,
0020200497,131,9,4,2,12:57 PM,8:55,,,,,
0020200497,133,8,0,2,13:01 PM,8:55,,,SUB: Williams FOR Delk,,
0020200497,134,2,1,2,13:01 PM,8:44,,,MISS Williams  3PT Jump Shot,,
0020200497,135,4,0,2,13:01 PM,8:41,Moiso REBOUND (Off:1 Def:5),,,,
0020200497,136,2,1,2,13:02 PM,8:18,MISS Augmon 25' 3PT Jump Shot,,,,
0020200497,137,4,0,2,13:02 PM,8:14,Campbell REBOUND (Off:3 Def:0),,,,
0020200497,138,2,1,2,13:02 PM,7:56,MISS Alexander 16' Jump Shot,,,,
0020200497,139,4,0,2,13:02 PM,7:55,Alexander REBOUND (Off:1 Def:1),,,,
0020200497,140,1,1,2,13:02 PM,7:55,Alexander 8' Jump Shot (12 PTS),,,24 - 34,10
0020200497,141,6,2,2,13:02 PM,7:55,,,Battie S.FOUL (P1.T1),,
0020200497,142,3,10,2,13:02 PM,7:55,MISS Alexander Free Throw 1 of 1,,,,
0020200497,143,4,0,2,13:03 PM,7:53,,,Williams REBOUND (Off:0 Def:2),,
0020200497,144,2,1,2,13:03 PM,7:38,,,MISS Walker 24' 3PT Jump Shot,,
0020200497,145,4,0,2,13:03 PM,7:36,Campbell REBOUND (Off:3 Def:1),,,,
0020200497,146,2,5,2,13:03 PM,7:26,MISS Moiso  Layup,,,,
0020200497,147,4,0,2,13:03 PM,7:24,,,Pierce REBOUND (Off:0 Def:1),,
0020200497,148,6,2,2,13:03 PM,7:20,Campbell S.FOUL (P1.T2),,,,
0020200497,149,3,11,2,13:03 PM,7:20,,,MISS Williams Free Throw 1 of 2,,
0020200497,151,4,1,2,13:03 PM,7:20,,,Celtics Rebound,,
0020200497,150,8,0,2,13:04 PM,7:20,,,SUB: Delk FOR Pierce,,
0020200497,152,3,12,2,13:04 PM,7:20,,,Williams Free Throw 2 of 2 (6 PTS),25 - 34,9
0020200497,153,8,0,2,13:04 PM,7:20,SUB: Traylor FOR Alexander,,,,
0020200497,154,8,0,2,13:04 PM,7:20,SUB: Mashburn FOR Campbell,,,,
0020200497,155,2,1,2,13:04 PM,7:00,MISS Moiso 17' Jump Shot,,,,
0020200497,156,4,0,2,13:04 PM,6:58,,,Williams REBOUND (Off:0 Def:3),,
0020200497,157,2,5,2,13:05 PM,6:48,,,MISS Walker  Layup,,
0020200497,158,4,0,2,13:05 PM,6:47,Traylor REBOUND (Off:0 Def:1),,,,
0020200497,159,6,2,2,13:05 PM,6:45,,,Williams S.FOUL (P1.T2),,
0020200497,160,3,11,2,13:05 PM,6:45,Augmon Free Throw 1 of 2 (3 PTS),,,25 - 35,10
0020200497,161,3,12,2,13:05 PM,6:45,Augmon Free Throw 2 of 2 (4 PTS),,,25 - 36,11
0020200497,163,1,1,2,13:06 PM,6:32,,,Walker 25' 3PT Jump Shot (3 PTS) (Williams 1 AST),28 - 36,8
0020200497,164,6,1,2,13:06 PM,6:32,,,Williams P.FOUL (P2.T3),,
0020200497,165,1,1,2,13:06 PM,6:15,Mashburn 15' Jump Shot (10 PTS) (Wesley 6 AST),,,28 - 38,10
0020200497,167,1,5,2,13:07 PM,5:56,,,Walker  Layup (5 PTS),30 - 38,8
0020200497,169,6,2,2,13:07 PM,5:44,,,Battie S.FOUL (P2.T4),,
0020200497,170,9,1,2,13:07 PM,5:44,HORNETS Timeout: Regular (Full 2 Short 0),,,,
0020200497,172,8,0,2,13:09 PM,5:44,,,SUB: Baker FOR Battie,,
0020200497,173,8,0,2,13:10 PM,5:44,SUB: Brown FOR Moiso,,,,
0020200497,174,3,11,2,13:10 PM,5:44,Traylor Free Throw 1 of 2 (1 PTS),,,30 - 39,9
0020200497,175,3,12,2,13:10 PM,5:44,Traylor Free Throw 2 of 2 (2 PTS),,,30 - 40,10
0020200497,176,1,5,2,13:11 PM,5:26,,,Walker  Layup (7 PTS) (Williams 1 AST),32 - 40,8
0020200497,177,2,1,2,13:11 PM,5:10,MISS Wesley 22' Jump Shot,,,,
0020200497,178,4,0,2,13:11 PM,5:08,Traylor REBOUND (Off:1 Def:1),,,,
0020200497,179,2,1,2,13:11 PM,5:00,MISS Augmon 17' Jump Shot,,,,
0020200497,180,4,0,2,13:11 PM,4:57,,,Williams REBOUND (Off:0 Def:4),,
0020200497,181,2,1,2,13:12 PM,4:43,,,MISS Walker 25' 3PT Jump Shot,,
0020200497,182,4,0,2,13:12 PM,4:41,Traylor REBOUND (Off:1 Def:2),,,,
0020200497,183,1,5,2,13:12 PM,4:32,Traylor  Layup (4 PTS) (Wesley 7 AST),,,32 - 42,10
0020200497,184,2,1,2,13:12 PM,4:12,,,MISS Delk 21' Jump Shot,,
0020200497,185,4,0,2,13:13 PM,4:09,,,Baker REBOUND (Off:1 Def:1),,
0020200497,186,1,1,2,13:13 PM,4:07,,,Delk 20' Jump Shot (6 PTS) (Baker 1 AST),34 - 42,8
0020200497,187,2,5,2,13:13 PM,3:52,MISS Traylor  Layup,,Baker BLOCK (1 BLK),,
0020200497,188,4,0,2,13:13 PM,3:49,,,Walker REBOUND (Off:0 Def:2),,
0020200497,189,2,1,2,13:13 PM,3:44,,,MISS Williams 17' Jump Shot,,
0020200497,190,4,0,2,13:13 PM,3:42,,,Baker REBOUND (Off:2 Def:1),,
0020200497,191,1,1,2,13:13 PM,3:40,,,Williams 24' 3PT Jump Shot (3 PTS) (Baker 2 AST),37 - 42,5
0020200497,192,9,2,2,13:13 PM,3:28,HORNETS Timeout: Short (Full 2 Short 1),,,,
0020200497,194,8,0,2,13:14 PM,3:28,SUB: Magloire FOR Traylor,,,,
0020200497,195,2,3,2,13:15 PM,3:11,MISS Magloire 8' Hook Shot,,,,
0020200497,196,4,0,2,13:15 PM,3:09,,,Walker REBOUND (Off:0 Def:3),,
0020200497,197,6,2,2,13:15 PM,2:57,Mashburn S.FOUL (P2.T3),,,,
0020200497,198,9,1,2,13:15 PM,2:57,,,Celtics Timeout: Regular (Reg.2 Short 0),,
0020200497,200,8,0,2,13:17 PM,2:57,SUB: Alexander FOR Augmon,,,,
0020200497,201,3,11,2,13:18 PM,2:57,,,Williams Free Throw 1 of 2 (7 PTS),38 - 42,4
0020200497,202,3,12,2,13:19 PM,2:57,,,MISS Williams Free Throw 2 of 2,,
0020200497,203,4,0,2,13:19 PM,2:56,Brown REBOUND (Off:1 Def:3),,,,
0020200497,204,2,1,2,13:19 PM,2:32,MISS Mashburn 22' Jump Shot,,,,
0020200497,205,4,0,2,13:19 PM,2:32,HORNETS Rebound,,,,
0020200497,206,5,11,2,13:19 PM,2:32,HORNETS Turnover: Shot Clock (T#8),,,,
0020200497,207,1,5,2,13:20 PM,2:23,,,Williams  Layup (5 PTS) (Delk 1 AST),40 - 42,2
0020200497,208,2,3,2,13:20 PM,1:59,MISS Magloire 7' Hook Shot,,,,
0020200497,209,4,0,2,13:20 PM,1:58,,,Baker REBOUND (Off:2 Def:2),,
0020200497,210,2,5,2,13:20 PM,1:49,Magloire BLOCK (1 BLK),,MISS Baker  Layup,,
0020200497,211,4,0,2,13:20 PM,1:47,Magloire REBOUND (Off:0 Def:2),,,,
0020200497,212,2,1,2,13:20 PM,1:38,MISS Mashburn 8' Jump Shot,,,,
0020200497,213,4,0,2,13:20 PM,1:38,HORNETS Rebound,,,,
0020200497,214,6,3,2,13:20 PM,1:38,,,Williams L.B.FOUL (P1.PN),,
0020200497,215,3,11,2,13:21 PM,1:38,Brown Free Throw 1 of 2 (3 PTS),,,40 - 43,3
0020200497,216,8,0,2,13:21 PM,1:38,,,SUB: Moore FOR Baker,,
0020200497,217,3,12,2,13:21 PM,1:38,MISS Brown Free Throw 2 of 2,,,,
0020200497,218,4,0,2,13:21 PM,1:37,,,Walker REBOUND (Off:0 Def:4),,
0020200497,219,2,1,2,13:22 PM,1:19,,,MISS Walker 25' 3PT Jump Shot,,
0020200497,220,4,0,2,13:22 PM,1:16,,,Delk REBOUND (Off:1 Def:0),,
0020200497,221,1,1,2,13:22 PM,1:13,,,Delk 16' Jump Shot (8 PTS),42 - 43,1
0020200497,222,8,0,2,13:22 PM,0:57,,,SUB: Brown FOR Williams,,
0020200497,223,6,1,2,13:23 PM,0:53,,,Brown P.FOUL (P1.PN),,
0020200497,224,3,11,2,13:23 PM,0:53,Wesley Free Throw 1 of 2 (5 PTS),,,42 - 44,2
0020200497,225,3,12,2,13:23 PM,0:53,Wesley Free Throw 2 of 2 (6 PTS),,,42 - 45,3
0020200497,227,6,4,2,13:24 PM,0:42,,,Williams OFF.Foul (P2),,
0020200497,228,5,5,2,13:24 PM,0:42,,,Williams Foul Turnover (P1.T7),,
0020200497,230,2,1,2,13:24 PM,0:33,MISS Brown 13' Jump Shot,,,,
0020200497,231,4,0,2,13:24 PM,0:32,Magloire REBOUND (Off:1 Def:2),,,,
0020200497,232,6,1,2,13:24 PM,0:32,,,Moore P.FOUL (P1.PN),,
0020200497,233,3,11,2,13:24 PM,0:32,MISS Magloire Free Throw 1 of 2,,,,
0020200497,234,4,1,2,13:24 PM,0:32,HORNETS Rebound,,,,
0020200497,235,3,12,2,13:25 PM,0:32,Magloire Free Throw 2 of 2 (3 PTS),,,42 - 46,4
0020200497,236,5,1,2,13:25 PM,0:16,Wesley STEAL (2 STL),,Walker Bad Pass Turnover (P3.T8),,
0020200497,237,2,1,2,13:25 PM,0:01,MISS Wesley  3PT Jump Shot,,,,
0020200497,238,4,0,2,13:25 PM,0:00,,,Williams REBOUND (Off:0 Def:1),,
0020200497,239,13,0,2,13:25 PM,0:00,,,,42 - 46,4
0020200497,241,12,0,3,13:43 PM,12:00,,,,42 - 46,4
0020200497,242,5,2,3,13:44 PM,11:48,Wesley STEAL (3 STL),,Pierce Lost Ball Turnover (P3.T9),,
0020200497,243,1,5,3,13:44 PM,11:43,Alexander  Layup (14 PTS) (Wesley 8 AST),,,42 - 48,6
0020200497,244,2,1,3,13:44 PM,11:26,,,MISS Pierce 24' 3PT Jump Shot,,
0020200497,245,4,0,3,13:45 PM,11:24,Mashburn REBOUND (Off:0 Def:1),,,,
0020200497,246,6,4,3,13:45 PM,11:08,Magloire OFF.Foul (P1),,,,
0020200497,247,5,5,3,13:45 PM,11:08,Magloire Foul Turnover (P1.T9),,,,
0020200497,248,1,5,3,13:45 PM,10:53,,,Williams  Layup (9 PTS) (Battie 2 AST),44 - 48,4
0020200497,249,6,2,3,13:46 PM,10:33,,,Walker S.FOUL (P2.T1),,
0020200497,250,3,11,3,13:46 PM,10:33,Wesley Free Throw 1 of 2 (7 PTS),,,44 - 49,5
0020200497,251,3,12,3,13:46 PM,10:33,MISS Wesley Free Throw 2 of 2,,,,
0020200497,252,4,0,3,13:46 PM,10:32,,,Walker REBOUND (Off:0 Def:5),,
0020200497,253,1,47,3,13:46 PM,10:13,,,Walker 18' Turnaround Jump Shot (9 PTS) (Williams 2 AST),46 - 49,3
0020200497,254,1,1,3,13:47 PM,9:58,Wesley 17' Jump Shot (9 PTS) (Alexander 2 AST),,,46 - 51,5
0020200497,255,6,2,3,13:47 PM,9:42,Magloire S.FOUL (P2.T1),,,,
0020200497,256,3,11,3,13:47 PM,9:42,,,Pierce Free Throw 1 of 2 (8 PTS),47 - 51,4
0020200497,257,3,12,3,13:47 PM,9:42,,,MISS Pierce Free Throw 2 of 2,,
0020200497,258,4,0,3,13:48 PM,9:40,Magloire REBOUND (Off:1 Def:3),,,,
0020200497,259,2,1,3,13:48 PM,9:28,MISS Alexander 16' Jump Shot,,,,
0020200497,260,4,0,3,13:48 PM,9:28,,,Celtics Rebound,,
0020200497,261,6,3,3,13:48 PM,9:28,Magloire L.B.FOUL (P3.T2),,,,
0020200497,262,1,5,3,13:48 PM,9:12,,,Williams  Layup (11 PTS),49 - 51,2
0020200497,263,2,1,3,13:49 PM,8:54,MISS Mashburn 21' Jump Shot,,,,
0020200497,264,4,0,3,13:49 PM,8:52,,,Celtics Rebound,,
0020200497,265,6,1,3,13:49 PM,8:41,Mashburn P.FOUL (P3.T3),,,,
0020200497,266,2,5,3,13:50 PM,8:32,,,MISS Walker  Layup,,
0020200497,267,4,0,3,13:50 PM,8:30,Wesley REBOUND (Off:0 Def:1),,,,
0020200497,268,6,4,3,13:50 PM,8:17,Magloire OFF.Foul (P4),,,,
0020200497,269,5,5,3,13:50 PM,8:17,Magloire Foul Turnover (P2.T10),,,,
0020200497,270,6,11,3,13:51 PM,8:17,Magloire T.FOUL (P4.T3),,,,
0020200497,271,3,16,3,13:51 PM,8:17,,,Pierce Free Throw Technical (9 PTS),50 - 51,1
0020200497,272,8,0,3,13:51 PM,8:17,SUB: Campbell FOR Magloire,,,,
0020200497,273,6,4,3,13:51 PM,8:05,,,Pierce OFF.Foul (P3),,
0020200497,274,5,5,3,13:51 PM,8:05,,,Pierce Foul Turnover (P4.T10),,
0020200497,276,5,1,3,13:51 PM,8:01,Wesley Bad Pass Turnover (P3.T11),,Williams STEAL (1 STL),,
0020200497,277,2,5,3,13:52 PM,7:45,,,MISS Pierce  Layup,,
0020200497,278,4,0,3,13:52 PM,7:42,,,Battie REBOUND (Off:2 Def:0),,
0020200497,279,5,1,3,13:52 PM,7:39,Mashburn STEAL (1 STL),,Battie Bad Pass Turnover (P1.T11),,
0020200497,280,1,5,3,13:52 PM,7:36,Mashburn  Layup (12 PTS),,,50 - 53,3
0020200497,281,1,1,3,13:52 PM,7:20,,,Delk 19' Jump Shot (10 PTS),52 - 53,1
0020200497,282,6,2,3,13:52 PM,7:09,,,Delk S.FOUL (P1.T2),,
0020200497,283,3,11,3,13:53 PM,7:09,Brown Free Throw 1 of 2 (4 PTS),,,52 - 54,2
0020200497,284,8,0,3,13:53 PM,7:09,,,SUB: McCarty FOR Walker,,
0020200497,285,3,12,3,13:53 PM,7:09,Brown Free Throw 2 of 2 (5 PTS),,,52 - 55,3
0020200497,286,2,1,3,13:53 PM,6:55,,,MISS Delk 26' 3PT Jump Shot,,
0020200497,287,4,0,3,13:53 PM,6:53,Campbell REBOUND (Off:3 Def:2),,,,
0020200497,288,2,1,3,13:53 PM,6:43,MISS Campbell 16' Jump Shot,,,,
0020200497,289,4,0,3,13:53 PM,6:41,,,Battie REBOUND (Off:2 Def:1),,
0020200497,290,2,1,3,13:54 PM,6:26,,,MISS Delk 7' Jump Shot,,
0020200497,291,4,0,3,13:54 PM,6:24,Mashburn REBOUND (Off:0 Def:2),,,,
0020200497,292,1,1,3,13:54 PM,6:18,Mashburn 14' Jump Shot (14 PTS),,,52 - 57,5
0020200497,293,9,1,3,13:54 PM,6:15,,,Celtics Timeout: Regular (Reg.3 Short 0),,
0020200497,295,8,0,3,13:57 PM,6:15,,,SUB: Walker FOR Williams,,
0020200497,296,8,0,3,13:57 PM,6:15,,,SUB: Williams FOR Battie,,
0020200497,297,8,0,3,13:57 PM,6:15,,,SUB: Brown FOR Delk,,
0020200497,298,8,0,3,13:57 PM,6:15,,,SUB: Baker FOR McCarty,,
0020200497,299,6,2,3,13:58 PM,6:04,Campbell S.FOUL (P2.T4),,,,
0020200497,300,3,11,3,13:58 PM,6:04,,,Pierce Free Throw 1 of 2 (10 PTS),53 - 57,4
0020200497,301,3,12,3,13:58 PM,6:04,,,Pierce Free Throw 2 of 2 (11 PTS),54 - 57,3
0020200497,302,1,1,3,13:58 PM,5:53,Wesley 20' Jump Shot (11 PTS) (Alexander 3 AST),,,54 - 59,5
0020200497,303,2,1,3,13:59 PM,5:39,,,MISS Pierce 16' Jump Shot,,
0020200497,304,4,0,3,13:59 PM,5:37,Campbell REBOUND (Off:3 Def:3),,,,
0020200497,305,2,1,3,13:59 PM,5:22,MISS Alexander 15' Jump Shot,,,,
0020200497,306,4,0,3,13:59 PM,5:20,,,Pierce REBOUND (Off:0 Def:2),,
0020200497,307,6,1,3,13:59 PM,5:16,Wesley P.FOUL (P3.PN),,,,
0020200497,308,3,11,3,13:59 PM,5:16,,,Pierce Free Throw 1 of 2 (12 PTS),55 - 59,4
0020200497,309,3,12,3,14:00 PM,5:16,,,Pierce Free Throw 2 of 2 (13 PTS),56 - 59,3
0020200497,310,1,1,3,14:00 PM,4:58,Mashburn 25' 3PT Jump Shot (17 PTS) (Alexander 4 AST),,,56 - 62,6
0020200497,311,1,1,3,14:01 PM,4:41,,,Williams 25' 3PT Jump Shot (8 PTS) (Pierce 5 AST),59 - 62,3
0020200497,312,1,1,3,14:01 PM,4:29,Wesley 25' 3PT Jump Shot (14 PTS) (Campbell 1 AST),,,59 - 65,6
0020200497,313,2,1,3,14:01 PM,4:10,,,MISS Brown 14' Jump Shot,,
0020200497,314,4,0,3,14:01 PM,4:08,Alexander REBOUND (Off:1 Def:2),,,,
0020200497,315,2,1,3,14:01 PM,3:54,MISS Alexander 25' 3PT Jump Shot,,,,
0020200497,316,4,0,3,14:01 PM,3:52,,,Brown REBOUND (Off:0 Def:1),,
0020200497,317,1,1,3,14:02 PM,3:43,,,Pierce 25' 3PT Jump Shot (16 PTS) (Williams 2 AST),62 - 65,3
0020200497,318,5,1,3,14:02 PM,3:23,Mashburn Bad Pass Turnover (P2.T12),,Walker STEAL (1 STL),,
0020200497,319,2,1,3,14:02 PM,3:19,,,MISS Williams 25' 3PT Jump Shot,,
0020200497,320,4,0,3,14:02 PM,3:17,,,Celtics Rebound,,
0020200497,321,8,0,3,14:02 PM,3:17,,,SUB: Williams FOR Brown,,
0020200497,322,2,1,3,14:02 PM,3:07,,,MISS Walker 24' 3PT Jump Shot,,
0020200497,323,4,0,3,14:03 PM,3:05,,,Williams REBOUND (Off:1 Def:1),,
0020200497,324,1,1,3,14:03 PM,2:59,,,Williams 24' 3PT Jump Shot (14 PTS) (Williams 3 AST),65 - 65,TIE
0020200497,325,2,1,3,14:03 PM,2:34,MISS Mashburn 17' Jump Shot,,,,
0020200497,326,4,0,3,14:03 PM,2:32,,,Williams REBOUND (Off:0 Def:5),,
0020200497,328,6,17,3,14:04 PM,2:20,HORNETS T.Foul (Def. 3 Sec Campbell ),,,,
0020200497,329,9,1,3,14:04 PM,2:20,HORNETS Timeout: Regular (Full 3 Short 1),,,,
0020200497,331,8,0,3,14:07 PM,2:20,SUB: Moiso FOR Brown,,,,
0020200497,332,8,0,3,14:07 PM,2:20,SUB: Augmon FOR Mashburn,,,,
0020200497,333,3,16,3,14:07 PM,2:20,,,Pierce Free Throw Technical (17 PTS),66 - 65,-1
0020200497,334,6,2,3,14:08 PM,2:12,Moiso S.FOUL (P2.PN),,,,
0020200497,335,3,11,3,14:08 PM,2:12,,,MISS Walker Free Throw 1 of 2,,
0020200497,336,4,1,3,14:08 PM,2:12,,,Celtics Rebound,,
0020200497,337,3,12,3,14:08 PM,2:12,,,Walker Free Throw 2 of 2 (10 PTS),67 - 65,-2
0020200497,338,1,1,3,14:08 PM,1:58,Wesley 24' 3PT Jump Shot (17 PTS) (Moiso 1 AST),,,67 - 68,1
0020200497,339,2,5,3,14:09 PM,1:30,,,MISS Walker  Layup,,
0020200497,340,4,0,3,14:09 PM,1:30,HORNETS Rebound,,,,
0020200497,341,5,1,3,14:09 PM,1:18,Wesley Bad Pass Turnover (P4.T13),,Williams STEAL (1 STL),,
0020200497,342,1,7,3,14:09 PM,1:14,,,Walker  Dunk (12 PTS),69 - 68,-1
0020200497,343,6,1,3,14:10 PM,0:56,,,Williams P.FOUL (P3.T3),,
0020200497,344,2,1,3,14:10 PM,0:46,MISS Wesley 25' 3PT Jump Shot,,,,
0020200497,345,4,0,3,14:10 PM,0:44,,,Williams REBOUND (Off:1 Def:2),,
0020200497,346,2,1,3,14:10 PM,0:38,,,MISS Pierce 25' 3PT Jump Shot,,
0020200497,347,4,0,3,14:10 PM,0:37,,,Walker REBOUND (Off:1 Def:5),,
0020200497,348,2,1,3,14:11 PM,0:28,,,MISS Williams  3PT Jump Shot,,
0020200497,349,4,0,3,14:11 PM,0:28,Alexander REBOUND (Off:1 Def:3),,,,
0020200497,350,6,3,3,14:11 PM,0:28,,,Baker L.B.FOUL (P2.PN),,
0020200497,351,3,11,3,14:11 PM,0:28,Alexander Free Throw 1 of 2 (15 PTS),,,69 - 69,TIE
0020200497,352,8,0,3,14:12 PM,0:28,,,SUB: Delk FOR Baker,,
0020200497,353,8,0,3,14:12 PM,0:28,,,SUB: McCarty FOR Williams,,
0020200497,354,3,12,3,14:12 PM,0:28,Alexander Free Throw 2 of 2 (16 PTS),,,69 - 70,1
0020200497,355,8,0,3,14:12 PM,0:28,SUB: Brown FOR Campbell,,,,
0020200497,358,2,1,3,14:13 PM,0:04,,,MISS Walker 26' 3PT Jump Shot,,
0020200497,359,4,0,3,14:13 PM,0:03,HORNETS Rebound,,,,
0020200497,360,13,0,3,14:13 PM,0:00,,,,69 - 70,1
0020200497,362,12,0,4,14:16 PM,12:00,,,,69 - 70,1
0020200497,363,5,2,4,14:17 PM,11:37,Campbell Lost Ball Turnover (P1.T14),,Pierce STEAL (3 STL),,
0020200497,364,6,1,4,14:17 PM,11:25,Moiso P.FOUL (P3.T1),,,,
0020200497,365,2,5,4,14:17 PM,11:12,Campbell BLOCK (2 BLK),,MISS Walker  Layup,,
0020200497,366,4,0,4,14:17 PM,11:12,HORNETS Rebound,,,,
0020200497,367,6,3,4,14:17 PM,11:12,,,Battie L.B.FOUL (P3.T1),,
0020200497,368,5,1,4,14:18 PM,10:58,Moiso Bad Pass Turnover (P2.T15),,Battie STEAL (1 STL),,
0020200497,369,6,2,4,14:18 PM,10:53,Alexander S.FOUL (P2.T2),,,,
0020200497,370,3,11,4,14:18 PM,10:53,,,Pierce Free Throw 1 of 2 (18 PTS),70 - 70,TIE
0020200497,371,8,0,4,14:18 PM,10:53,,,SUB: Williams FOR McCarty,,
0020200497,372,3,12,4,14:18 PM,10:53,,,Pierce Free Throw 2 of 2 (19 PTS),71 - 70,-1
0020200497,373,1,1,4,14:19 PM,10:31,Mashburn 17' Jump Shot (19 PTS),,,71 - 72,1
0020200497,374,6,1,4,14:19 PM,10:18,Mashburn P.FOUL (P4.T3),,,,
0020200497,375,8,0,4,14:19 PM,10:18,SUB: Brown FOR Moiso,,,,
0020200497,376,1,63,4,14:20 PM,10:09,,,Pierce 14' Fadeaway Jumper (21 PTS),73 - 72,-1
0020200497,377,2,1,4,14:20 PM,9:52,MISS Mashburn 25' 3PT Jump Shot,,,,
0020200497,378,4,0,4,14:20 PM,9:50,,,Delk REBOUND (Off:1 Def:1),,
0020200497,379,6,4,4,14:20 PM,9:43,,,Walker OFF.Foul (P3),,
0020200497,380,5,5,4,14:20 PM,9:43,,,Walker Foul Turnover (P4.T12),,
0020200497,381,2,1,4,14:21 PM,9:34,MISS Brown 10' Jump Shot,,,,
0020200497,382,4,0,4,14:21 PM,9:32,,,Williams REBOUND (Off:0 Def:6),,
0020200497,383,2,1,4,14:21 PM,9:14,,,MISS Pierce 22' Jump Shot,,
0020200497,384,4,0,4,14:21 PM,9:14,,,Celtics Rebound,,
0020200497,385,6,3,4,14:21 PM,9:14,Campbell L.B.FOUL (P3.T4),,,,
0020200497,388,8,0,4,14:21 PM,9:14,SUB: Wesley FOR Alexander,,,,
0020200497,386,2,5,4,14:22 PM,9:06,,,MISS Pierce  Layup,,
0020200497,387,4,0,4,14:22 PM,9:04,Augmon REBOUND (Off:0 Def:2),,,,
0020200497,389,1,1,4,14:22 PM,8:53,Campbell 16' Jump Shot (6 PTS) (Augmon 1 AST),,,73 - 74,1
0020200497,391,1,1,4,14:22 PM,8:28,,,Delk 24' 3PT Jump Shot (13 PTS) (Pierce 6 AST),76 - 74,-2
0020200497,392,6,2,4,14:23 PM,8:09,,,Pierce S.FOUL (P4.T2),,
0020200497,394,9,4,4,14:23 PM,8:09,,,,,
0020200497,396,3,11,4,14:27 PM,8:09,MISS Campbell Free Throw 1 of 2,,,,
0020200497,397,4,1,4,14:27 PM,8:09,HORNETS Rebound,,,,
0020200497,398,3,12,4,14:27 PM,8:09,Campbell Free Throw 2 of 2 (7 PTS),,,76 - 75,-1
0020200497,399,6,2,4,14:28 PM,7:57,Campbell S.FOUL (P4.PN),,,,
0020200497,400,3,11,4,14:28 PM,7:57,,,Pierce Free Throw 1 of 2 (22 PTS),77 - 75,-2
0020200497,401,3,12,4,14:28 PM,7:57,,,Pierce Free Throw 2 of 2 (23 PTS),78 - 75,-3
0020200497,402,6,1,4,14:29 PM,7:48,,,Delk P.FOUL (P2.T3),,
0020200497,403,2,1,4,14:29 PM,7:35,MISS Brown 19' Jump Shot,,,,
0020200497,404,4,0,4,14:30 PM,7:32,,,Pierce REBOUND (Off:0 Def:3),,
0020200497,405,1,1,4,14:30 PM,7:11,,,Delk 24' 3PT Jump Shot (16 PTS) (Williams 3 AST),81 - 75,-6
0020200497,406,9,1,4,14:30 PM,7:08,HORNETS Timeout: Regular (Full 4 Short 1),,,,
0020200497,408,8,0,4,14:33 PM,7:08,SUB: Alexander FOR Campbell,,,,
0020200497,409,8,0,4,14:33 PM,7:08,SUB: Traylor FOR Augmon,,,,
0020200497,410,2,1,4,14:34 PM,6:44,MISS Alexander 15' Jump Shot,,,,
0020200497,411,4,0,4,14:34 PM,6:41,,,Battie REBOUND (Off:2 Def:2),,
0020200497,412,1,1,4,14:34 PM,6:27,,,Pierce 25' 3PT Jump Shot (26 PTS) (Williams 4 AST),84 - 75,-9
0020200497,413,6,2,4,14:35 PM,6:03,,,Battie S.FOUL (P4.T4),,
0020200497,414,3,11,4,14:35 PM,6:03,MISS Brown Free Throw 1 of 2,,,,
0020200497,415,4,1,4,14:35 PM,6:03,HORNETS Rebound,,,,
0020200497,416,3,12,4,14:35 PM,6:03,Brown Free Throw 2 of 2 (6 PTS),,,84 - 76,-8
0020200497,417,8,0,4,14:35 PM,6:03,SUB: Lynch FOR Alexander,,,,
0020200497,418,5,1,4,14:36 PM,5:53,Mashburn STEAL (2 STL),,Walker Bad Pass Turnover (P5.T13),,
0020200497,419,2,1,4,14:36 PM,5:45,MISS Mashburn 18' Jump Shot,,,,
0020200497,420,4,0,4,14:36 PM,5:43,,,Williams REBOUND (Off:0 Def:7),,
0020200497,421,1,5,4,14:36 PM,5:27,,,Williams  Layup (16 PTS),86 - 76,-10
0020200497,422,2,1,4,14:36 PM,5:10,MISS Mashburn 18' Jump Shot,,,,
0020200497,423,4,0,4,14:37 PM,5:08,,,Battie REBOUND (Off:2 Def:3),,
0020200497,424,5,2,4,14:37 PM,4:53,,,Williams Lost Ball Turnover (P1.T14),,
0020200497,425,2,1,4,14:37 PM,4:39,MISS Wesley 11' Jump Shot,,,,
0020200497,426,4,0,4,14:37 PM,4:37,Traylor REBOUND (Off:2 Def:2),,,,
0020200497,427,2,1,4,14:37 PM,4:34,MISS Traylor 6' Jump Shot,,,,
0020200497,428,4,0,4,14:37 PM,4:33,,,Battie REBOUND (Off:2 Def:4),,
0020200497,429,2,1,4,14:37 PM,4:19,,,MISS Battie 15' Jump Shot,,
0020200497,430,4,0,4,14:38 PM,4:17,Brown REBOUND (Off:1 Def:4),,,,
0020200497,431,2,1,4,14:38 PM,4:11,MISS Wesley 20' Jump Shot,,,,
0020200497,432,4,0,4,14:38 PM,4:10,HORNETS Rebound,,,,
0020200497,433,2,1,4,14:38 PM,3:58,MISS Traylor 15' Jump Shot,,,,
0020200497,434,4,0,4,14:38 PM,3:56,,,Pierce REBOUND (Off:0 Def:4),,
0020200497,436,6,2,4,14:38 PM,3:43,Lynch S.FOUL (P1.PN),,,,
0020200497,437,8,0,4,14:39 PM,3:43,SUB: Magloire FOR Traylor,,,,
0020200497,438,3,11,4,14:39 PM,3:43,,,Pierce Free Throw 1 of 2 (27 PTS),87 - 76,-11
0020200497,439,8,0,4,14:39 PM,3:43,SUB: Alexander FOR Brown,,,,
0020200497,440,3,12,4,14:39 PM,3:43,,,Pierce Free Throw 2 of 2 (28 PTS),88 - 76,-12
0020200497,441,2,1,4,14:40 PM,3:30,MISS Lynch 24' 3PT Jump Shot,,,,
0020200497,442,4,0,4,14:40 PM,3:29,Magloire REBOUND (Off:2 Def:3),,,,
0020200497,443,6,3,4,14:40 PM,3:29,,,Walker L.B.FOUL (P4.PN),,
0020200497,444,3,11,4,14:40 PM,3:29,Magloire Free Throw 1 of 2 (4 PTS),,,88 - 77,-11
0020200497,445,3,12,4,14:40 PM,3:29,MISS Magloire Free Throw 2 of 2,,,,
0020200497,446,4,0,4,14:41 PM,3:28,,,Battie REBOUND (Off:2 Def:5),,
0020200497,447,2,5,4,14:41 PM,3:12,,,MISS Battie  Layup,,
0020200497,448,4,0,4,14:41 PM,3:11,,,Walker REBOUND (Off:2 Def:5),,
0020200497,449,2,1,4,14:41 PM,3:09,Magloire BLOCK (2 BLK),,MISS Walker 7' Jump Shot,,
0020200497,450,4,0,4,14:41 PM,3:06,Mashburn REBOUND (Off:0 Def:3),,,,
0020200497,451,2,1,4,14:41 PM,3:01,MISS Wesley 25' 3PT Jump Shot,,,,
0020200497,452,4,0,4,14:41 PM,2:58,Wesley REBOUND (Off:1 Def:1),,,,
0020200497,453,2,1,4,14:41 PM,2:56,MISS Wesley 24' 3PT Jump Shot,,,,
0020200497,454,4,0,4,14:41 PM,2:52,,,Pierce REBOUND (Off:0 Def:5),,
0020200497,456,9,1,4,14:41 PM,2:40,,,Celtics Timeout: Regular (Reg.4 Short 0),,
0020200497,457,2,1,4,14:45 PM,2:34,,,MISS Walker 25' 3PT Jump Shot,,
0020200497,458,4,0,4,14:45 PM,2:32,Wesley REBOUND (Off:1 Def:2),,,,
0020200497,459,5,2,4,14:45 PM,2:15,Wesley Lost Ball Turnover (P5.T16),,,,
0020200497,460,2,1,4,14:45 PM,1:57,,,MISS Pierce 25' 3PT Jump Shot,,
0020200497,461,4,0,4,14:46 PM,1:56,,,Celtics Rebound,,
0020200497,462,6,3,4,14:46 PM,1:56,Magloire L.B.FOUL (P5.PN),,,,
0020200497,463,3,11,4,14:46 PM,1:56,,,Battie Free Throw 1 of 2 (7 PTS),89 - 77,-12
0020200497,464,3,12,4,14:46 PM,1:56,,,Battie Free Throw 2 of 2 (8 PTS),90 - 77,-13
0020200497,465,6,1,4,14:47 PM,1:47,,,Williams P.FOUL (P3.PN),,
0020200497,466,3,11,4,14:47 PM,1:47,Mashburn Free Throw 1 of 2 (20 PTS),,,90 - 78,-12
0020200497,467,3,12,4,14:47 PM,1:47,Mashburn Free Throw 2 of 2 (21 PTS),,,90 - 79,-11
0020200497,468,6,2,4,14:47 PM,1:29,Mashburn S.FOUL (P5.PN),,,,
0020200497,469,3,11,4,14:48 PM,1:29,,,MISS Williams Free Throw 1 of 2,,
0020200497,470,4,1,4,14:48 PM,1:29,,,Celtics Rebound,,
0020200497,471,3,12,4,14:48 PM,1:29,,,Williams Free Throw 2 of 2 (17 PTS),91 - 79,-12
0020200497,473,2,1,4,14:48 PM,1:18,MISS Alexander 25' 3PT Jump Shot,,,,
0020200497,474,4,0,4,14:48 PM,1:16,,,Delk REBOUND (Off:1 Def:2),,
0020200497,475,1,42,4,14:49 PM,0:57,,,Walker  Driving Layup (14 PTS),93 - 79,-14
0020200497,476,2,1,4,14:49 PM,0:43,MISS Mashburn  3PT Jump Shot,,,,
0020200497,477,4,0,4,14:49 PM,0:40,Lynch REBOUND (Off:1 Def:0),,,,
0020200497,478,2,1,4,14:49 PM,0:37,MISS Mashburn 24' 3PT Jump Shot,,,,
0020200497,479,4,0,4,14:49 PM,0:35,Magloire REBOUND (Off:3 Def:3),,,,
0020200497,480,1,1,4,14:49 PM,0:34,Alexander 22' Jump Shot (18 PTS) (Magloire 2 AST),,,93 - 81,-12
0020200497,481,2,1,4,14:50 PM,0:16,,,MISS Delk 24' 3PT Jump Shot,,
0020200497,482,4,0,4,14:50 PM,0:13,Magloire REBOUND (Off:3 Def:4),,,,
0020200497,483,1,5,4,14:50 PM,0:10,Alexander  Layup (20 PTS) (Magloire 3 AST),,,93 - 83,-10
0020200497,485,13,0,4,14:50 PM,0:00,,,,93 - 83,-10
