GAME_ID,EVENTNUM,EVENTMSGTYPE,EVENTMSGACTIONTYPE,PERIOD,WCTIMESTRING,PCTIMESTRING,HOMEDESCRIPTION,NEUTRALDESCRIPTION,VISITORDESCRIPTION,SCORE,SCOREMARGIN,PERSON1TYPE,PLAYER1_ID,PLAYER1_NAME,PLAYER1_TEAM_ID,PLAYER1_TEAM_CITY,PLAYER1_TEAM_NICKNAME,PLAYER1_TEAM_ABBREVIATION,PERSON2TYPE,PLAYER2_ID,PLAYER2_NAME,PLAYER2_TEAM_ID,PLAYER2_TEAM_CITY,PLAYER2_TEAM_NICKNAME,PLAYER2_TEAM_ABBREVIATION,PERSON3TYPE,PLAYER3_ID,PLAYER3_NAME,PLAYER3_TEAM_ID,PLAYER3_TEAM_CITY,PLAYER3_TEAM_NICKNAME,PLAYER3_TEAM_ABBREVIATION,VIDEO_AVAILABLE_FLAG
0021000914,0,12,0,1,3:13 PM,12:00,,,,,,0,0,,,,,,0,0,,,,,,0,0,,,,,,0
0021000914,1,10,0,1,3:13 PM,12:00,Jump Ball Lopez vs. Bargnani: Tip to James,,,,,4,201572,Brook Lopez,1610612751.0,New Jersey,Nets,NJN,5,200745,Andrea Bargnani,1610612761.0,Toronto,Raptors,TOR,4,202345,Damion James,1610612751.0,New Jersey,Nets,NJN,0
0021000914,2,1,1,1,3:13 PM,11:44,Lopez 7' Jump Shot (2 PTS),,,0 - 2,2,4,201572,Brook Lopez,1610612751.0,New Jersey,Nets,NJN,0,0,,,,,,0,0,,,,,,0
0021000914,3,2,1,1,3:14 PM,11:25,Lopez BLOCK (1 BLK),,MISS Johnson 5' Jump Shot,,,5,201949,James Johnson,1610612761.0,Toronto,Raptors,TOR,0,0,,,,,,4,201572,Brook Lopez,1610612751.0,New Jersey,Nets,NJN,0
0021000914,4,4,0,1,3:14 PM,11:23,Humphries REBOUND (Off:0 Def:1),,,,,4,2743,Kris Humphries,1610612751.0,New Jersey,Nets,NJN,0,0,,,,,,0,0,,,,,,0
0021000914,5,1,5,1,3:14 PM,11:15,Humphries 2' Layup (2 PTS) (James 1 AST),,,0 - 4,4,4,2743,Kris Humphries,1610612751.0,New Jersey,Nets,NJN,4,202345,Damion James,1610612751.0,New Jersey,Nets,NJN,0,0,,,,,,0
0021000914,6,6,2,1,3:14 PM,11:15,,,Johnson S.FOUL (P1.T1),,,5,101161,Amir Johnson,1610612761.0,Toronto,Raptors,TOR,4,2743,Kris Humphries,1610612751.0,New Jersey,Nets,NJN,1,0,,,,,,0
0021000914,7,3,10,1,3:14 PM,11:15,MISS Humphries Free Throw 1 of 1,,,,,4,2743,Kris Humphries,1610612751.0,New Jersey,Nets,NJN,0,0,,,,,,0,0,,,,,,0
0021000914,9,4,0,1,3:14 PM,11:14,,,Bargnani REBOUND (Off:0 Def:1),,,5,200745,Andrea Bargnani,1610612761.0,Toronto,Raptors,TOR,0,0,,,,,,0,0,,,,,,0
0021000914,10,1,1,1,3:15 PM,11:13,,,DeRozan 16' Jump Shot (2 PTS) (Bargnani 1 AST),2 - 4,2,5,201942,DeMar DeRozan,1610612761.0,Toronto,Raptors,TOR,5,200745,Andrea Bargnani,1610612761.0,Toronto,Raptors,TOR,0,0,,,,,,0
0021000914,11,2,1,1,3:15 PM,10:59,MISS Morrow 21' Jump Shot,,,,,4,201627,Anthony Morrow,1610612751.0,New Jersey,Nets,NJN,0,0,,,,,,0,0,,,,,,0
0021000914,12,4,0,1,3:15 PM,10:57,,,Raptors Rebound,,,3,1610612761,,,,,,0,0,,,,,,0,0,,,,,,0
0021000914,13,2,1,1,3:15 PM,10:14,,,MISS Johnson 13' Jump Shot,,,5,201949,James Johnson,1610612761.0,Toronto,Raptors,TOR,0,0,,,,,,0,0,,,,,,0
0021000914,14,4,0,1,3:15 PM,10:12,Humphries REBOUND (Off:0 Def:2),,,,,4,2743,Kris Humphries,1610612751.0,New Jersey,Nets,NJN,0,0,,,,,,0,0,,,,,,0
0021000914,15,2,1,1,3:16 PM,9:49,MISS D. Williams 28' 3PT Jump Shot,,,,,4,101114,Deron Williams,1610612751.0,New Jersey,Nets,NJN,0,0,,,,,,0,0,,,,,,0
0021000914,16,4,0,1,3:16 PM,9:46,,,Raptors Rebound,,,3,1610612761,,,,,,0,0,,,,,,0,0,,,,,,0
0021000914,17,6,3,1,3:16 PM,9:43,Lopez L.B.FOUL (P1.T1),,,,,4,201572,Brook Lopez,1610612751.0,New Jersey,Nets,NJN,5,101161,Amir Johnson,1610612761.0,Toronto,Raptors,TOR,1,0,,,,,,0
0021000914,19,1,1,1,3:16 PM,9:37,,,DeRozan 4' Jump Shot (4 PTS),4 - 4,TIE,5,201942,DeMar DeRozan,1610612761.0,Toronto,Raptors,TOR,0,0,,,,,,0,0,,,,,,0
0021000914,20,1,7,1,3:17 PM,9:28,Lopez 2' Dunk (4 PTS) (D. Williams 1 AST),,,4 - 6,2,4,201572,Brook Lopez,1610612751.0,New Jersey,Nets,NJN,4,101114,Deron Williams,1610612751.0,New Jersey,Nets,NJN,0,0,,,,,,0
0021000914,21,1,1,1,3:17 PM,9:15,,,Johnson 19' Jump Shot (2 PTS) (Calderon 1 AST),6 - 6,TIE,5,101161,Amir Johnson,1610612761.0,Toronto,Raptors,TOR,5,101181,Jose Calderon,1610612761.0,Toronto,Raptors,TOR,0,0,,,,,,0
0021000914,22,1,5,1,3:17 PM,8:53,D. Williams 1' Layup (2 PTS),,,6 - 8,2,4,101114,Deron Williams,1610612751.0,New Jersey,Nets,NJN,0,0,,,,,,0,0,,,,,,0
0021000914,23,2,1,1,3:17 PM,8:40,,,MISS Calderon 19' Jump Shot,,,5,101181,Jose Calderon,1610612761.0,Toronto,Raptors,TOR,0,0,,,,,,0,0,,,,,,0
0021000914,24,4,0,1,3:17 PM,8:38,Humphries REBOUND (Off:0 Def:3),,,,,4,2743,Kris Humphries,1610612751.0,New Jersey,Nets,NJN,0,0,,,,,,0,0,,,,,,0
0021000914,25,1,65,1,3:17 PM,8:34,Lopez 7' Jump Hook Shot (6 PTS),,,6 - 10,4,4,201572,Brook Lopez,1610612751.0,New Jersey,Nets,NJN,0,0,,,,,,0,0,,,,,,0
0021000914,26,1,1,1,3:18 PM,8:12,,,Calderon 21' Jump Shot (2 PTS),8 - 10,2,5,101181,Jose Calderon,1610612761.0,Toronto,Raptors,TOR,0,0,,,,,,0,0,,,,,,0
0021000914,27,2,1,1,3:18 PM,8:02,MISS D. Williams 24' 3PT Jump Shot,,,,,4,101114,Deron Williams,1610612751.0,New Jersey,Nets,NJN,0,0,,,,,,0,0,,,,,,0
0021000914,28,4,0,1,3:18 PM,8:00,,,Johnson REBOUND (Off:0 Def:1),,,5,201949,James Johnson,1610612761.0,Toronto,Raptors,TOR,0,0,,,,,,0,0,,,,,,0
0021000914,29,2,5,1,3:18 PM,7:50,Humphries BLOCK (1 BLK),,MISS Johnson 3' Layup,,,5,101161,Amir Johnson,1610612761.0,Toronto,Raptors,TOR,0,0,,,,,,4,2743,Kris Humphries,1610612751.0,New Jersey,Nets,NJN,0
0021000914,30,4,0,1,3:18 PM,7:48,NETS Rebound,,,,,2,1610612751,,,,,,0,0,,,,,,0,0,,,,,,0
0021000914,31,2,40,1,3:19 PM,7:36,MISS D. Williams 2' Layup,,,,,4,101114,Deron Williams,1610612751.0,New Jersey,Nets,NJN,0,0,,,,,,0,0,,,,,,0
0021000914,32,4,0,1,3:19 PM,7:32,,,Johnson REBOUND (Off:0 Def:2),,,5,201949,James Johnson,1610612761.0,Toronto,Raptors,TOR,0,0,,,,,,0,0,,,,,,0
0021000914,33,1,1,1,3:19 PM,7:27,,,Bargnani 11' Jump Shot (2 PTS) (Johnson 1 AST),10 - 10,TIE,5,200745,Andrea Bargnani,1610612761.0,Toronto,Raptors,TOR,5,201949,James Johnson,1610612761.0,Toronto,Raptors,TOR,0,0,,,,,,0
0021000914,34,1,1,1,3:19 PM,7:04,Morrow 24' 3PT Jump Shot (3 PTS) (D. Williams 2 AST),,,10 - 13,3,4,201627,Anthony Morrow,1610612751.0,New Jersey,Nets,NJN,4,101114,Deron Williams,1610612751.0,New Jersey,Nets,NJN,0,0,,,,,,0
0021000914,35,2,1,1,3:19 PM,6:46,,,MISS Calderon 21' Jump Shot,,,5,101181,Jose Calderon,1610612761.0,Toronto,Raptors,TOR,0,0,,,,,,0,0,,,,,,0
0021000914,36,4,0,1,3:19 PM,6:45,Humphries REBOUND (Off:0 Def:4),,,,,4,2743,Kris Humphries,1610612751.0,New Jersey,Nets,NJN,0,0,,,,,,0,0,,,,,,0
0021000914,37,5,1,1,3:20 PM,6:34,Lopez Bad Pass Turnover (P1.T1),,,,,4,201572,Brook Lopez,1610612751.0,New Jersey,Nets,NJN,0,0,,,,,,0,0,,,,,,0
0021000914,38,2,1,1,3:20 PM,6:23,,,MISS DeRozan 14' Jump Shot,,,5,201942,DeMar DeRozan,1610612761.0,Toronto,Raptors,TOR,0,0,,,,,,0,0,,,,,,0
0021000914,39,4,0,1,3:20 PM,6:21,Humphries REBOUND (Off:0 Def:5),,,,,4,2743,Kris Humphries,1610612751.0,New Jersey,Nets,NJN,0,0,,,,,,0,0,,,,,,0
0021000914,40,6,2,1,3:20 PM,6:14,,,Johnson S.FOUL (P1.T2),,,5,201949,James Johnson,1610612761.0,Toronto,Raptors,TOR,4,202345,Damion James,1610612751.0,New Jersey,Nets,NJN,1,0,,,,,,0
0021000914,41,3,11,1,3:20 PM,6:14,James Free Throw 1 of 2 (1 PTS),,,10 - 14,4,4,202345,Damion James,1610612751.0,New Jersey,Nets,NJN,0,0,,,,,,0,0,,,,,,0
0021000914,43,3,12,1,3:21 PM,6:14,James Free Throw 2 of 2 (2 PTS),,,10 - 15,5,4,202345,Damion James,1610612751.0,New Jersey,Nets,NJN,0,0,,,,,,0,0,,,,,,0
0021000914,45,6,2,1,3:21 PM,6:03,Morrow S.FOUL (P1.T2),,,,,4,201627,Anthony Morrow,1610612751.0,New Jersey,Nets,NJN,5,201942,DeMar DeRozan,1610612761.0,Toronto,Raptors,TOR,1,0,,,,,,0
0021000914,46,3,11,1,3:21 PM,6:03,,,DeRozan Free Throw 1 of 2 (5 PTS),11 - 15,4,5,201942,DeMar DeRozan,1610612761.0,Toronto,Raptors,TOR,0,0,,,,,,0,0,,,,,,0
0021000914,48,3,12,1,3:21 PM,6:03,,,DeRozan Free Throw 2 of 2 (6 PTS),12 - 15,3,5,201942,DeMar DeRozan,1610612761.0,Toronto,Raptors,TOR,0,0,,,,,,0,0,,,,,,0
0021000914,50,2,1,1,3:22 PM,5:44,MISS Morrow 4' Jump Shot,,Johnson BLOCK (1 BLK),,,4,201627,Anthony Morrow,1610612751.0,New Jersey,Nets,NJN,0,0,,,,,,5,201949,James Johnson,1610612761.0,Toronto,Raptors,TOR,0
0021000914,51,4,0,1,3:22 PM,5:42,,,Calderon REBOUND (Off:0 Def:1),,,5,101181,Jose Calderon,1610612761.0,Toronto,Raptors,TOR,0,0,,,,,,0,0,,,,,,0
0021000914,52,2,1,1,3:22 PM,5:38,,,MISS Johnson 4' Jump Shot,,,5,101161,Amir Johnson,1610612761.0,Toronto,Raptors,TOR,0,0,,,,,,0,0,,,,,,0
0021000914,53,4,0,1,3:22 PM,5:36,James REBOUND (Off:0 Def:1),,,,,4,202345,Damion James,1610612751.0,New Jersey,Nets,NJN,0,0,,,,,,0,0,,,,,,0
0021000914,54,2,5,1,3:22 PM,5:32,MISS James 2' Layup,,,,,4,202345,Damion James,1610612751.0,New Jersey,Nets,NJN,0,0,,,,,,0,0,,,,,,0
0021000914,59,4,0,1,3:22 PM,5:31,Humphries REBOUND (Off:1 Def:5),,,,,4,2743,Kris Humphries,1610612751.0,New Jersey,Nets,NJN,0,0,,,,,,0,0,,,,,,0
0021000914,58,2,53,1,3:22 PM,5:30,MISS Humphries  Tip Shot,,,,,4,2743,Kris Humphries,1610612751.0,New Jersey,Nets,NJN,0,0,,,,,,0,0,,,,,,0
0021000914,55,4,0,1,3:22 PM,5:29,,,Bargnani REBOUND (Off:0 Def:2),,,5,200745,Andrea Bargnani,1610612761.0,Toronto,Raptors,TOR,0,0,,,,,,0,0,,,,,,0
0021000914,56,1,49,1,3:22 PM,5:25,,,DeRozan 3' Driving Dunk (8 PTS) (Calderon 2 AST),14 - 15,1,5,201942,DeMar DeRozan,1610612761.0,Toronto,Raptors,TOR,5,101181,Jose Calderon,1610612761.0,Toronto,Raptors,TOR,0,0,,,,,,0
0021000914,57,9,1,1,3:23 PM,5:13,NETS Timeout: Regular (Full 1 Short 0),,,,,2,1610612751,,,,,,0,0,,,,,,0,0,,,,,,0
0021000914,61,1,88,1,3:25 PM,5:05,Lopez 2' Driving Slam Dunk (8 PTS) (D. Williams 3 AST),,,14 - 17,3,4,201572,Brook Lopez,1610612751.0,New Jersey,Nets,NJN,4,101114,Deron Williams,1610612751.0,New Jersey,Nets,NJN,0,0,,,,,,0
0021000914,62,2,1,1,3:26 PM,4:46,,,MISS DeRozan 12' Jump Shot,,,5,201942,DeMar DeRozan,1610612761.0,Toronto,Raptors,TOR,0,0,,,,,,0,0,,,,,,0
0021000914,63,4,0,1,3:26 PM,4:44,D. Williams REBOUND (Off:0 Def:1),,,,,4,101114,Deron Williams,1610612751.0,New Jersey,Nets,NJN,0,0,,,,,,0,0,,,,,,0
0021000914,64,1,78,1,3:26 PM,4:35,James 6' Floating Jump Shot (4 PTS) (Morrow 1 AST),,,14 - 19,5,4,202345,Damion James,1610612751.0,New Jersey,Nets,NJN,4,201627,Anthony Morrow,1610612751.0,New Jersey,Nets,NJN,0,0,,,,,,0
0021000914,65,1,1,1,3:26 PM,4:13,,,DeRozan 17' Jump Shot (10 PTS) (Calderon 3 AST),16 - 19,3,5,201942,DeMar DeRozan,1610612761.0,Toronto,Raptors,TOR,5,101181,Jose Calderon,1610612761.0,Toronto,Raptors,TOR,0,0,,,,,,0
0021000914,66,1,5,1,3:27 PM,3:52,Humphries 2' Layup (4 PTS) (D. Williams 4 AST),,,16 - 21,5,4,2743,Kris Humphries,1610612751.0,New Jersey,Nets,NJN,4,101114,Deron Williams,1610612751.0,New Jersey,Nets,NJN,0,0,,,,,,0
0021000914,67,6,2,1,3:27 PM,3:52,,,Johnson S.FOUL (P2.T3),,,5,101161,Amir Johnson,1610612761.0,Toronto,Raptors,TOR,4,2743,Kris Humphries,1610612751.0,New Jersey,Nets,NJN,1,0,,,,,,0
0021000914,68,8,0,1,3:27 PM,3:52,,,SUB: Davis FOR Johnson,,,5,101161,Amir Johnson,1610612761.0,Toronto,Raptors,TOR,5,202334,Ed Davis,1610612761.0,Toronto,Raptors,TOR,0,0,,,,,,0
0021000914,69,3,10,1,3:27 PM,3:52,Humphries Free Throw 1 of 1 (5 PTS),,,16 - 22,6,4,2743,Kris Humphries,1610612751.0,New Jersey,Nets,NJN,0,0,,,,,,0,0,,,,,,0
0021000914,71,1,1,1,3:27 PM,3:43,,,Bargnani 18' Jump Shot (4 PTS),18 - 22,4,5,200745,Andrea Bargnani,1610612761.0,Toronto,Raptors,TOR,0,0,,,,,,0,0,,,,,,0
0021000914,72,5,2,1,3:28 PM,3:24,Lopez Lost Ball Turnover (P2.T2),,Davis STEAL (1 STL),,,4,201572,Brook Lopez,1610612751.0,New Jersey,Nets,NJN,5,202334,Ed Davis,1610612761.0,Toronto,Raptors,TOR,0,0,,,,,,0
0021000914,73,2,7,1,3:28 PM,3:19,Humphries BLOCK (2 BLK),,MISS Johnson 2' Dunk,,,5,201949,James Johnson,1610612761.0,Toronto,Raptors,TOR,0,0,,,,,,4,2743,Kris Humphries,1610612751.0,New Jersey,Nets,NJN,0
0021000914,74,4,0,1,3:28 PM,3:17,,,Raptors Rebound,,,3,1610612761,,,,,,0,0,,,,,,0,0,,,,,,0
0021000914,75,6,3,1,3:28 PM,3:17,Morrow L.B.FOUL (P2.T3),,,,,4,201627,Anthony Morrow,1610612751.0,New Jersey,Nets,NJN,5,201942,DeMar DeRozan,1610612761.0,Toronto,Raptors,TOR,1,0,,,,,,0
0021000914,76,8,0,1,3:28 PM,3:17,SUB: Vujacic FOR Morrow,,,,,4,201627,Anthony Morrow,1610612751.0,New Jersey,Nets,NJN,4,2756,Sasha Vujacic,1610612751.0,New Jersey,Nets,NJN,0,0,,,,,,0
0021000914,77,2,1,1,3:28 PM,3:10,,,MISS Johnson 20' Jump Shot,,,5,201949,James Johnson,1610612761.0,Toronto,Raptors,TOR,0,0,,,,,,0,0,,,,,,0
0021000914,78,4,0,1,3:28 PM,3:09,Vujacic REBOUND (Off:0 Def:1),,,,,4,2756,Sasha Vujacic,1610612751.0,New Jersey,Nets,NJN,0,0,,,,,,0,0,,,,,,0
0021000914,79,2,42,1,3:28 PM,3:01,MISS D. Williams 3' Driving Layup,,,,,4,101114,Deron Williams,1610612751.0,New Jersey,Nets,NJN,0,0,,,,,,0,0,,,,,,0
0021000914,80,4,0,1,3:28 PM,3:00,,,Davis REBOUND (Off:0 Def:1),,,5,202334,Ed Davis,1610612761.0,Toronto,Raptors,TOR,0,0,,,,,,0,0,,,,,,0
0021000914,81,1,5,1,3:29 PM,2:54,,,Davis 3' Layup (2 PTS) (Calderon 4 AST),20 - 22,2,5,202334,Ed Davis,1610612761.0,Toronto,Raptors,TOR,5,101181,Jose Calderon,1610612761.0,Toronto,Raptors,TOR,0,0,,,,,,0
0021000914,82,5,1,1,3:29 PM,2:37,James Bad Pass Turnover (P1.T3),,Davis STEAL (2 STL),,,4,202345,Damion James,1610612751.0,New Jersey,Nets,NJN,5,202334,Ed Davis,1610612761.0,Toronto,Raptors,TOR,0,0,,,,,,0
0021000914,84,9,1,1,3:29 PM,2:32,,,Raptors Timeout: Regular (Reg.1 Short 0),,,3,1610612761,,,,,,0,0,,,,,,0,0,,,,,,0
0021000914,86,8,0,1,3:31 PM,2:32,SUB: Farmar FOR D. Williams,,,,,4,101114,Deron Williams,1610612751.0,New Jersey,Nets,NJN,4,200770,Jordan Farmar,1610612751.0,New Jersey,Nets,NJN,0,0,,,,,,0
0021000914,87,8,0,1,3:31 PM,2:32,,,SUB: Barbosa FOR Johnson,,,5,201949,James Johnson,1610612761.0,Toronto,Raptors,TOR,5,2571,Leandro Barbosa,1610612761.0,Toronto,Raptors,TOR,0,0,,,,,,0
0021000914,88,8,0,1,3:31 PM,2:32,,,SUB: Weems FOR DeRozan,,,5,201942,DeMar DeRozan,1610612761.0,Toronto,Raptors,TOR,5,201603,Sonny Weems,1610612761.0,Toronto,Raptors,TOR,0,0,,,,,,0
0021000914,90,1,1,1,3:32 PM,2:19,,,Bargnani 20' Jump Shot (6 PTS),22 - 22,TIE,5,200745,Andrea Bargnani,1610612761.0,Toronto,Raptors,TOR,0,0,,,,,,0,0,,,,,,0
0021000914,91,2,1,1,3:33 PM,1:54,MISS Humphries 14' Jump Shot,,,,,4,2743,Kris Humphries,1610612751.0,New Jersey,Nets,NJN,0,0,,,,,,0,0,,,,,,0
0021000914,92,4,0,1,3:33 PM,1:53,,,Calderon REBOUND (Off:0 Def:2),,,5,101181,Jose Calderon,1610612761.0,Toronto,Raptors,TOR,0,0,,,,,,0,0,,,,,,0
0021000914,93,6,2,1,3:33 PM,1:50,James S.FOUL (P1.T4),,,,,4,202345,Damion James,1610612751.0,New Jersey,Nets,NJN,5,201603,Sonny Weems,1610612761.0,Toronto,Raptors,TOR,1,0,,,,,,0
0021000914,94,3,11,1,3:33 PM,1:50,,,MISS Weems Free Throw 1 of 2,,,5,201603,Sonny Weems,1610612761.0,Toronto,Raptors,TOR,0,0,,,,,,0,0,,,,,,0
0021000914,95,4,1,1,3:33 PM,1:50,,,Raptors Rebound,,,3,1610612761,,,,,,0,0,,,,,,0,0,,,,,,0
0021000914,96,8,0,1,3:33 PM,1:50,SUB: Petro FOR Lopez,,,,,4,201572,Brook Lopez,1610612751.0,New Jersey,Nets,NJN,4,101130,Johan Petro,1610612751.0,New Jersey,Nets,NJN,0,0,,,,,,0
0021000914,97,8,0,1,3:33 PM,1:50,SUB: Outlaw FOR James,,,,,4,202345,Damion James,1610612751.0,New Jersey,Nets,NJN,4,2566,Travis Outlaw,1610612751.0,New Jersey,Nets,NJN,0,0,,,,,,0
0021000914,98,8,0,1,3:33 PM,1:50,,,SUB: Bayless FOR Calderon,,,5,101181,Jose Calderon,1610612761.0,Toronto,Raptors,TOR,5,201573,Jerryd Bayless,1610612761.0,Toronto,Raptors,TOR,0,0,,,,,,0
0021000914,99,3,12,1,3:33 PM,1:50,,,Weems Free Throw 2 of 2 (1 PTS),23 - 22,-1,5,201603,Sonny Weems,1610612761.0,Toronto,Raptors,TOR,0,0,,,,,,0,0,,,,,,0
0021000914,101,7,5,1,3:34 PM,1:30,,,Weems Violation:Kicked Ball,,,5,201603,Sonny Weems,1610612761.0,Toronto,Raptors,TOR,0,0,,,,,,1,0,,,,,,0
0021000914,102,6,2,1,3:35 PM,1:24,,,Barbosa S.FOUL (P1.T4),,,5,2571,Leandro Barbosa,1610612761.0,Toronto,Raptors,TOR,4,2756,Sasha Vujacic,1610612751.0,New Jersey,Nets,NJN,1,0,,,,,,0
0021000914,103,3,11,1,3:35 PM,1:24,Vujacic Free Throw 1 of 2 (1 PTS),,,23 - 23,TIE,4,2756,Sasha Vujacic,1610612751.0,New Jersey,Nets,NJN,0,0,,,,,,0,0,,,,,,0
0021000914,105,3,12,1,3:35 PM,1:24,MISS Vujacic Free Throw 2 of 2,,,,,4,2756,Sasha Vujacic,1610612751.0,New Jersey,Nets,NJN,0,0,,,,,,0,0,,,,,,0
0021000914,107,4,0,1,3:35 PM,1:23,Humphries REBOUND (Off:2 Def:5),,,,,4,2743,Kris Humphries,1610612751.0,New Jersey,Nets,NJN,0,0,,,,,,0,0,,,,,,0
0021000914,108,1,1,1,3:35 PM,1:17,Humphries 18' Jump Shot (7 PTS) (Vujacic 1 AST),,,23 - 25,2,4,2743,Kris Humphries,1610612751.0,New Jersey,Nets,NJN,4,2756,Sasha Vujacic,1610612751.0,New Jersey,Nets,NJN,0,0,,,,,,0
0021000914,109,2,1,1,3:36 PM,0:55,,,MISS Bargnani 24' 3PT Jump Shot,,,5,200745,Andrea Bargnani,1610612761.0,Toronto,Raptors,TOR,0,0,,,,,,0,0,,,,,,0
0021000914,110,4,0,1,3:36 PM,0:53,Humphries REBOUND (Off:2 Def:6),,,,,4,2743,Kris Humphries,1610612751.0,New Jersey,Nets,NJN,0,0,,,,,,0,0,,,,,,0
0021000914,111,2,1,1,3:36 PM,0:45,MISS Farmar 25' 3PT Jump Shot,,,,,4,200770,Jordan Farmar,1610612751.0,New Jersey,Nets,NJN,0,0,,,,,,0,0,,,,,,0
0021000914,112,4,0,1,3:36 PM,0:43,,,Weems REBOUND (Off:0 Def:1),,,5,201603,Sonny Weems,1610612761.0,Toronto,Raptors,TOR,0,0,,,,,,0,0,,,,,,0
0021000914,113,2,47,1,3:36 PM,0:29,,,MISS Bargnani 11' Turnaround Jump Shot,,,5,200745,Andrea Bargnani,1610612761.0,Toronto,Raptors,TOR,0,0,,,,,,0,0,,,,,,0
0021000914,114,4,0,1,3:36 PM,0:28,Humphries REBOUND (Off:2 Def:7),,,,,4,2743,Kris Humphries,1610612751.0,New Jersey,Nets,NJN,0,0,,,,,,0,0,,,,,,0
0021000914,115,1,1,1,3:36 PM,0:17,Vujacic 22' Jump Shot (3 PTS) (Farmar 1 AST),,,23 - 27,4,4,2756,Sasha Vujacic,1610612751.0,New Jersey,Nets,NJN,4,200770,Jordan Farmar,1610612751.0,New Jersey,Nets,NJN,0,0,,,,,,0
0021000914,116,6,4,1,3:37 PM,0:02,,,Davis OFF.Foul (P1),,,5,202334,Ed Davis,1610612761.0,Toronto,Raptors,TOR,4,2743,Kris Humphries,1610612751.0,New Jersey,Nets,NJN,1,0,,,,,,0
0021000914,117,5,5,1,3:37 PM,0:02,,,Davis Foul Turnover (P1.T1),,,5,202334,Ed Davis,1610612761.0,Toronto,Raptors,TOR,0,0,,,,,,1,0,,,,,,0
0021000914,118,2,1,1,3:37 PM,0:01,MISS Humphries 49' 3PT Jump Shot,,,,,4,2743,Kris Humphries,1610612751.0,New Jersey,Nets,NJN,0,0,,,,,,0,0,,,,,,0
0021000914,119,4,0,1,3:37 PM,0:00,NETS Rebound,,,,,2,1610612751,,,,,,0,0,,,,,,0,0,,,,,,0
0021000914,120,13,0,1,3:37 PM,0:00,,,,23 - 27,4,0,0,,,,,,0,0,,,,,,0,0,,,,,,0
0021000914,122,12,0,2,3:40 PM,12:00,,,,23 - 27,4,0,0,,,,,,0,0,,,,,,0,0,,,,,,0
0021000914,123,2,1,2,3:40 PM,11:43,,,MISS Barbosa 3' Jump Shot,,,5,2571,Leandro Barbosa,1610612761.0,Toronto,Raptors,TOR,0,0,,,,,,0,0,,,,,,0
0021000914,124,4,0,2,3:40 PM,11:42,Graham REBOUND (Off:0 Def:1),,,,,4,101211,Stephen Graham,1610612751.0,New Jersey,Nets,NJN,0,0,,,,,,0,0,,,,,,0
0021000914,125,2,1,2,3:40 PM,11:37,MISS Vujacic  3PT Jump Shot,,,,,4,2756,Sasha Vujacic,1610612751.0,New Jersey,Nets,NJN,0,0,,,,,,0,0,,,,,,0
0021000914,126,4,0,2,3:40 PM,11:35,,,DeRozan REBOUND (Off:0 Def:1),,,5,201942,DeMar DeRozan,1610612761.0,Toronto,Raptors,TOR,0,0,,,,,,0,0,,,,,,0
0021000914,127,1,1,2,3:41 PM,11:20,,,Ajinca 22' Jump Shot (2 PTS) (Bayless 1 AST),25 - 27,2,5,201582,Alexis Ajinca,1610612761.0,Toronto,Raptors,TOR,5,201573,Jerryd Bayless,1610612761.0,Toronto,Raptors,TOR,0,0,,,,,,0
0021000914,128,6,4,2,3:41 PM,10:57,Graham OFF.Foul (P1),,,,,4,101211,Stephen Graham,1610612751.0,New Jersey,Nets,NJN,5,2571,Leandro Barbosa,1610612761.0,Toronto,Raptors,TOR,1,0,,,,,,0
0021000914,129,5,5,2,3:41 PM,10:57,Graham Foul Turnover (P1.T4),,,,,4,101211,Stephen Graham,1610612751.0,New Jersey,Nets,NJN,0,0,,,,,,1,0,,,,,,0
0021000914,130,2,1,2,3:41 PM,10:48,,,MISS Ajinca 22' Jump Shot,,,5,201582,Alexis Ajinca,1610612761.0,Toronto,Raptors,TOR,0,0,,,,,,0,0,,,,,,0
0021000914,131,4,0,2,3:41 PM,10:46,,,Barbosa REBOUND (Off:1 Def:0),,,5,2571,Leandro Barbosa,1610612761.0,Toronto,Raptors,TOR,0,0,,,,,,0,0,,,,,,0
0021000914,132,1,72,2,3:41 PM,10:44,,,Barbosa 2' Putback Layup (2 PTS),27 - 27,TIE,5,2571,Leandro Barbosa,1610612761.0,Toronto,Raptors,TOR,0,0,,,,,,0,0,,,,,,0
0021000914,133,2,47,2,3:42 PM,10:27,MISS Petro 9' Turnaround Jump Shot,,,,,4,101130,Johan Petro,1610612751.0,New Jersey,Nets,NJN,0,0,,,,,,0,0,,,,,,0
0021000914,134,4,0,2,3:42 PM,10:25,,,Davis REBOUND (Off:0 Def:2),,,5,202334,Ed Davis,1610612761.0,Toronto,Raptors,TOR,0,0,,,,,,0,0,,,,,,0
0021000914,135,1,1,2,3:42 PM,10:12,,,Davis 5' Jump Shot (4 PTS) (Bayless 2 AST),29 - 27,-2,5,202334,Ed Davis,1610612761.0,Toronto,Raptors,TOR,5,201573,Jerryd Bayless,1610612761.0,Toronto,Raptors,TOR,0,0,,,,,,0
0021000914,136,2,1,2,3:42 PM,9:58,MISS Outlaw 23' Jump Shot,,,,,4,2566,Travis Outlaw,1610612751.0,New Jersey,Nets,NJN,0,0,,,,,,0,0,,,,,,0
0021000914,137,4,0,2,3:42 PM,9:55,,,Ajinca REBOUND (Off:0 Def:1),,,5,201582,Alexis Ajinca,1610612761.0,Toronto,Raptors,TOR,0,0,,,,,,0,0,,,,,,0
0021000914,138,2,71,2,3:42 PM,9:49,,,MISS Barbosa 2' Finger Roll Layup,,,5,2571,Leandro Barbosa,1610612761.0,Toronto,Raptors,TOR,0,0,,,,,,0,0,,,,,,0
0021000914,139,4,0,2,3:42 PM,9:47,,,Davis REBOUND (Off:1 Def:2),,,5,202334,Ed Davis,1610612761.0,Toronto,Raptors,TOR,0,0,,,,,,0,0,,,,,,0
0021000914,140,6,2,2,3:43 PM,9:26,Graham S.FOUL (P2.T1),,,,,4,101211,Stephen Graham,1610612751.0,New Jersey,Nets,NJN,5,201942,DeMar DeRozan,1610612761.0,Toronto,Raptors,TOR,1,0,,,,,,0
0021000914,141,3,11,2,3:43 PM,9:26,,,DeRozan Free Throw 1 of 2 (11 PTS),30 - 27,-3,5,201942,DeMar DeRozan,1610612761.0,Toronto,Raptors,TOR,0,0,,,,,,0,0,,,,,,0
0021000914,143,3,12,2,3:43 PM,9:26,,,DeRozan Free Throw 2 of 2 (12 PTS),31 - 27,-4,5,201942,DeMar DeRozan,1610612761.0,Toronto,Raptors,TOR,0,0,,,,,,0,0,,,,,,0
0021000914,145,6,2,2,3:44 PM,9:13,,,Ajinca S.FOUL (P1.T1),,,5,201582,Alexis Ajinca,1610612761.0,Toronto,Raptors,TOR,4,101130,Johan Petro,1610612751.0,New Jersey,Nets,NJN,1,0,,,,,,0
0021000914,146,3,11,2,3:44 PM,9:13,MISS Petro Free Throw 1 of 2,,,,,4,101130,Johan Petro,1610612751.0,New Jersey,Nets,NJN,0,0,,,,,,0,0,,,,,,0
0021000914,147,4,1,2,3:44 PM,9:13,NETS Rebound,,,,,2,1610612751,,,,,,0,0,,,,,,0,0,,,,,,0
0021000914,148,3,12,2,3:44 PM,9:13,MISS Petro Free Throw 2 of 2,,,,,4,101130,Johan Petro,1610612751.0,New Jersey,Nets,NJN,0,0,,,,,,0,0,,,,,,0
0021000914,150,4,0,2,3:44 PM,9:12,,,Ajinca REBOUND (Off:0 Def:2),,,5,201582,Alexis Ajinca,1610612761.0,Toronto,Raptors,TOR,0,0,,,,,,0,0,,,,,,0
0021000914,151,1,7,2,3:44 PM,8:57,,,Ajinca 2' Dunk (4 PTS) (DeRozan 1 AST),33 - 27,-6,5,201582,Alexis Ajinca,1610612761.0,Toronto,Raptors,TOR,5,201942,DeMar DeRozan,1610612761.0,Toronto,Raptors,TOR,0,0,,,,,,0
0021000914,152,9,1,2,3:45 PM,8:48,NETS Timeout: Regular (Full 2 Short 0),,,,,2,1610612751,,,,,,0,0,,,,,,0,0,,,,,,0
0021000914,153,8,0,2,3:47 PM,8:48,SUB: D. Williams FOR Farmar,,,,,4,200770,Jordan Farmar,1610612751.0,New Jersey,Nets,NJN,4,101114,Deron Williams,1610612751.0,New Jersey,Nets,NJN,0,0,,,,,,0
0021000914,154,8,0,2,3:47 PM,8:48,SUB: Morrow FOR Graham,,,,,4,101211,Stephen Graham,1610612751.0,New Jersey,Nets,NJN,4,201627,Anthony Morrow,1610612751.0,New Jersey,Nets,NJN,0,0,,,,,,0
0021000914,155,1,1,2,3:47 PM,8:37,Outlaw 14' Jump Shot (2 PTS),,,33 - 29,-4,4,2566,Travis Outlaw,1610612751.0,New Jersey,Nets,NJN,0,0,,,,,,0,0,,,,,,0
0021000914,156,2,1,2,3:48 PM,8:17,,,MISS Barbosa 25' 3PT Jump Shot,,,5,2571,Leandro Barbosa,1610612761.0,Toronto,Raptors,TOR,0,0,,,,,,0,0,,,,,,0
0021000914,157,4,0,2,3:48 PM,8:16,Outlaw REBOUND (Off:0 Def:1),,,,,4,2566,Travis Outlaw,1610612751.0,New Jersey,Nets,NJN,0,0,,,,,,0,0,,,,,,0
0021000914,158,1,1,2,3:48 PM,8:03,Morrow 25' 3PT Jump Shot (6 PTS) (Vujacic 2 AST),,,33 - 32,-1,4,201627,Anthony Morrow,1610612751.0,New Jersey,Nets,NJN,4,2756,Sasha Vujacic,1610612751.0,New Jersey,Nets,NJN,0,0,,,,,,0
0021000914,159,5,1,2,3:48 PM,7:43,,,Davis Bad Pass Turnover (P2.T2),,,5,202334,Ed Davis,1610612761.0,Toronto,Raptors,TOR,0,0,,,,,,1,0,,,,,,0
0021000914,160,2,1,2,3:49 PM,7:27,MISS Outlaw 11' Jump Shot,,,,,4,2566,Travis Outlaw,1610612751.0,New Jersey,Nets,NJN,0,0,,,,,,0,0,,,,,,0
0021000914,161,4,0,2,3:49 PM,7:24,,,Raptors Rebound,,,3,1610612761,,,,,,0,0,,,,,,0,0,,,,,,0
0021000914,162,1,71,2,3:49 PM,7:09,,,Barbosa 4' Finger Roll Layup (4 PTS),35 - 32,-3,5,2571,Leandro Barbosa,1610612761.0,Toronto,Raptors,TOR,0,0,,,,,,0,0,,,,,,0
0021000914,163,2,1,2,3:50 PM,6:42,MISS D. Williams 25' 3PT Jump Shot,,,,,4,101114,Deron Williams,1610612751.0,New Jersey,Nets,NJN,0,0,,,,,,0,0,,,,,,0
0021000914,164,4,0,2,3:50 PM,6:41,,,Davis REBOUND (Off:1 Def:3),,,5,202334,Ed Davis,1610612761.0,Toronto,Raptors,TOR,0,0,,,,,,0,0,,,,,,0
0021000914,165,1,1,2,3:50 PM,6:25,,,DeRozan 14' Jump Shot (14 PTS) (Ajinca 1 AST),37 - 32,-5,5,201942,DeMar DeRozan,1610612761.0,Toronto,Raptors,TOR,5,201582,Alexis Ajinca,1610612761.0,Toronto,Raptors,TOR,0,0,,,,,,0
0021000914,166,6,29,2,3:50 PM,6:08,,,DeRozan Shooting Block Foul (P1.T2),,,5,201942,DeMar DeRozan,1610612761.0,Toronto,Raptors,TOR,4,2566,Travis Outlaw,1610612751.0,New Jersey,Nets,NJN,1,0,,,,,,0
0021000914,167,8,0,2,3:50 PM,6:08,,,SUB: Bargnani FOR Ajinca,,,5,201582,Alexis Ajinca,1610612761.0,Toronto,Raptors,TOR,5,200745,Andrea Bargnani,1610612761.0,Toronto,Raptors,TOR,0,0,,,,,,0
0021000914,168,8,0,2,3:51 PM,6:08,SUB: Lopez FOR Petro,,,,,4,101130,Johan Petro,1610612751.0,New Jersey,Nets,NJN,4,201572,Brook Lopez,1610612751.0,New Jersey,Nets,NJN,0,0,,,,,,0
0021000914,169,8,0,2,3:51 PM,6:08,SUB: James FOR Vujacic,,,,,4,2756,Sasha Vujacic,1610612751.0,New Jersey,Nets,NJN,4,202345,Damion James,1610612751.0,New Jersey,Nets,NJN,0,0,,,,,,0
0021000914,170,3,11,2,3:51 PM,6:08,MISS Outlaw Free Throw 1 of 2,,,,,4,2566,Travis Outlaw,1610612751.0,New Jersey,Nets,NJN,0,0,,,,,,0,0,,,,,,0
0021000914,171,4,1,2,3:51 PM,6:08,NETS Rebound,,,,,2,1610612751,,,,,,0,0,,,,,,0,0,,,,,,0
0021000914,172,3,12,2,3:51 PM,6:08,MISS Outlaw Free Throw 2 of 2,,,,,4,2566,Travis Outlaw,1610612751.0,New Jersey,Nets,NJN,0,0,,,,,,0,0,,,,,,0
0021000914,174,4,0,2,3:51 PM,6:07,,,Bargnani REBOUND (Off:0 Def:3),,,5,200745,Andrea Bargnani,1610612761.0,Toronto,Raptors,TOR,0,0,,,,,,0,0,,,,,,0
0021000914,175,2,5,2,3:51 PM,5:54,,,MISS Bargnani 3' Layup,,,5,200745,Andrea Bargnani,1610612761.0,Toronto,Raptors,TOR,0,0,,,,,,0,0,,,,,,0
0021000914,176,4,0,2,3:51 PM,5:53,Lopez REBOUND (Off:0 Def:1),,,,,4,201572,Brook Lopez,1610612751.0,New Jersey,Nets,NJN,0,0,,,,,,0,0,,,,,,0
0021000914,177,6,1,2,3:51 PM,5:41,,,DeRozan P.FOUL (P2.T3),,,5,201942,DeMar DeRozan,1610612761.0,Toronto,Raptors,TOR,4,201627,Anthony Morrow,1610612751.0,New Jersey,Nets,NJN,1,0,,,,,,0
0021000914,178,9,4,2,3:52 PM,5:41,,,,,,1,0,,,,,,0,0,,,,,,0,0,,,,,,0
0021000914,180,8,0,2,3:53 PM,5:41,SUB: Humphries FOR Outlaw,,,,,4,2566,Travis Outlaw,1610612751.0,New Jersey,Nets,NJN,4,2743,Kris Humphries,1610612751.0,New Jersey,Nets,NJN,0,0,,,,,,0
0021000914,181,8,0,2,3:54 PM,5:41,,,SUB: Calderon FOR Bayless,,,5,201573,Jerryd Bayless,1610612761.0,Toronto,Raptors,TOR,5,101181,Jose Calderon,1610612761.0,Toronto,Raptors,TOR,0,0,,,,,,0
0021000914,182,8,0,2,3:54 PM,5:41,,,SUB: Weems FOR DeRozan,,,5,201942,DeMar DeRozan,1610612761.0,Toronto,Raptors,TOR,5,201603,Sonny Weems,1610612761.0,Toronto,Raptors,TOR,0,0,,,,,,0
0021000914,183,8,0,2,3:54 PM,5:41,,,SUB: Johnson FOR Davis,,,5,202334,Ed Davis,1610612761.0,Toronto,Raptors,TOR,5,101161,Amir Johnson,1610612761.0,Toronto,Raptors,TOR,0,0,,,,,,0
0021000914,184,2,1,2,3:54 PM,5:30,MISS Morrow  3PT Jump Shot,,,,,4,201627,Anthony Morrow,1610612751.0,New Jersey,Nets,NJN,0,0,,,,,,0,0,,,,,,0
0021000914,185,4,0,2,3:54 PM,5:28,,,Calderon REBOUND (Off:0 Def:3),,,5,101181,Jose Calderon,1610612761.0,Toronto,Raptors,TOR,0,0,,,,,,0,0,,,,,,0
0021000914,186,6,2,2,3:54 PM,5:26,D. Williams S.FOUL (P1.T2),,,,,4,101114,Deron Williams,1610612751.0,New Jersey,Nets,NJN,5,2571,Leandro Barbosa,1610612761.0,Toronto,Raptors,TOR,1,0,,,,,,0
0021000914,193,8,0,2,3:55 PM,5:26,SUB: Vujacic FOR Morrow,,,,,4,201627,Anthony Morrow,1610612751.0,New Jersey,Nets,NJN,4,2756,Sasha Vujacic,1610612751.0,New Jersey,Nets,NJN,0,0,,,,,,0
0021000914,187,3,11,2,3:55 PM,5:26,,,Barbosa Free Throw 1 of 2 (5 PTS),38 - 32,-6,5,2571,Leandro Barbosa,1610612761.0,Toronto,Raptors,TOR,0,0,,,,,,0,0,,,,,,0
0021000914,189,3,12,2,3:55 PM,5:26,,,Barbosa Free Throw 2 of 2 (6 PTS),39 - 32,-7,5,2571,Leandro Barbosa,1610612761.0,Toronto,Raptors,TOR,0,0,,,,,,0,0,,,,,,0
0021000914,191,1,88,2,3:55 PM,5:16,Lopez 2' Driving Slam Dunk (10 PTS),,,39 - 34,-5,4,201572,Brook Lopez,1610612751.0,New Jersey,Nets,NJN,0,0,,,,,,0,0,,,,,,0
0021000914,192,1,77,2,3:56 PM,4:58,,,Barbosa 3' Driving Jump Shot (8 PTS),41 - 34,-7,5,2571,Leandro Barbosa,1610612761.0,Toronto,Raptors,TOR,0,0,,,,,,0,0,,,,,,0
0021000914,194,1,1,2,3:56 PM,4:44,Vujacic 19' Jump Shot (5 PTS),,,41 - 36,-5,4,2756,Sasha Vujacic,1610612751.0,New Jersey,Nets,NJN,0,0,,,,,,0,0,,,,,,0
0021000914,195,2,1,2,3:56 PM,4:23,,,MISS Weems 17' Jump Shot,,,5,201603,Sonny Weems,1610612761.0,Toronto,Raptors,TOR,0,0,,,,,,0,0,,,,,,0
0021000914,196,4,0,2,3:56 PM,4:22,Humphries REBOUND (Off:2 Def:8),,,,,4,2743,Kris Humphries,1610612751.0,New Jersey,Nets,NJN,0,0,,,,,,0,0,,,,,,0
0021000914,197,1,58,2,3:56 PM,4:09,James 10' Turnaround Hook Shot (6 PTS),,,41 - 38,-3,4,202345,Damion James,1610612751.0,New Jersey,Nets,NJN,0,0,,,,,,0,0,,,,,,0
0021000914,198,6,1,2,3:57 PM,3:54,Humphries P.FOUL (P1.T3),,,,,4,2743,Kris Humphries,1610612751.0,New Jersey,Nets,NJN,5,200745,Andrea Bargnani,1610612761.0,Toronto,Raptors,TOR,1,0,,,,,,0
0021000914,199,2,1,2,3:57 PM,3:50,Lopez BLOCK (2 BLK),,MISS Bargnani 3' Jump Shot,,,5,200745,Andrea Bargnani,1610612761.0,Toronto,Raptors,TOR,0,0,,,,,,4,201572,Brook Lopez,1610612751.0,New Jersey,Nets,NJN,0
0021000914,200,4,0,2,3:57 PM,3:48,NETS Rebound,,,,,2,1610612751,,,,,,0,0,,,,,,0,0,,,,,,0
0021000914,201,2,3,2,3:57 PM,3:39,MISS Lopez 9' Hook Shot,,,,,4,201572,Brook Lopez,1610612751.0,New Jersey,Nets,NJN,0,0,,,,,,0,0,,,,,,0
0021000914,202,4,0,2,3:57 PM,3:38,,,Johnson REBOUND (Off:0 Def:1),,,5,101161,Amir Johnson,1610612761.0,Toronto,Raptors,TOR,0,0,,,,,,0,0,,,,,,0
0021000914,204,2,1,2,3:58 PM,3:20,,,MISS Calderon 11' Jump Shot,,,5,101181,Jose Calderon,1610612761.0,Toronto,Raptors,TOR,0,0,,,,,,0,0,,,,,,0
0021000914,205,4,0,2,3:58 PM,3:19,Vujacic REBOUND (Off:0 Def:2),,,,,4,2756,Sasha Vujacic,1610612751.0,New Jersey,Nets,NJN,0,0,,,,,,0,0,,,,,,0
0021000914,206,1,46,2,3:58 PM,3:08,Lopez 4' Running Jump Shot (12 PTS) (D. Williams 5 AST),,,41 - 40,-1,4,201572,Brook Lopez,1610612751.0,New Jersey,Nets,NJN,4,101114,Deron Williams,1610612751.0,New Jersey,Nets,NJN,0,0,,,,,,0
0021000914,209,6,27,2,4:00 PM,2:55,Vujacic Personal Block Foul (P1.T4),,,,,4,2756,Sasha Vujacic,1610612751.0,New Jersey,Nets,NJN,5,200745,Andrea Bargnani,1610612761.0,Toronto,Raptors,TOR,1,0,,,,,,0
0021000914,210,9,1,2,4:00 PM,2:55,,,Raptors Timeout: Regular (Reg.2 Short 0),,,3,1610612761,,,,,,0,0,,,,,,0,0,,,,,,0
0021000914,212,2,5,2,4:02 PM,2:53,,,MISS Weems 2' Layup,,,5,201603,Sonny Weems,1610612761.0,Toronto,Raptors,TOR,0,0,,,,,,0,0,,,,,,0
0021000914,213,4,0,2,4:03 PM,2:52,Vujacic REBOUND (Off:0 Def:3),,,,,4,2756,Sasha Vujacic,1610612751.0,New Jersey,Nets,NJN,0,0,,,,,,0,0,,,,,,0
0021000914,214,1,52,2,4:03 PM,2:39,Lopez 2' Alley Oop Dunk (14 PTS) (D. Williams 6 AST),,,41 - 42,1,4,201572,Brook Lopez,1610612751.0,New Jersey,Nets,NJN,4,101114,Deron Williams,1610612751.0,New Jersey,Nets,NJN,0,0,,,,,,0
0021000914,215,6,2,2,4:03 PM,2:39,,,Barbosa S.FOUL (P2.T4),,,5,2571,Leandro Barbosa,1610612761.0,Toronto,Raptors,TOR,4,201572,Brook Lopez,1610612751.0,New Jersey,Nets,NJN,1,0,,,,,,0
0021000914,234,8,0,2,4:03 PM,2:39,,,SUB: Johnson FOR Barbosa,,,5,2571,Leandro Barbosa,1610612761.0,Toronto,Raptors,TOR,5,201949,James Johnson,1610612761.0,Toronto,Raptors,TOR,0,0,,,,,,0
0021000914,217,3,10,2,4:03 PM,2:39,Lopez Free Throw 1 of 1 (15 PTS),,,41 - 43,2,4,201572,Brook Lopez,1610612751.0,New Jersey,Nets,NJN,0,0,,,,,,0,0,,,,,,0
0021000914,219,2,1,2,4:03 PM,2:27,,,MISS Calderon 25' 3PT Jump Shot,,,5,101181,Jose Calderon,1610612761.0,Toronto,Raptors,TOR,0,0,,,,,,0,0,,,,,,0
0021000914,220,4,0,2,4:04 PM,2:26,James REBOUND (Off:0 Def:2),,,,,4,202345,Damion James,1610612751.0,New Jersey,Nets,NJN,0,0,,,,,,0,0,,,,,,0
0021000914,221,2,1,2,4:04 PM,2:18,MISS Lopez 18' Jump Shot,,,,,4,201572,Brook Lopez,1610612751.0,New Jersey,Nets,NJN,0,0,,,,,,0,0,,,,,,0
0021000914,222,4,0,2,4:04 PM,2:17,,,Johnson REBOUND (Off:0 Def:3),,,5,201949,James Johnson,1610612761.0,Toronto,Raptors,TOR,0,0,,,,,,0,0,,,,,,0
0021000914,223,1,7,2,4:04 PM,2:11,,,Johnson 2' Dunk (4 PTS) (Weems 1 AST),43 - 43,TIE,5,101161,Amir Johnson,1610612761.0,Toronto,Raptors,TOR,5,201603,Sonny Weems,1610612761.0,Toronto,Raptors,TOR,0,0,,,,,,0
0021000914,224,1,1,2,4:04 PM,1:47,Humphries 15' Jump Shot (9 PTS) (D. Williams 7 AST),,,43 - 45,2,4,2743,Kris Humphries,1610612751.0,New Jersey,Nets,NJN,4,101114,Deron Williams,1610612751.0,New Jersey,Nets,NJN,0,0,,,,,,0
0021000914,225,6,1,2,4:04 PM,1:35,James P.FOUL (P2.PN),,,,,4,202345,Damion James,1610612751.0,New Jersey,Nets,NJN,5,101161,Amir Johnson,1610612761.0,Toronto,Raptors,TOR,1,0,,,,,,0
0021000914,226,3,11,2,4:05 PM,1:35,,,Johnson Free Throw 1 of 2 (5 PTS),44 - 45,1,5,101161,Amir Johnson,1610612761.0,Toronto,Raptors,TOR,0,0,,,,,,0,0,,,,,,0
0021000914,229,8,0,2,4:05 PM,1:35,SUB: Outlaw FOR James,,,,,4,202345,Damion James,1610612751.0,New Jersey,Nets,NJN,4,2566,Travis Outlaw,1610612751.0,New Jersey,Nets,NJN,0,0,,,,,,0
0021000914,230,3,12,2,4:05 PM,1:35,,,Johnson Free Throw 2 of 2 (6 PTS),45 - 45,TIE,5,101161,Amir Johnson,1610612761.0,Toronto,Raptors,TOR,0,0,,,,,,0,0,,,,,,0
0021000914,232,1,1,2,4:06 PM,1:35,Lopez 13' Jump Shot (17 PTS),,,45 - 47,2,4,201572,Brook Lopez,1610612751.0,New Jersey,Nets,NJN,0,0,,,,,,0,0,,,,,,0
0021000914,233,1,44,2,4:06 PM,1:01,,,Bargnani 2' Reverse Layup (8 PTS),47 - 47,TIE,5,200745,Andrea Bargnani,1610612761.0,Toronto,Raptors,TOR,0,0,,,,,,0,0,,,,,,0
0021000914,235,2,1,2,4:06 PM,0:53,MISS D. Williams 17' Jump Shot,,,,,4,101114,Deron Williams,1610612751.0,New Jersey,Nets,NJN,0,0,,,,,,0,0,,,,,,0
0021000914,236,4,0,2,4:06 PM,0:49,,,Calderon REBOUND (Off:0 Def:4),,,5,101181,Jose Calderon,1610612761.0,Toronto,Raptors,TOR,0,0,,,,,,0,0,,,,,,0
0021000914,237,1,7,2,4:06 PM,0:48,,,Weems 2' Dunk (3 PTS) (Calderon 5 AST),49 - 47,-2,5,201603,Sonny Weems,1610612761.0,Toronto,Raptors,TOR,5,101181,Jose Calderon,1610612761.0,Toronto,Raptors,TOR,0,0,,,,,,0
0021000914,238,5,1,2,4:07 PM,0:33,D. Williams Bad Pass Turnover (P1.T5),,,,,4,101114,Deron Williams,1610612751.0,New Jersey,Nets,NJN,0,0,,,,,,0,0,,,,,,0
0021000914,239,8,0,2,4:07 PM,0:33,,,SUB: Davis FOR Johnson,,,5,101161,Amir Johnson,1610612761.0,Toronto,Raptors,TOR,5,202334,Ed Davis,1610612761.0,Toronto,Raptors,TOR,0,0,,,,,,0
0021000914,240,1,5,2,4:07 PM,0:22,,,Weems 2' Layup (5 PTS) (Calderon 6 AST),51 - 47,-4,5,201603,Sonny Weems,1610612761.0,Toronto,Raptors,TOR,5,101181,Jose Calderon,1610612761.0,Toronto,Raptors,TOR,0,0,,,,,,0
0021000914,241,2,1,2,4:07 PM,0:05,MISS Outlaw 20' Jump Shot,,,,,4,2566,Travis Outlaw,1610612751.0,New Jersey,Nets,NJN,0,0,,,,,,0,0,,,,,,0
0021000914,242,4,0,2,4:07 PM,0:04,,,Davis REBOUND (Off:1 Def:4),,,5,202334,Ed Davis,1610612761.0,Toronto,Raptors,TOR,0,0,,,,,,0,0,,,,,,0
0021000914,243,13,0,2,4:08 PM,0:00,,,,51 - 47,-4,0,0,,,,,,0,0,,,,,,0,0,,,,,,0
0021000914,244,12,0,3,4:24 PM,12:00,,,,51 - 47,-4,0,0,,,,,,0,0,,,,,,0,0,,,,,,0
0021000914,245,2,1,3,4:24 PM,11:44,,,MISS Bargnani 21' Jump Shot,,,5,200745,Andrea Bargnani,1610612761.0,Toronto,Raptors,TOR,0,0,,,,,,0,0,,,,,,0
0021000914,246,4,0,3,4:24 PM,11:43,Humphries REBOUND (Off:2 Def:9),,,,,4,2743,Kris Humphries,1610612751.0,New Jersey,Nets,NJN,0,0,,,,,,0,0,,,,,,0
0021000914,247,6,2,3,4:24 PM,11:28,,,Johnson S.FOUL (P2.T1),,,5,201949,James Johnson,1610612761.0,Toronto,Raptors,TOR,4,202345,Damion James,1610612751.0,New Jersey,Nets,NJN,1,0,,,,,,0
0021000914,248,3,11,3,4:25 PM,11:28,James Free Throw 1 of 2 (7 PTS),,,51 - 48,-3,4,202345,Damion James,1610612751.0,New Jersey,Nets,NJN,0,0,,,,,,0,0,,,,,,0
0021000914,250,3,12,3,4:25 PM,11:28,James Free Throw 2 of 2 (8 PTS),,,51 - 49,-2,4,202345,Damion James,1610612751.0,New Jersey,Nets,NJN,0,0,,,,,,0,0,,,,,,0
0021000914,252,1,1,3,4:25 PM,11:16,,,DeRozan 21' Jump Shot (16 PTS) (Bargnani 2 AST),53 - 49,-4,5,201942,DeMar DeRozan,1610612761.0,Toronto,Raptors,TOR,5,200745,Andrea Bargnani,1610612761.0,Toronto,Raptors,TOR,0,0,,,,,,0
0021000914,253,2,1,3,4:26 PM,10:58,MISS Lopez 9' Jump Shot,,,,,4,201572,Brook Lopez,1610612751.0,New Jersey,Nets,NJN,0,0,,,,,,0,0,,,,,,0
0021000914,254,4,0,3,4:26 PM,10:57,Vujacic REBOUND (Off:1 Def:3),,,,,4,2756,Sasha Vujacic,1610612751.0,New Jersey,Nets,NJN,0,0,,,,,,0,0,,,,,,0
0021000914,255,1,1,3,4:26 PM,10:49,D. Williams 25' 3PT Jump Shot (5 PTS) (Vujacic 3 AST),,,53 - 52,-1,4,101114,Deron Williams,1610612751.0,New Jersey,Nets,NJN,4,2756,Sasha Vujacic,1610612751.0,New Jersey,Nets,NJN,0,0,,,,,,0
0021000914,256,6,2,3,4:26 PM,10:30,D. Williams S.FOUL (P2.T1),,,,,4,101114,Deron Williams,1610612751.0,New Jersey,Nets,NJN,5,101181,Jose Calderon,1610612761.0,Toronto,Raptors,TOR,1,0,,,,,,0
0021000914,257,3,11,3,4:26 PM,10:30,,,Calderon Free Throw 1 of 2 (3 PTS),54 - 52,-2,5,101181,Jose Calderon,1610612761.0,Toronto,Raptors,TOR,0,0,,,,,,0,0,,,,,,0
0021000914,259,3,12,3,4:27 PM,10:30,,,Calderon Free Throw 2 of 2 (4 PTS),55 - 52,-3,5,101181,Jose Calderon,1610612761.0,Toronto,Raptors,TOR,0,0,,,,,,0,0,,,,,,0
0021000914,261,1,1,3,4:27 PM,10:17,James 18' Jump Shot (10 PTS) (D. Williams 8 AST),,,55 - 54,-1,4,202345,Damion James,1610612751.0,New Jersey,Nets,NJN,4,101114,Deron Williams,1610612751.0,New Jersey,Nets,NJN,0,0,,,,,,0
0021000914,262,2,1,3,4:27 PM,10:02,,,MISS Calderon 23' Jump Shot,,,5,101181,Jose Calderon,1610612761.0,Toronto,Raptors,TOR,0,0,,,,,,0,0,,,,,,0
0021000914,263,4,0,3,4:27 PM,10:01,James REBOUND (Off:0 Def:3),,,,,4,202345,Damion James,1610612751.0,New Jersey,Nets,NJN,0,0,,,,,,0,0,,,,,,0
0021000914,264,1,49,3,4:28 PM,9:46,D. Williams 1' Driving Dunk (7 PTS),,,55 - 56,1,4,101114,Deron Williams,1610612751.0,New Jersey,Nets,NJN,0,0,,,,,,0,0,,,,,,0
0021000914,265,2,5,3,4:28 PM,9:27,,,MISS DeRozan 3' Layup,,,5,201942,DeMar DeRozan,1610612761.0,Toronto,Raptors,TOR,0,0,,,,,,0,0,,,,,,0
0021000914,266,4,0,3,4:28 PM,9:26,,,Calderon REBOUND (Off:1 Def:4),,,5,101181,Jose Calderon,1610612761.0,Toronto,Raptors,TOR,0,0,,,,,,0,0,,,,,,0
0021000914,267,2,1,3,4:28 PM,9:18,,,MISS Johnson 25' 3PT Jump Shot,,,5,201949,James Johnson,1610612761.0,Toronto,Raptors,TOR,0,0,,,,,,0,0,,,,,,0
0021000914,268,4,0,3,4:28 PM,9:17,D. Williams REBOUND (Off:0 Def:2),,,,,4,101114,Deron Williams,1610612751.0,New Jersey,Nets,NJN,0,0,,,,,,0,0,,,,,,0
0021000914,269,5,40,3,4:28 PM,9:12,Humphries Out of Bounds Lost Ball Turnover (P1.T6),,,,,4,2743,Kris Humphries,1610612751.0,New Jersey,Nets,NJN,0,0,,,,,,1,0,,,,,,0
0021000914,270,6,2,3,4:29 PM,8:58,Humphries S.FOUL (P2.T2),,,,,4,2743,Kris Humphries,1610612751.0,New Jersey,Nets,NJN,5,200745,Andrea Bargnani,1610612761.0,Toronto,Raptors,TOR,1,0,,,,,,0
0021000914,271,3,11,3,4:29 PM,8:58,,,MISS Bargnani Free Throw 1 of 2,,,5,200745,Andrea Bargnani,1610612761.0,Toronto,Raptors,TOR,0,0,,,,,,0,0,,,,,,0
0021000914,272,4,1,3,4:29 PM,8:58,,,Raptors Rebound,,,3,1610612761,,,,,,0,0,,,,,,0,0,,,,,,0
0021000914,273,3,12,3,4:29 PM,8:58,,,MISS Bargnani Free Throw 2 of 2,,,5,200745,Andrea Bargnani,1610612761.0,Toronto,Raptors,TOR,0,0,,,,,,0,0,,,,,,0
0021000914,275,4,0,3,4:29 PM,8:57,NETS Rebound,,,,,2,1610612751,,,,,,0,0,,,,,,0,0,,,,,,0
0021000914,276,6,3,3,4:29 PM,8:52,,,Johnson L.B.FOUL (P3.T2),,,5,201949,James Johnson,1610612761.0,Toronto,Raptors,TOR,4,2743,Kris Humphries,1610612751.0,New Jersey,Nets,NJN,1,0,,,,,,0
0021000914,277,2,1,3,4:30 PM,8:46,MISS Humphries 16' Jump Shot,,,,,4,2743,Kris Humphries,1610612751.0,New Jersey,Nets,NJN,0,0,,,,,,0,0,,,,,,0
0021000914,278,4,0,3,4:30 PM,8:45,,,Johnson REBOUND (Off:0 Def:2),,,5,101161,Amir Johnson,1610612761.0,Toronto,Raptors,TOR,0,0,,,,,,0,0,,,,,,0
0021000914,279,2,1,3,4:30 PM,8:37,Humphries BLOCK (3 BLK),,MISS Bargnani 3' Jump Shot,,,5,200745,Andrea Bargnani,1610612761.0,Toronto,Raptors,TOR,0,0,,,,,,4,2743,Kris Humphries,1610612751.0,New Jersey,Nets,NJN,0
0021000914,280,4,0,3,4:30 PM,8:34,Humphries REBOUND (Off:2 Def:10),,,,,4,2743,Kris Humphries,1610612751.0,New Jersey,Nets,NJN,0,0,,,,,,0,0,,,,,,0
0021000914,281,1,5,3,4:30 PM,8:29,James 2' Layup (12 PTS) (Humphries 1 AST),,,55 - 58,3,4,202345,Damion James,1610612751.0,New Jersey,Nets,NJN,4,2743,Kris Humphries,1610612751.0,New Jersey,Nets,NJN,0,0,,,,,,0
0021000914,282,6,2,3,4:30 PM,8:29,,,Johnson S.FOUL (P4.T3),,,5,201949,James Johnson,1610612761.0,Toronto,Raptors,TOR,4,202345,Damion James,1610612751.0,New Jersey,Nets,NJN,1,0,,,,,,0
0021000914,283,8,0,3,4:30 PM,8:29,,,SUB: Weems FOR Johnson,,,5,201949,James Johnson,1610612761.0,Toronto,Raptors,TOR,5,201603,Sonny Weems,1610612761.0,Toronto,Raptors,TOR,0,0,,,,,,0
0021000914,284,3,10,3,4:30 PM,8:29,James Free Throw 1 of 1 (13 PTS),,,55 - 59,4,4,202345,Damion James,1610612751.0,New Jersey,Nets,NJN,0,0,,,,,,0,0,,,,,,0
0021000914,287,1,63,3,4:31 PM,8:13,,,DeRozan 7' Fadeaway Jumper (18 PTS) (Calderon 7 AST),57 - 59,2,5,201942,DeMar DeRozan,1610612761.0,Toronto,Raptors,TOR,5,101181,Jose Calderon,1610612761.0,Toronto,Raptors,TOR,0,0,,,,,,0
0021000914,288,6,1,3,4:31 PM,8:07,,,DeRozan P.FOUL (P3.T4),,,5,201942,DeMar DeRozan,1610612761.0,Toronto,Raptors,TOR,4,2756,Sasha Vujacic,1610612751.0,New Jersey,Nets,NJN,1,0,,,,,,0
0021000914,290,2,1,3,4:32 PM,7:56,MISS Lopez 8' Jump Shot,,,,,4,201572,Brook Lopez,1610612751.0,New Jersey,Nets,NJN,0,0,,,,,,0,0,,,,,,0
0021000914,291,4,0,3,4:32 PM,7:55,James REBOUND (Off:1 Def:3),,,,,4,202345,Damion James,1610612751.0,New Jersey,Nets,NJN,0,0,,,,,,0,0,,,,,,0
0021000914,292,1,1,3,4:32 PM,7:50,Vujacic 26' 3PT Jump Shot (8 PTS) (James 2 AST),,,57 - 62,5,4,2756,Sasha Vujacic,1610612751.0,New Jersey,Nets,NJN,4,202345,Damion James,1610612751.0,New Jersey,Nets,NJN,0,0,,,,,,0
0021000914,293,2,1,3,4:32 PM,7:31,,,MISS Bargnani 17' Jump Shot,,,5,200745,Andrea Bargnani,1610612761.0,Toronto,Raptors,TOR,0,0,,,,,,0,0,,,,,,0
0021000914,294,4,0,3,4:32 PM,7:30,Lopez REBOUND (Off:0 Def:2),,,,,4,201572,Brook Lopez,1610612751.0,New Jersey,Nets,NJN,0,0,,,,,,0,0,,,,,,0
0021000914,295,6,1,3,4:32 PM,7:18,,,Calderon P.FOUL (P1.PN),,,5,101181,Jose Calderon,1610612761.0,Toronto,Raptors,TOR,4,201572,Brook Lopez,1610612751.0,New Jersey,Nets,NJN,1,0,,,,,,0
0021000914,296,3,11,3,4:33 PM,7:18,Lopez Free Throw 1 of 2 (18 PTS),,,57 - 63,6,4,201572,Brook Lopez,1610612751.0,New Jersey,Nets,NJN,0,0,,,,,,0,0,,,,,,0
0021000914,298,3,12,3,4:33 PM,7:18,Lopez Free Throw 2 of 2 (19 PTS),,,57 - 64,7,4,201572,Brook Lopez,1610612751.0,New Jersey,Nets,NJN,0,0,,,,,,0,0,,,,,,0
0021000914,300,9,1,3,4:33 PM,7:18,,,Raptors Timeout: Regular (Reg.3 Short 0),,,3,1610612761,,,,,,0,0,,,,,,0,0,,,,,,0
0021000914,302,1,1,3,4:36 PM,7:07,,,DeRozan 12' Jump Shot (20 PTS),59 - 64,5,5,201942,DeMar DeRozan,1610612761.0,Toronto,Raptors,TOR,0,0,,,,,,0,0,,,,,,0
0021000914,303,2,1,3,4:36 PM,6:49,MISS Vujacic 25' 3PT Jump Shot,,,,,4,2756,Sasha Vujacic,1610612751.0,New Jersey,Nets,NJN,0,0,,,,,,0,0,,,,,,0
0021000914,304,4,0,3,4:36 PM,6:48,,,Weems REBOUND (Off:0 Def:2),,,5,201603,Sonny Weems,1610612761.0,Toronto,Raptors,TOR,0,0,,,,,,0,0,,,,,,0
0021000914,305,2,1,3,4:36 PM,6:38,,,MISS DeRozan 18' Jump Shot,,,5,201942,DeMar DeRozan,1610612761.0,Toronto,Raptors,TOR,0,0,,,,,,0,0,,,,,,0
0021000914,306,4,0,3,4:36 PM,6:37,Humphries REBOUND (Off:2 Def:11),,,,,4,2743,Kris Humphries,1610612751.0,New Jersey,Nets,NJN,0,0,,,,,,0,0,,,,,,0
0021000914,307,1,42,3,4:37 PM,6:18,Humphries 1' Driving Layup (11 PTS) (James 3 AST),,,59 - 66,7,4,2743,Kris Humphries,1610612751.0,New Jersey,Nets,NJN,4,202345,Damion James,1610612751.0,New Jersey,Nets,NJN,0,0,,,,,,0
0021000914,308,2,1,3,4:37 PM,5:58,,,MISS Calderon 26' 3PT Jump Shot,,,5,101181,Jose Calderon,1610612761.0,Toronto,Raptors,TOR,0,0,,,,,,0,0,,,,,,0
0021000914,309,4,0,3,4:37 PM,5:56,James REBOUND (Off:1 Def:4),,,,,4,202345,Damion James,1610612751.0,New Jersey,Nets,NJN,0,0,,,,,,0,0,,,,,,0
0021000914,310,2,1,3,4:37 PM,5:50,MISS Vujacic 26' 3PT Jump Shot,,,,,4,2756,Sasha Vujacic,1610612751.0,New Jersey,Nets,NJN,0,0,,,,,,0,0,,,,,,0
0021000914,311,4,0,3,4:37 PM,5:49,,,Johnson REBOUND (Off:0 Def:3),,,5,101161,Amir Johnson,1610612761.0,Toronto,Raptors,TOR,0,0,,,,,,0,0,,,,,,0
0021000914,312,6,1,3,4:37 PM,5:41,D. Williams P.FOUL (P3.T3),,,,,4,101114,Deron Williams,1610612751.0,New Jersey,Nets,NJN,5,101161,Amir Johnson,1610612761.0,Toronto,Raptors,TOR,1,0,,,,,,0
0021000914,313,8,0,3,4:37 PM,5:41,SUB: Outlaw FOR James,,,,,4,202345,Damion James,1610612751.0,New Jersey,Nets,NJN,4,2566,Travis Outlaw,1610612751.0,New Jersey,Nets,NJN,0,0,,,,,,0
0021000914,314,8,0,3,4:38 PM,5:41,,,SUB: Davis FOR Johnson,,,5,101161,Amir Johnson,1610612761.0,Toronto,Raptors,TOR,5,202334,Ed Davis,1610612761.0,Toronto,Raptors,TOR,0,0,,,,,,0
0021000914,315,1,1,3,4:38 PM,5:33,,,Weems 20' Jump Shot (7 PTS) (Calderon 8 AST),61 - 66,5,5,201603,Sonny Weems,1610612761.0,Toronto,Raptors,TOR,5,101181,Jose Calderon,1610612761.0,Toronto,Raptors,TOR,0,0,,,,,,0
0021000914,316,1,1,3,4:38 PM,5:14,Vujacic 10' Jump Shot (10 PTS) (Outlaw 1 AST),,,61 - 68,7,4,2756,Sasha Vujacic,1610612751.0,New Jersey,Nets,NJN,4,2566,Travis Outlaw,1610612751.0,New Jersey,Nets,NJN,0,0,,,,,,0
0021000914,317,1,1,3,4:38 PM,4:57,,,Davis 16' Jump Shot (6 PTS) (Calderon 9 AST),63 - 68,5,5,202334,Ed Davis,1610612761.0,Toronto,Raptors,TOR,5,101181,Jose Calderon,1610612761.0,Toronto,Raptors,TOR,0,0,,,,,,0
0021000914,318,5,1,3,4:39 PM,4:43,D. Williams Bad Pass Turnover (P2.T7),,Calderon STEAL (1 STL),,,4,101114,Deron Williams,1610612751.0,New Jersey,Nets,NJN,5,101181,Jose Calderon,1610612761.0,Toronto,Raptors,TOR,0,0,,,,,,0
0021000914,319,1,5,3,4:39 PM,4:37,,,Bargnani 3' Layup (10 PTS) (Calderon 10 AST),65 - 68,3,5,200745,Andrea Bargnani,1610612761.0,Toronto,Raptors,TOR,5,101181,Jose Calderon,1610612761.0,Toronto,Raptors,TOR,0,0,,,,,,0
0021000914,320,1,44,3,4:39 PM,4:21,D. Williams 2' Reverse Layup (9 PTS),,,65 - 70,5,4,101114,Deron Williams,1610612751.0,New Jersey,Nets,NJN,0,0,,,,,,0,0,,,,,,0
0021000914,321,1,1,3,4:39 PM,4:01,,,Bargnani 25' 3PT Jump Shot (13 PTS) (DeRozan 2 AST),68 - 70,2,5,200745,Andrea Bargnani,1610612761.0,Toronto,Raptors,TOR,5,201942,DeMar DeRozan,1610612761.0,Toronto,Raptors,TOR,0,0,,,,,,0
0021000914,322,2,1,3,4:40 PM,3:39,MISS Humphries 4' Jump Shot,,Bargnani BLOCK (1 BLK),,,4,2743,Kris Humphries,1610612751.0,New Jersey,Nets,NJN,0,0,,,,,,5,200745,Andrea Bargnani,1610612761.0,Toronto,Raptors,TOR,0
0021000914,323,4,0,3,4:40 PM,3:38,Humphries REBOUND (Off:3 Def:11),,,,,4,2743,Kris Humphries,1610612751.0,New Jersey,Nets,NJN,0,0,,,,,,0,0,,,,,,0
0021000914,324,1,5,3,4:40 PM,3:35,Humphries 1' Layup (13 PTS),,,68 - 72,4,4,2743,Kris Humphries,1610612751.0,New Jersey,Nets,NJN,0,0,,,,,,0,0,,,,,,0
0021000914,325,6,2,3,4:40 PM,3:17,Vujacic S.FOUL (P2.T4),,,,,4,2756,Sasha Vujacic,1610612751.0,New Jersey,Nets,NJN,5,201942,DeMar DeRozan,1610612761.0,Toronto,Raptors,TOR,1,0,,,,,,0
0021000914,326,3,11,3,4:40 PM,3:17,,,DeRozan Free Throw 1 of 2 (21 PTS),69 - 72,3,5,201942,DeMar DeRozan,1610612761.0,Toronto,Raptors,TOR,0,0,,,,,,0,0,,,,,,0
0021000914,328,3,12,3,4:41 PM,3:17,,,DeRozan Free Throw 2 of 2 (22 PTS),70 - 72,2,5,201942,DeMar DeRozan,1610612761.0,Toronto,Raptors,TOR,0,0,,,,,,0,0,,,,,,0
0021000914,330,1,84,3,4:41 PM,3:07,D. Williams 7' Running Bank Shot (11 PTS),,,70 - 74,4,4,101114,Deron Williams,1610612751.0,New Jersey,Nets,NJN,0,0,,,,,,0,0,,,,,,0
0021000914,331,1,1,3,4:41 PM,2:55,,,Davis 10' Jump Shot (8 PTS) (Calderon 11 AST),72 - 74,2,5,202334,Ed Davis,1610612761.0,Toronto,Raptors,TOR,5,101181,Jose Calderon,1610612761.0,Toronto,Raptors,TOR,0,0,,,,,,0
0021000914,332,2,1,3,4:41 PM,2:40,MISS Vujacic 21' Jump Shot,,,,,4,2756,Sasha Vujacic,1610612751.0,New Jersey,Nets,NJN,0,0,,,,,,0,0,,,,,,0
0021000914,333,4,0,3,4:41 PM,2:39,,,Weems REBOUND (Off:0 Def:3),,,5,201603,Sonny Weems,1610612761.0,Toronto,Raptors,TOR,0,0,,,,,,0,0,,,,,,0
0021000914,334,1,42,3,4:41 PM,2:32,,,Calderon 3' Driving Layup (6 PTS) (Weems 2 AST),74 - 74,TIE,5,101181,Jose Calderon,1610612761.0,Toronto,Raptors,TOR,5,201603,Sonny Weems,1610612761.0,Toronto,Raptors,TOR,0,0,,,,,,0
0021000914,335,9,1,3,4:42 PM,2:29,NETS Timeout: Regular (Full 3 Short 0),,,,,2,1610612751,,,,,,0,0,,,,,,0,0,,,,,,0
0021000914,337,8,0,3,4:44 PM,2:29,SUB: Farmar FOR Vujacic,,,,,4,2756,Sasha Vujacic,1610612751.0,New Jersey,Nets,NJN,4,200770,Jordan Farmar,1610612751.0,New Jersey,Nets,NJN,0,0,,,,,,0
0021000914,338,8,0,3,4:44 PM,2:29,,,SUB: Bayless FOR Calderon,,,5,101181,Jose Calderon,1610612761.0,Toronto,Raptors,TOR,5,201573,Jerryd Bayless,1610612761.0,Toronto,Raptors,TOR,0,0,,,,,,0
0021000914,339,8,0,3,4:44 PM,2:29,,,SUB: Barbosa FOR DeRozan,,,5,201942,DeMar DeRozan,1610612761.0,Toronto,Raptors,TOR,5,2571,Leandro Barbosa,1610612761.0,Toronto,Raptors,TOR,0,0,,,,,,0
0021000914,340,5,2,3,4:44 PM,2:14,Lopez Lost Ball Turnover (P3.T8),,Davis STEAL (3 STL),,,4,201572,Brook Lopez,1610612751.0,New Jersey,Nets,NJN,5,202334,Ed Davis,1610612761.0,Toronto,Raptors,TOR,0,0,,,,,,0
0021000914,341,1,1,3,4:44 PM,2:08,,,Bargnani 25' 3PT Jump Shot (16 PTS) (Bayless 3 AST),77 - 74,-3,5,200745,Andrea Bargnani,1610612761.0,Toronto,Raptors,TOR,5,201573,Jerryd Bayless,1610612761.0,Toronto,Raptors,TOR,0,0,,,,,,0
0021000914,342,2,5,3,4:45 PM,1:47,MISS Humphries 3' Layup,,,,,4,2743,Kris Humphries,1610612751.0,New Jersey,Nets,NJN,0,0,,,,,,0,0,,,,,,0
0021000914,343,4,0,3,4:45 PM,1:46,,,Davis REBOUND (Off:1 Def:5),,,5,202334,Ed Davis,1610612761.0,Toronto,Raptors,TOR,0,0,,,,,,0,0,,,,,,0
0021000914,344,5,2,3,4:45 PM,1:41,D. Williams STEAL (1 STL),,Weems Lost Ball Turnover (P1.T3),,,5,201603,Sonny Weems,1610612761.0,Toronto,Raptors,TOR,4,101114,Deron Williams,1610612751.0,New Jersey,Nets,NJN,0,0,,,,,,0
0021000914,345,1,1,3,4:45 PM,1:28,Outlaw 21' Jump Shot (4 PTS),,,77 - 76,-1,4,2566,Travis Outlaw,1610612751.0,New Jersey,Nets,NJN,0,0,,,,,,0,0,,,,,,0
0021000914,346,2,1,3,4:45 PM,1:10,Humphries BLOCK (4 BLK),,MISS Barbosa 3' Jump Shot,,,5,2571,Leandro Barbosa,1610612761.0,Toronto,Raptors,TOR,0,0,,,,,,4,2743,Kris Humphries,1610612751.0,New Jersey,Nets,NJN,0
0021000914,347,4,0,3,4:45 PM,1:08,,,Davis REBOUND (Off:2 Def:5),,,5,202334,Ed Davis,1610612761.0,Toronto,Raptors,TOR,0,0,,,,,,0,0,,,,,,0
0021000914,348,1,87,3,4:45 PM,1:07,,,Davis 2' Putback Dunk (10 PTS),79 - 76,-3,5,202334,Ed Davis,1610612761.0,Toronto,Raptors,TOR,0,0,,,,,,0,0,,,,,,0
0021000914,349,1,1,3,4:46 PM,0:44,Humphries 17' Jump Shot (15 PTS) (D. Williams 9 AST),,,79 - 78,-1,4,2743,Kris Humphries,1610612751.0,New Jersey,Nets,NJN,4,101114,Deron Williams,1610612751.0,New Jersey,Nets,NJN,0,0,,,,,,0
0021000914,350,6,1,3,4:46 PM,0:35,D. Williams P.FOUL (P4.PN),,,,,4,101114,Deron Williams,1610612751.0,New Jersey,Nets,NJN,5,201573,Jerryd Bayless,1610612761.0,Toronto,Raptors,TOR,1,0,,,,,,0
0021000914,351,3,11,3,4:46 PM,0:35,,,Bayless Free Throw 1 of 2 (1 PTS),80 - 78,-2,5,201573,Jerryd Bayless,1610612761.0,Toronto,Raptors,TOR,0,0,,,,,,0,0,,,,,,0
0021000914,353,8,0,3,4:47 PM,0:35,SUB: Gaines FOR D. Williams,,,,,4,101114,Deron Williams,1610612751.0,New Jersey,Nets,NJN,4,202178,Sundiata Gaines,1610612751.0,New Jersey,Nets,NJN,0,0,,,,,,0
0021000914,354,3,12,3,4:47 PM,0:35,,,Bayless Free Throw 2 of 2 (2 PTS),81 - 78,-3,5,201573,Jerryd Bayless,1610612761.0,Toronto,Raptors,TOR,0,0,,,,,,0,0,,,,,,0
0021000914,356,2,1,3,4:47 PM,0:16,MISS Lopez 10' Jump Shot,,,,,4,201572,Brook Lopez,1610612751.0,New Jersey,Nets,NJN,0,0,,,,,,0,0,,,,,,0
0021000914,357,4,0,3,4:47 PM,0:16,,,Bayless REBOUND (Off:0 Def:1),,,5,201573,Jerryd Bayless,1610612761.0,Toronto,Raptors,TOR,0,0,,,,,,0,0,,,,,,0
0021000914,358,5,1,3,4:47 PM,0:13,Gaines STEAL (1 STL),,Bayless Bad Pass Turnover (P1.T4),,,5,201573,Jerryd Bayless,1610612761.0,Toronto,Raptors,TOR,4,202178,Sundiata Gaines,1610612751.0,New Jersey,Nets,NJN,0,0,,,,,,0
0021000914,359,2,1,3,4:48 PM,0:05,MISS Outlaw  3PT Jump Shot,,,,,4,2566,Travis Outlaw,1610612751.0,New Jersey,Nets,NJN,0,0,,,,,,0,0,,,,,,0
0021000914,360,4,0,3,4:48 PM,0:03,,,Barbosa REBOUND (Off:1 Def:1),,,5,2571,Leandro Barbosa,1610612761.0,Toronto,Raptors,TOR,0,0,,,,,,0,0,,,,,,0
0021000914,361,2,1,3,4:48 PM,0:00,,,MISS Barbosa 69' 3PT Jump Shot,,,5,2571,Leandro Barbosa,1610612761.0,Toronto,Raptors,TOR,0,0,,,,,,0,0,,,,,,0
0021000914,362,4,0,3,4:48 PM,0:00,,,Raptors Rebound,,,3,1610612761,,,,,,0,0,,,,,,0,0,,,,,,0
0021000914,364,13,0,3,4:49 PM,0:00,,,,81 - 78,-3,0,0,,,,,,0,0,,,,,,0,0,,,,,,0
0021000914,365,12,0,4,4:51 PM,12:00,,,,81 - 78,-3,0,0,,,,,,0,0,,,,,,0,0,,,,,,0
0021000914,366,1,1,4,4:51 PM,11:47,Farmar 25' 3PT Jump Shot (3 PTS) (Lopez 1 AST),,,81 - 81,TIE,4,200770,Jordan Farmar,1610612751.0,New Jersey,Nets,NJN,4,201572,Brook Lopez,1610612751.0,New Jersey,Nets,NJN,0,0,,,,,,0
0021000914,367,2,1,4,4:51 PM,11:30,,,MISS Barbosa 9' Jump Shot,,,5,2571,Leandro Barbosa,1610612761.0,Toronto,Raptors,TOR,0,0,,,,,,0,0,,,,,,0
0021000914,368,4,0,4,4:51 PM,11:29,Humphries REBOUND (Off:3 Def:12),,,,,4,2743,Kris Humphries,1610612751.0,New Jersey,Nets,NJN,0,0,,,,,,0,0,,,,,,0
0021000914,370,5,11,4,4:52 PM,11:05,NETS Turnover: Shot Clock (T#9),,,,,2,1610612751,,,,,,0,0,,,,,,1,0,,,,,,0
0021000914,371,8,0,4,4:52 PM,11:05,SUB: James FOR Humphries,,,,,4,2743,Kris Humphries,1610612751.0,New Jersey,Nets,NJN,4,202345,Damion James,1610612751.0,New Jersey,Nets,NJN,0,0,,,,,,0
0021000914,372,1,1,4,4:52 PM,10:46,,,Davis 7' Jump Shot (12 PTS) (Bayless 4 AST),83 - 81,-2,5,202334,Ed Davis,1610612761.0,Toronto,Raptors,TOR,5,201573,Jerryd Bayless,1610612761.0,Toronto,Raptors,TOR,0,0,,,,,,0
0021000914,373,2,3,4,4:53 PM,10:27,MISS Lopez 9' Hook Shot,,,,,4,201572,Brook Lopez,1610612751.0,New Jersey,Nets,NJN,0,0,,,,,,0,0,,,,,,0
0021000914,374,4,0,4,4:53 PM,10:26,,,Davis REBOUND (Off:2 Def:6),,,5,202334,Ed Davis,1610612761.0,Toronto,Raptors,TOR,0,0,,,,,,0,0,,,,,,0
0021000914,375,5,1,4,4:53 PM,10:20,James STEAL (1 STL),,Bayless Bad Pass Turnover (P2.T5),,,5,201573,Jerryd Bayless,1610612761.0,Toronto,Raptors,TOR,4,202345,Damion James,1610612751.0,New Jersey,Nets,NJN,0,0,,,,,,0
0021000914,376,1,1,4,4:53 PM,9:59,Farmar 26' 3PT Jump Shot (6 PTS),,,83 - 84,1,4,200770,Jordan Farmar,1610612751.0,New Jersey,Nets,NJN,0,0,,,,,,0,0,,,,,,0
0021000914,377,6,2,4,4:53 PM,9:43,Farmar S.FOUL (P1.T1),,,,,4,200770,Jordan Farmar,1610612751.0,New Jersey,Nets,NJN,5,201573,Jerryd Bayless,1610612761.0,Toronto,Raptors,TOR,1,0,,,,,,0
0021000914,378,3,11,4,4:54 PM,9:43,,,MISS Bayless Free Throw 1 of 2,,,5,201573,Jerryd Bayless,1610612761.0,Toronto,Raptors,TOR,0,0,,,,,,0,0,,,,,,0
0021000914,379,4,1,4,4:54 PM,9:43,,,Raptors Rebound,,,3,1610612761,,,,,,0,0,,,,,,0,0,,,,,,0
0021000914,380,3,12,4,4:54 PM,9:43,,,Bayless Free Throw 2 of 2 (3 PTS),84 - 84,TIE,5,201573,Jerryd Bayless,1610612761.0,Toronto,Raptors,TOR,0,0,,,,,,0,0,,,,,,0
0021000914,382,1,42,4,4:54 PM,9:28,Gaines 3' Driving Layup (2 PTS),,,84 - 86,2,4,202178,Sundiata Gaines,1610612751.0,New Jersey,Nets,NJN,0,0,,,,,,0,0,,,,,,0
0021000914,383,6,2,4,4:54 PM,9:28,,,Barbosa S.FOUL (P3.T1),,,5,2571,Leandro Barbosa,1610612761.0,Toronto,Raptors,TOR,4,202178,Sundiata Gaines,1610612751.0,New Jersey,Nets,NJN,1,0,,,,,,0
0021000914,384,8,0,4,4:55 PM,9:28,SUB: Petro FOR Lopez,,,,,4,201572,Brook Lopez,1610612751.0,New Jersey,Nets,NJN,4,101130,Johan Petro,1610612751.0,New Jersey,Nets,NJN,0,0,,,,,,0
0021000914,385,3,10,4,4:55 PM,9:28,Gaines Free Throw 1 of 1 (3 PTS),,,84 - 87,3,4,202178,Sundiata Gaines,1610612751.0,New Jersey,Nets,NJN,0,0,,,,,,0,0,,,,,,0
0021000914,387,2,1,4,4:55 PM,9:14,,,MISS Weems 19' Jump Shot,,,5,201603,Sonny Weems,1610612761.0,Toronto,Raptors,TOR,0,0,,,,,,0,0,,,,,,0
0021000914,388,4,0,4,4:55 PM,9:12,James REBOUND (Off:1 Def:5),,,,,4,202345,Damion James,1610612751.0,New Jersey,Nets,NJN,0,0,,,,,,0,0,,,,,,0
0021000914,389,1,5,4,4:55 PM,8:59,Gaines 2' Layup (5 PTS),,,84 - 89,5,4,202178,Sundiata Gaines,1610612751.0,New Jersey,Nets,NJN,0,0,,,,,,0,0,,,,,,0
0021000914,390,6,1,4,4:56 PM,8:36,Farmar P.FOUL (P2.T2),,,,,4,200770,Jordan Farmar,1610612751.0,New Jersey,Nets,NJN,5,201603,Sonny Weems,1610612761.0,Toronto,Raptors,TOR,1,0,,,,,,0
0021000914,392,9,4,4,4:56 PM,8:36,,,,,,1,0,,,,,,0,0,,,,,,0,0,,,,,,0
0021000914,394,8,0,4,4:58 PM,8:36,,,SUB: DeRozan FOR Bayless,,,5,201573,Jerryd Bayless,1610612761.0,Toronto,Raptors,TOR,5,201942,DeMar DeRozan,1610612761.0,Toronto,Raptors,TOR,0,0,,,,,,0
0021000914,395,8,0,4,4:58 PM,8:36,,,SUB: Bargnani FOR Davis,,,5,202334,Ed Davis,1610612761.0,Toronto,Raptors,TOR,5,200745,Andrea Bargnani,1610612761.0,Toronto,Raptors,TOR,0,0,,,,,,0
0021000914,396,8,0,4,4:59 PM,8:36,,,SUB: Calderon FOR Barbosa,,,5,2571,Leandro Barbosa,1610612761.0,Toronto,Raptors,TOR,5,101181,Jose Calderon,1610612761.0,Toronto,Raptors,TOR,0,0,,,,,,0
0021000914,397,2,1,4,4:59 PM,8:23,,,MISS DeRozan 20' Jump Shot,,,5,201942,DeMar DeRozan,1610612761.0,Toronto,Raptors,TOR,0,0,,,,,,0,0,,,,,,0
0021000914,398,4,0,4,4:59 PM,8:22,Petro REBOUND (Off:0 Def:1),,,,,4,101130,Johan Petro,1610612751.0,New Jersey,Nets,NJN,0,0,,,,,,0,0,,,,,,0
0021000914,399,1,1,4,4:59 PM,8:07,James 17' Jump Shot (15 PTS) (Gaines 1 AST),,,84 - 91,7,4,202345,Damion James,1610612751.0,New Jersey,Nets,NJN,4,202178,Sundiata Gaines,1610612751.0,New Jersey,Nets,NJN,0,0,,,,,,0
0021000914,400,1,1,4,4:59 PM,7:48,,,Bargnani 20' Jump Shot (18 PTS),86 - 91,5,5,200745,Andrea Bargnani,1610612761.0,Toronto,Raptors,TOR,0,0,,,,,,0,0,,,,,,0
0021000914,401,6,2,4,4:59 PM,7:48,James S.FOUL (P3.T3),,,,,4,202345,Damion James,1610612751.0,New Jersey,Nets,NJN,5,200745,Andrea Bargnani,1610612761.0,Toronto,Raptors,TOR,1,0,,,,,,0
0021000914,402,8,0,4,4:59 PM,7:48,,,SUB: Davis FOR Johnson,,,5,101161,Amir Johnson,1610612761.0,Toronto,Raptors,TOR,5,202334,Ed Davis,1610612761.0,Toronto,Raptors,TOR,0,0,,,,,,0
0021000914,403,3,10,4,4:59 PM,7:48,,,Bargnani Free Throw 1 of 1 (19 PTS),87 - 91,4,5,200745,Andrea Bargnani,1610612761.0,Toronto,Raptors,TOR,0,0,,,,,,0,0,,,,,,0
0021000914,405,1,1,4,5:00 PM,7:35,Gaines 18' Jump Shot (7 PTS),,,87 - 93,6,4,202178,Sundiata Gaines,1610612751.0,New Jersey,Nets,NJN,0,0,,,,,,0,0,,,,,,0
0021000914,406,2,71,4,5:00 PM,7:16,,,MISS Bargnani 3' Finger Roll Layup,,,5,200745,Andrea Bargnani,1610612761.0,Toronto,Raptors,TOR,0,0,,,,,,0,0,,,,,,0
0021000914,407,4,0,4,5:00 PM,7:15,Petro REBOUND (Off:0 Def:2),,,,,4,101130,Johan Petro,1610612751.0,New Jersey,Nets,NJN,0,0,,,,,,0,0,,,,,,0
0021000914,408,2,44,4,5:00 PM,7:02,MISS Farmar 3' Reverse Layup,,,,,4,200770,Jordan Farmar,1610612751.0,New Jersey,Nets,NJN,0,0,,,,,,0,0,,,,,,0
0021000914,409,4,0,4,5:01 PM,7:01,Petro REBOUND (Off:1 Def:2),,,,,4,101130,Johan Petro,1610612751.0,New Jersey,Nets,NJN,0,0,,,,,,0,0,,,,,,0
0021000914,410,1,72,4,5:01 PM,6:59,Petro 3' Putback Layup (2 PTS),,,87 - 95,8,4,101130,Johan Petro,1610612751.0,New Jersey,Nets,NJN,0,0,,,,,,0,0,,,,,,0
0021000914,411,6,2,4,5:01 PM,6:59,,,Weems S.FOUL (P1.T2),,,5,201603,Sonny Weems,1610612761.0,Toronto,Raptors,TOR,4,101130,Johan Petro,1610612751.0,New Jersey,Nets,NJN,1,0,,,,,,0
0021000914,412,8,0,4,5:01 PM,6:59,,,SUB: Johnson FOR Weems,,,5,201603,Sonny Weems,1610612761.0,Toronto,Raptors,TOR,5,201949,James Johnson,1610612761.0,Toronto,Raptors,TOR,0,0,,,,,,0
0021000914,413,3,10,4,5:01 PM,6:59,Petro Free Throw 1 of 1 (3 PTS),,,87 - 96,9,4,101130,Johan Petro,1610612751.0,New Jersey,Nets,NJN,0,0,,,,,,0,0,,,,,,0
0021000914,415,5,4,4,5:01 PM,6:52,,,Bargnani Traveling Turnover (P1.T6),,,5,200745,Andrea Bargnani,1610612761.0,Toronto,Raptors,TOR,0,0,,,,,,1,0,,,,,,0
0021000914,416,8,0,4,5:01 PM,6:52,SUB: Lopez FOR Petro,,,,,4,101130,Johan Petro,1610612751.0,New Jersey,Nets,NJN,4,201572,Brook Lopez,1610612751.0,New Jersey,Nets,NJN,0,0,,,,,,0
0021000914,418,1,78,4,5:02 PM,6:41,Lopez 6' Floating Jump Shot (21 PTS) (Gaines 2 AST),,,87 - 98,11,4,201572,Brook Lopez,1610612751.0,New Jersey,Nets,NJN,4,202178,Sundiata Gaines,1610612751.0,New Jersey,Nets,NJN,0,0,,,,,,0
0021000914,419,9,1,4,5:02 PM,6:40,,,Raptors Timeout: Regular (Reg.4 Short 0),,,3,1610612761,,,,,,0,0,,,,,,0,0,,,,,,0
0021000914,421,2,1,4,5:04 PM,6:31,,,MISS DeRozan 14' Jump Shot,,,5,201942,DeMar DeRozan,1610612761.0,Toronto,Raptors,TOR,0,0,,,,,,0,0,,,,,,0
0021000914,422,4,0,4,5:04 PM,6:30,,,DeRozan REBOUND (Off:1 Def:1),,,5,201942,DeMar DeRozan,1610612761.0,Toronto,Raptors,TOR,0,0,,,,,,0,0,,,,,,0
0021000914,423,6,1,4,5:04 PM,6:29,Lopez P.FOUL (P2.T4),,,,,4,201572,Brook Lopez,1610612751.0,New Jersey,Nets,NJN,5,201942,DeMar DeRozan,1610612761.0,Toronto,Raptors,TOR,1,0,,,,,,0
0021000914,424,2,84,4,5:05 PM,6:20,,,MISS Johnson 8' Running Bank Shot,,,5,201949,James Johnson,1610612761.0,Toronto,Raptors,TOR,0,0,,,,,,0,0,,,,,,0
0021000914,425,4,0,4,5:05 PM,6:19,James REBOUND (Off:1 Def:6),,,,,4,202345,Damion James,1610612751.0,New Jersey,Nets,NJN,0,0,,,,,,0,0,,,,,,0
0021000914,426,5,1,4,5:05 PM,6:14,Gaines Bad Pass Turnover (P1.T10),,,,,4,202178,Sundiata Gaines,1610612751.0,New Jersey,Nets,NJN,0,0,,,,,,0,0,,,,,,0
0021000914,427,8,0,4,5:05 PM,6:14,SUB: D. Williams FOR Farmar,,,,,4,200770,Jordan Farmar,1610612751.0,New Jersey,Nets,NJN,4,101114,Deron Williams,1610612751.0,New Jersey,Nets,NJN,0,0,,,,,,0
0021000914,428,6,2,4,5:06 PM,6:02,James S.FOUL (P4.PN),,,,,4,202345,Damion James,1610612751.0,New Jersey,Nets,NJN,5,200745,Andrea Bargnani,1610612761.0,Toronto,Raptors,TOR,1,0,,,,,,0
0021000914,429,3,11,4,5:06 PM,6:02,,,Bargnani Free Throw 1 of 2 (20 PTS),88 - 98,10,5,200745,Andrea Bargnani,1610612761.0,Toronto,Raptors,TOR,0,0,,,,,,0,0,,,,,,0
0021000914,431,8,0,4,5:06 PM,6:02,,,SUB: Johnson FOR Davis,,,5,202334,Ed Davis,1610612761.0,Toronto,Raptors,TOR,5,101161,Amir Johnson,1610612761.0,Toronto,Raptors,TOR,0,0,,,,,,0
0021000914,432,3,12,4,5:06 PM,6:02,,,Bargnani Free Throw 2 of 2 (21 PTS),89 - 98,9,5,200745,Andrea Bargnani,1610612761.0,Toronto,Raptors,TOR,0,0,,,,,,0,0,,,,,,0
0021000914,434,5,2,4,5:06 PM,5:53,D. Williams Lost Ball Turnover (P3.T11),,Calderon STEAL (2 STL),,,4,101114,Deron Williams,1610612751.0,New Jersey,Nets,NJN,5,101181,Jose Calderon,1610612761.0,Toronto,Raptors,TOR,0,0,,,,,,0
0021000914,435,2,5,4,5:07 PM,5:48,,,MISS Calderon 2' Layup,,,5,101181,Jose Calderon,1610612761.0,Toronto,Raptors,TOR,0,0,,,,,,0,0,,,,,,0
0021000914,436,4,0,4,5:07 PM,5:47,,,Johnson REBOUND (Off:1 Def:3),,,5,101161,Amir Johnson,1610612761.0,Toronto,Raptors,TOR,0,0,,,,,,0,0,,,,,,0
0021000914,438,1,72,4,5:07 PM,5:46,,,Johnson 2' Putback Layup (8 PTS),91 - 98,7,5,101161,Amir Johnson,1610612761.0,Toronto,Raptors,TOR,0,0,,,,,,0,0,,,,,,0
0021000914,439,9,1,4,5:07 PM,5:46,NETS Timeout: Regular (Full 4 Short 0),,,,,2,1610612751,,,,,,0,0,,,,,,0,0,,,,,,0
0021000914,441,8,0,4,5:09 PM,5:46,SUB: Humphries FOR James,,,,,4,202345,Damion James,1610612751.0,New Jersey,Nets,NJN,4,2743,Kris Humphries,1610612751.0,New Jersey,Nets,NJN,0,0,,,,,,0
0021000914,442,8,0,4,5:09 PM,5:46,SUB: Vujacic FOR Gaines,,,,,4,202178,Sundiata Gaines,1610612751.0,New Jersey,Nets,NJN,4,2756,Sasha Vujacic,1610612751.0,New Jersey,Nets,NJN,0,0,,,,,,0
0021000914,444,2,1,4,5:10 PM,5:27,MISS Vujacic 21' Jump Shot,,,,,4,2756,Sasha Vujacic,1610612751.0,New Jersey,Nets,NJN,0,0,,,,,,0,0,,,,,,0
0021000914,445,4,0,4,5:10 PM,5:25,Humphries REBOUND (Off:4 Def:12),,,,,4,2743,Kris Humphries,1610612751.0,New Jersey,Nets,NJN,0,0,,,,,,0,0,,,,,,0
0021000914,446,1,4,4,5:10 PM,5:24,Humphries 2' Tip Shot (17 PTS),,,91 - 100,9,4,2743,Kris Humphries,1610612751.0,New Jersey,Nets,NJN,0,0,,,,,,0,0,,,,,,0
0021000914,447,1,46,4,5:10 PM,5:08,,,DeRozan 3' Running Jump Shot (24 PTS),93 - 100,7,5,201942,DeMar DeRozan,1610612761.0,Toronto,Raptors,TOR,0,0,,,,,,0,0,,,,,,0
0021000914,448,2,78,4,5:10 PM,4:50,MISS D. Williams 11' Floating Jump Shot,,,,,4,101114,Deron Williams,1610612751.0,New Jersey,Nets,NJN,0,0,,,,,,0,0,,,,,,0
0021000914,449,4,0,4,5:10 PM,4:48,,,Johnson REBOUND (Off:0 Def:4),,,5,201949,James Johnson,1610612761.0,Toronto,Raptors,TOR,0,0,,,,,,0,0,,,,,,0
0021000914,450,1,44,4,5:11 PM,4:36,,,DeRozan 3' Reverse Layup (26 PTS) (Johnson 2 AST),95 - 100,5,5,201942,DeMar DeRozan,1610612761.0,Toronto,Raptors,TOR,5,201949,James Johnson,1610612761.0,Toronto,Raptors,TOR,0,0,,,,,,0
0021000914,451,1,42,4,5:11 PM,4:12,D. Williams 2' Driving Layup (13 PTS),,,95 - 102,7,4,101114,Deron Williams,1610612751.0,New Jersey,Nets,NJN,0,0,,,,,,0,0,,,,,,0
0021000914,452,2,1,4,5:11 PM,3:49,,,MISS Calderon  3PT Jump Shot,,,5,101181,Jose Calderon,1610612761.0,Toronto,Raptors,TOR,0,0,,,,,,0,0,,,,,,0
0021000914,453,4,0,4,5:11 PM,3:48,,,Johnson REBOUND (Off:1 Def:4),,,5,201949,James Johnson,1610612761.0,Toronto,Raptors,TOR,0,0,,,,,,0,0,,,,,,0
0021000914,454,2,1,4,5:12 PM,3:35,,,MISS Calderon 21' Jump Shot,,,5,101181,Jose Calderon,1610612761.0,Toronto,Raptors,TOR,0,0,,,,,,0,0,,,,,,0
0021000914,455,4,0,4,5:12 PM,3:34,D. Williams REBOUND (Off:0 Def:3),,,,,4,101114,Deron Williams,1610612751.0,New Jersey,Nets,NJN,0,0,,,,,,0,0,,,,,,0
0021000914,456,6,1,4,5:12 PM,3:34,,,Bargnani P.FOUL (P1.T3),,,5,200745,Andrea Bargnani,1610612761.0,Toronto,Raptors,TOR,4,2566,Travis Outlaw,1610612751.0,New Jersey,Nets,NJN,1,0,,,,,,0
0021000914,457,1,3,4,5:12 PM,3:17,Lopez 5' Hook Shot (23 PTS) (D. Williams 10 AST),,,95 - 104,9,4,201572,Brook Lopez,1610612751.0,New Jersey,Nets,NJN,4,101114,Deron Williams,1610612751.0,New Jersey,Nets,NJN,0,0,,,,,,0
0021000914,458,1,5,4,5:12 PM,3:01,,,Johnson 3' Layup (2 PTS) (Bargnani 3 AST),97 - 104,7,5,201949,James Johnson,1610612761.0,Toronto,Raptors,TOR,5,200745,Andrea Bargnani,1610612761.0,Toronto,Raptors,TOR,0,0,,,,,,0
0021000914,459,6,2,4,5:12 PM,3:01,Lopez S.FOUL (P3.PN),,,,,4,201572,Brook Lopez,1610612751.0,New Jersey,Nets,NJN,5,201949,James Johnson,1610612761.0,Toronto,Raptors,TOR,1,0,,,,,,0
0021000914,460,3,10,4,5:13 PM,3:01,,,MISS Johnson Free Throw 1 of 1,,,5,201949,James Johnson,1610612761.0,Toronto,Raptors,TOR,0,0,,,,,,0,0,,,,,,0
0021000914,463,4,0,4,5:13 PM,3:00,Outlaw REBOUND (Off:0 Def:2),,,,,4,2566,Travis Outlaw,1610612751.0,New Jersey,Nets,NJN,0,0,,,,,,0,0,,,,,,0
0021000914,464,1,1,4,5:13 PM,2:43,D. Williams 27' 3PT Jump Shot (16 PTS),,,97 - 107,10,4,101114,Deron Williams,1610612751.0,New Jersey,Nets,NJN,0,0,,,,,,0,0,,,,,,0
0021000914,467,6,6,4,5:14 PM,2:43,,,Calderon AWAY.FROM.PLAY.FOUL (P2.T4),,,5,101181,Jose Calderon,1610612761.0,Toronto,Raptors,TOR,4,2743,Kris Humphries,1610612751.0,New Jersey,Nets,NJN,1,0,,,,,,0
0021000914,468,3,10,4,5:14 PM,2:43,Humphries Free Throw 1 of 1 (18 PTS),,,97 - 108,11,4,2743,Kris Humphries,1610612751.0,New Jersey,Nets,NJN,0,0,,,,,,0,0,,,,,,0
0021000914,470,2,1,4,5:14 PM,2:38,,,MISS Johnson 24' 3PT Jump Shot,,,5,201949,James Johnson,1610612761.0,Toronto,Raptors,TOR,0,0,,,,,,0,0,,,,,,0
0021000914,471,4,0,4,5:14 PM,2:36,Humphries REBOUND (Off:4 Def:13),,,,,4,2743,Kris Humphries,1610612751.0,New Jersey,Nets,NJN,0,0,,,,,,0,0,,,,,,0
0021000914,472,6,10,4,5:15 PM,2:34,,,,,,5,101161,Amir Johnson,1610612761.0,Toronto,Raptors,TOR,4,201572,Brook Lopez,1610612751.0,New Jersey,Nets,NJN,1,0,,,,,,0
0021000914,473,6,26,4,5:15 PM,2:17,Humphries Offensive Charge Foul (P3.PN),,,,,4,2743,Kris Humphries,1610612751.0,New Jersey,Nets,NJN,5,101161,Amir Johnson,1610612761.0,Toronto,Raptors,TOR,1,0,,,,,,0
0021000914,474,5,5,4,5:15 PM,2:17,Humphries Foul Turnover (P2.T12),,,,,4,2743,Kris Humphries,1610612751.0,New Jersey,Nets,NJN,0,0,,,,,,1,0,,,,,,0
0021000914,475,8,0,4,5:15 PM,2:17,,,SUB: Barbosa FOR Johnson,,,5,201949,James Johnson,1610612761.0,Toronto,Raptors,TOR,5,2571,Leandro Barbosa,1610612761.0,Toronto,Raptors,TOR,0,0,,,,,,0
0021000914,477,2,1,4,5:16 PM,2:07,,,MISS Bargnani 14' Jump Shot,,,5,200745,Andrea Bargnani,1610612761.0,Toronto,Raptors,TOR,0,0,,,,,,0,0,,,,,,0
0021000914,478,4,0,4,5:16 PM,2:05,Outlaw REBOUND (Off:0 Def:3),,,,,4,2566,Travis Outlaw,1610612751.0,New Jersey,Nets,NJN,0,0,,,,,,0,0,,,,,,0
0021000914,480,1,1,4,5:16 PM,1:46,Lopez 14' Jump Shot (25 PTS) (D. Williams 11 AST),,,97 - 110,13,4,201572,Brook Lopez,1610612751.0,New Jersey,Nets,NJN,4,101114,Deron Williams,1610612751.0,New Jersey,Nets,NJN,0,0,,,,,,0
0021000914,481,9,1,4,5:16 PM,1:46,,,Raptors Timeout: Regular (Reg.5 Short 0),,,3,1610612761,,,,,,0,0,,,,,,0,0,,,,,,0
0021000914,482,1,63,4,5:18 PM,1:41,,,DeRozan 11' Fadeaway Jumper (28 PTS),99 - 110,11,5,201942,DeMar DeRozan,1610612761.0,Toronto,Raptors,TOR,0,0,,,,,,0,0,,,,,,0
0021000914,483,2,1,4,5:18 PM,1:21,MISS D. Williams 25' 3PT Jump Shot,,,,,4,101114,Deron Williams,1610612751.0,New Jersey,Nets,NJN,0,0,,,,,,0,0,,,,,,0
0021000914,484,4,0,4,5:18 PM,1:20,,,DeRozan REBOUND (Off:1 Def:2),,,5,201942,DeMar DeRozan,1610612761.0,Toronto,Raptors,TOR,0,0,,,,,,0,0,,,,,,0
0021000914,485,2,5,4,5:19 PM,1:13,Lopez BLOCK (3 BLK),,MISS DeRozan 3' Layup,,,5,201942,DeMar DeRozan,1610612761.0,Toronto,Raptors,TOR,0,0,,,,,,4,201572,Brook Lopez,1610612751.0,New Jersey,Nets,NJN,0
0021000914,486,4,0,4,5:19 PM,1:11,Outlaw REBOUND (Off:0 Def:4),,,,,4,2566,Travis Outlaw,1610612751.0,New Jersey,Nets,NJN,0,0,,,,,,0,0,,,,,,0
0021000914,487,6,1,4,5:19 PM,0:54,,,DeRozan P.FOUL (P4.PN),,,5,201942,DeMar DeRozan,1610612761.0,Toronto,Raptors,TOR,4,2566,Travis Outlaw,1610612751.0,New Jersey,Nets,NJN,1,0,,,,,,0
0021000914,488,3,11,4,5:19 PM,0:54,Outlaw Free Throw 1 of 2 (5 PTS),,,99 - 111,12,4,2566,Travis Outlaw,1610612751.0,New Jersey,Nets,NJN,0,0,,,,,,0,0,,,,,,0
0021000914,490,8,0,4,5:20 PM,0:54,SUB: Gaines FOR D. Williams,,,,,4,101114,Deron Williams,1610612751.0,New Jersey,Nets,NJN,4,202178,Sundiata Gaines,1610612751.0,New Jersey,Nets,NJN,0,0,,,,,,0
0021000914,491,3,12,4,5:20 PM,0:54,Outlaw Free Throw 2 of 2 (6 PTS),,,99 - 112,13,4,2566,Travis Outlaw,1610612751.0,New Jersey,Nets,NJN,0,0,,,,,,0,0,,,,,,0
0021000914,493,1,1,4,5:20 PM,0:43,,,Bargnani 11' Jump Shot (23 PTS) (Calderon 12 AST),101 - 112,11,5,200745,Andrea Bargnani,1610612761.0,Toronto,Raptors,TOR,5,101181,Jose Calderon,1610612761.0,Toronto,Raptors,TOR,0,0,,,,,,0
0021000914,494,6,1,4,5:20 PM,0:38,,,Barbosa P.FOUL (P4.PN),,,5,2571,Leandro Barbosa,1610612761.0,Toronto,Raptors,TOR,4,2756,Sasha Vujacic,1610612751.0,New Jersey,Nets,NJN,1,0,,,,,,0
0021000914,495,3,11,4,5:20 PM,0:38,Vujacic Free Throw 1 of 2 (11 PTS),,,101 - 113,12,4,2756,Sasha Vujacic,1610612751.0,New Jersey,Nets,NJN,0,0,,,,,,0,0,,,,,,0
0021000914,497,8,0,4,5:21 PM,0:38,SUB: James FOR Lopez,,,,,4,201572,Brook Lopez,1610612751.0,New Jersey,Nets,NJN,4,202345,Damion James,1610612751.0,New Jersey,Nets,NJN,0,0,,,,,,0
0021000914,498,3,12,4,5:21 PM,0:38,Vujacic Free Throw 2 of 2 (12 PTS),,,101 - 114,13,4,2756,Sasha Vujacic,1610612751.0,New Jersey,Nets,NJN,0,0,,,,,,0,0,,,,,,0
0021000914,500,1,86,4,5:21 PM,0:28,,,DeRozan 10' Turnaround Fadeaway (30 PTS),103 - 114,11,5,201942,DeMar DeRozan,1610612761.0,Toronto,Raptors,TOR,0,0,,,,,,0,0,,,,,,0
0021000914,501,6,1,4,5:22 PM,0:04,,,Johnson P.FOUL (P4.PN),,,5,101161,Amir Johnson,1610612761.0,Toronto,Raptors,TOR,4,2566,Travis Outlaw,1610612751.0,New Jersey,Nets,NJN,1,0,,,,,,0
0021000914,502,3,11,4,5:22 PM,0:04,Outlaw Free Throw 1 of 2 (7 PTS),,,103 - 115,12,4,2566,Travis Outlaw,1610612751.0,New Jersey,Nets,NJN,0,0,,,,,,0,0,,,,,,0
0021000914,504,8,0,4,5:22 PM,0:04,SUB: Petro FOR Humphries,,,,,4,2743,Kris Humphries,1610612751.0,New Jersey,Nets,NJN,4,101130,Johan Petro,1610612751.0,New Jersey,Nets,NJN,0,0,,,,,,0
0021000914,505,3,12,4,5:22 PM,0:04,Outlaw Free Throw 2 of 2 (8 PTS),,,103 - 116,13,4,2566,Travis Outlaw,1610612751.0,New Jersey,Nets,NJN,0,0,,,,,,0,0,,,,,,0
0021000914,507,13,0,4,5:22 PM,0:00,,,,103 - 116,13,0,0,,,,,,0,0,,,,,,0,0,,,,,,0
