SEASON_ID,TEAM_ID,TEAM_ABBREVIATION,TEAM_NAME,GAME_ID,GAME_DATE,MATCHUP,WL,MIN,FGM,FGA,FG_PCT,FG3M,FG3A,FG3_PCT,FTM,FTA,FT_PCT,OREB,DREB,REB,AST,STL,BLK,TOV,PF,PTS,PLUS_MINUS,VIDEO_AVAILABLE
21952,1610610030,INO,Indianapolis Olympians,0025200007,1952-10-31,INO vs. BOS,L,0,24,,,,,,20.0,28.0,0.714,,,,,,,,,68,-15,0
21952,1610612738,BOS,Boston Celtics,0025200007,1952-10-31,BOS @ INO,W,0,27,,,,,,29.0,36.0,0.806,,,,,,,,,83,15,0
21952,1610612752,NYK,New York Knicks,0025200012,1952-11-01,NYK vs. BAL,W,0,27,,,,,,15.0,,,,,,,,,,25.0,69,16,0
21952,1610610024,BAL,Baltimore Bullets,0025200012,1952-11-01,BAL @ NYK,L,0,20,,,,,,13.0,,,,,,,,,,27.0,53,-16,0
21952,1610612738,BOS,Boston Celtics,0025200008,1952-11-01,BOS @ MNL,L,0,30,74.0,0.405,,,,31.0,,,,,,,,,,34.0,91,-3,0
21952,1610612747,MNL,Minneapolis Lakers,0025200008,1952-11-01,MNL vs. BOS,W,0,33,70.0,0.471,,,,28.0,,,,,,,,,,40.0,94,3,0
21952,1610612737,MIH,Milwaukee Hawks,0025200011,1952-11-01,MIH vs. INO,W,0,25,,,,,,23.0,,,,,,,,,,32.0,73,2,0
21952,1610610030,INO,Indianapolis Olympians,0025200011,1952-11-01,INO @ MIH,L,0,24,,,,,,23.0,,,,,,,,,,27.0,71,-2,0
21952,1610612758,ROC,Rochester Royals,0025200010,1952-11-01,ROC vs. FTW,W,0,28,,,,,,38.0,,,,,,,,,,30.0,94,12,0
21952,1610612765,FTW,Ft. Wayne Zollner Pistons,0025200010,1952-11-01,FTW @ ROC,L,0,26,,,,,,30.0,,,,,,,,,,41.0,82,-12,0
21952,1610612744,PHW,Philadelphia Warriors,0025200009,1952-11-01,PHW vs. SYR,W,0,30,,,,,,26.0,,,,,,,,,,22.0,86,2,0
21952,1610612755,SYR,Syracuse Nationals,0025200009,1952-11-01,SYR @ PHW,L,0,33,,,,,,18.0,,,,,,,,,,30.0,84,-2,0
21952,1610612765,FTW,Ft. Wayne Zollner Pistons,0025200014,1952-11-02,FTW vs. MNL,L,0,19,,,,,,31.0,,,,,,,,,,35.0,69,-12,0
21952,1610612747,MNL,Minneapolis Lakers,0025200014,1952-11-02,MNL @ FTW,W,0,26,,,,,,29.0,,,,,,,,,,31.0,81,12,0
21952,1610612755,SYR,Syracuse Nationals,0025200013,1952-11-02,SYR vs. PHW,W,0,42,,,,,,33.0,,,,,,,,,,39.0,117,26,0
21952,1610612744,PHW,Philadelphia Warriors,0025200013,1952-11-02,PHW @ SYR,L,0,26,,,,,,39.0,,,,,,,,,,39.0,91,-26,0
21952,1610610024,BAL,Baltimore Bullets,0025200015,1952-11-05,BAL vs. MNL,L,0,24,,,,,,27.0,,,,,,,,,,28.0,75,-22,0
21952,1610612747,MNL,Minneapolis Lakers,0025200015,1952-11-05,MNL @ BAL,W,0,36,,,,,,25.0,,,,,,,,,,33.0,97,22,0
21952,1610612765,FTW,Ft. Wayne Zollner Pistons,0025200016,1952-11-06,FTW vs. ROC,L,0,21,,,,,,22.0,,,,,,,,,,29.0,64,-20,0
21952,1610612758,ROC,Rochester Royals,0025200016,1952-11-06,ROC @ FTW,W,0,30,,,,,,24.0,,,,,,,,,,26.0,84,20,0
21952,1610612758,ROC,Rochester Royals,0025200017,1952-11-07,ROC @ INO,W,0,23,,,,,,19.0,,,,,,,,,,29.0,65,2,0
21952,1610610030,INO,Indianapolis Olympians,0025200017,1952-11-07,INO vs. ROC,L,0,19,,,,,,25.0,,,,,,,,,,24.0,63,-2,0
21952,1610612755,SYR,Syracuse Nationals,0025200019,1952-11-08,SYR @ BOS,L,0,24,,,,,,35.0,,,,,,,,,,40.0,83,-23,0
21952,1610612738,BOS,Boston Celtics,0025200019,1952-11-08,BOS vs. SYR,W,0,37,,,,,,32.0,,,,,,,,,,37.0,106,23,0
21952,1610612744,PHW,Philadelphia Warriors,0025200004,1952-11-08,PHW vs. MNL,L,0,27,,,,,,17.0,,,,,,,,,,20.0,71,-22,0
21952,1610612747,MNL,Minneapolis Lakers,0025200004,1952-11-08,MNL @ PHW,W,0,38,,,,,,17.0,,,,,,,,,,16.0,93,22,0
21952,1610610024,BAL,Baltimore Bullets,0025200020,1952-11-08,BAL vs. NYK,L,0,19,,,,,,24.0,,,,,,,,,,24.0,62,-30,0
21952,1610612752,NYK,New York Knicks,0025200020,1952-11-08,NYK @ BAL,W,0,36,,,,,,20.0,,,,,,,,,,27.0,92,30,0
21952,1610612758,ROC,Rochester Royals,0025200018,1952-11-08,ROC vs. INO,W,0,31,,,,,,37.0,,,,,,,,,,40.0,99,3,0
21952,1610610030,INO,Indianapolis Olympians,0025200018,1952-11-08,INO @ ROC,L,0,29,,,,,,38.0,,,,,,,,,,43.0,96,-3,0
21952,1610612755,SYR,Syracuse Nationals,0025200021,1952-11-09,SYR vs. MNL,W,0,30,,,,,,36.0,,,,,,,,,,28.0,96,7,0
21952,1610612747,MNL,Minneapolis Lakers,0025200021,1952-11-09,MNL @ SYR,L,0,32,,,,,,25.0,,,,,,,,,,43.0,89,-7,0
21952,1610612765,FTW,Ft. Wayne Zollner Pistons,0025200023,1952-11-09,FTW vs. INO,W,0,27,,,,,,20.0,,,,,,,,,,29.0,74,3,0
21952,1610610030,INO,Indianapolis Olympians,0025200023,1952-11-09,INO @ FTW,L,0,22,,,,,,27.0,,,,,,,,,,24.0,71,-3,0
21952,1610612758,ROC,Rochester Royals,0025200022,1952-11-09,ROC @ MIH,L,0,25,,,,,,25.0,,,,,,,,,,42.0,75,-3,0
21952,1610612737,MIH,Milwaukee Hawks,0025200022,1952-11-09,MIH vs. ROC,W,0,25,,,,,,28.0,,,,,,,,,,36.0,78,3,0
21952,1610612747,MNL,Minneapolis Lakers,0025200025,1952-11-11,MNL @ BOS,W,0,30,,,,,,41.0,,,,,,,,,,37.0,101,9,0
21952,1610612738,BOS,Boston Celtics,0025200025,1952-11-11,BOS vs. MNL,L,0,26,,,,,,40.0,,,,,,,,,,37.0,92,-9,0
21952,1610612752,NYK,New York Knicks,0025200024,1952-11-11,NYK @ ROC,L,0,30,,,,,,34.0,,,,,,,,,,39.0,94,-10,0
21952,1610612758,ROC,Rochester Royals,0025200024,1952-11-11,ROC vs. NYK,W,0,36,,,,,,32.0,,,,,,,,,,38.0,104,10,0
21952,1610610030,INO,Indianapolis Olympians,0025200026,1952-11-11,INO vs. FTW,W,0,28,,,,,,22.0,35.0,0.629,,,,,,,,,78,15,0
21952,1610612765,FTW,Ft. Wayne Zollner Pistons,0025200026,1952-11-11,FTW @ INO,L,0,22,,,,,,10.0,26.0,0.385,,,,,,,,,63,-15,0
21952,1610610024,BAL,Baltimore Bullets,0025200027,1952-11-12,BAL vs. MIH,W,0,27,,,,,,53.0,,,,,,,,,,26.0,107,17,0
21952,1610612737,MIH,Milwaukee Hawks,0025200027,1952-11-12,MIH @ BAL,L,0,34,,,,,,22.0,,,,,,,,,,51.0,90,-17,0
21952,1610612752,NYK,New York Knicks,0025200028,1952-11-13,NYK vs. MNL,W,0,40,,,,,,20.0,34.0,0.588,,,,,,,,31.0,100,9,0
21952,1610612747,MNL,Minneapolis Lakers,0025200028,1952-11-13,MNL @ NYK,L,0,34,,,,,,23.0,37.0,0.622,,,,,,,,28.0,91,-9,0
21952,1610612738,BOS,Boston Celtics,0025200029,1952-11-13,BOS @ SYR,L,0,25,,,,,,31.0,,,,,,,,,,33.0,81,-15,0
21952,1610612755,SYR,Syracuse Nationals,0025200029,1952-11-13,SYR vs. BOS,W,0,33,,,,,,30.0,,,,,,,,,,35.0,96,15,0
21952,1610612758,ROC,Rochester Royals,0025200030,1952-11-13,ROC vs. MIH,W,0,35,,,,,,27.0,,,,,,,,,,24.0,97,18,0
21952,1610612737,MIH,Milwaukee Hawks,0025200030,1952-11-13,MIH @ ROC,L,0,29,,,,,,21.0,,,,,,,,,,29.0,79,-18,0
21952,1610610030,INO,Indianapolis Olympians,0025200031,1952-11-14,INO @ PHW,W,0,32,,,,,,13.0,,,,,,,,,,18.0,77,6,0
21952,1610612744,PHW,Philadelphia Warriors,0025200031,1952-11-14,PHW vs. INO,L,0,27,,,,,,17.0,,,,,,,,,,24.0,71,-6,0
21952,1610612752,NYK,New York Knicks,0025200036,1952-11-15,NYK vs. BOS,W,0,30,,,,,,19.0,,,,,,,,,,29.0,79,11,0
21952,1610612738,BOS,Boston Celtics,0025200036,1952-11-15,BOS @ NYK,L,0,25,,,,,,18.0,,,,,,,,,,28.0,68,-11,0
21952,1610612737,MIH,Milwaukee Hawks,0025200035,1952-11-15,MIH vs. FTW,W,0,20,,,,,,31.0,,,,,,,,,,42.0,71,3,0
21952,1610612765,FTW,Ft. Wayne Zollner Pistons,0025200035,1952-11-15,FTW @ MIH,L,0,16,,,,,,36.0,,,,,,,,,,34.0,68,-3,0
21952,1610612747,MNL,Minneapolis Lakers,0025200033,1952-11-15,MNL @ ROC,L,0,30,,,,,,29.0,,,,,,,,,,29.0,89,-8,0
21952,1610612758,ROC,Rochester Royals,0025200033,1952-11-15,ROC vs. MNL,W,0,35,,,,,,27.0,,,,,,,,,,29.0,97,8,0
21952,1610610030,INO,Indianapolis Olympians,0025200034,1952-11-15,INO vs. PHW,W,0,26,,,,,,27.0,,,,,,,,,,15.0,79,3,0
21952,1610612744,PHW,Philadelphia Warriors,0025200034,1952-11-15,PHW @ INO,L,0,31,,,,,,14.0,,,,,,,,,,30.0,76,-3,0
21952,1610610024,BAL,Baltimore Bullets,0025200032,1952-11-15,BAL vs. SYR,W,0,28,,,,,,41.0,,,,,,,,,,54.0,97,6,0
21952,1610612755,SYR,Syracuse Nationals,0025200032,1952-11-15,SYR @ BAL,L,0,20,,,,,,51.0,,,,,,,,,,59.0,91,-6,0
21952,1610612738,BOS,Boston Celtics,0025200003,1952-11-16,BOS vs. ROC,W,0,31,,,,,,34.0,,,,,,,,,,26.0,96,9,0
21952,1610612758,ROC,Rochester Royals,0025200003,1952-11-16,ROC @ BOS,L,0,31,,,,,,25.0,,,,,,,,,,36.0,87,-9,0
21952,1610612747,MNL,Minneapolis Lakers,0025200041,1952-11-16,MNL vs. MIH,W,0,35,84.0,0.417,,,,17.0,,,,,,,,,,23.0,87,36,0
21952,1610612737,MIH,Milwaukee Hawks,0025200041,1952-11-16,MIH @ MNL,L,0,17,80.0,0.213,,,,17.0,,,,,,,,,,24.0,51,-36,0
21952,1610610024,BAL,Baltimore Bullets,0025200039,1952-11-16,BAL @ PHW,L,0,27,,,,,,25.0,,,,,,,,,,34.0,79,-2,0
21952,1610612744,PHW,Philadelphia Warriors,0025200039,1952-11-16,PHW vs. BAL,W,0,28,,,,,,25.0,,,,,,,,,,25.0,81,2,0
21952,1610612755,SYR,Syracuse Nationals,0025200040,1952-11-16,SYR vs. INO,W,0,28,,,,,,28.0,,,,,,,,,,20.0,84,6,0
21952,1610610030,INO,Indianapolis Olympians,0025200040,1952-11-16,INO @ SYR,L,0,29,,,,,,20.0,,,,,,,,,,30.0,78,-6,0
21952,1610612765,FTW,Ft. Wayne Zollner Pistons,0025200038,1952-11-16,FTW vs. NYK,W,0,39,,,,,,34.0,,,,,,,,,,42.0,112,29,0
21952,1610612752,NYK,New York Knicks,0025200038,1952-11-16,NYK @ FTW,L,0,22,,,,,,39.0,,,,,,,,,,38.0,83,-29,0
21952,1610612737,MIH,Milwaukee Hawks,0025200043,1952-11-18,MIH @ PHW,L,0,31,,,,,,20.0,,,,,,,,,,45.0,82,-1,0
21952,1610612744,PHW,Philadelphia Warriors,0025200043,1952-11-18,PHW vs. MIH,W,0,23,,,,,,37.0,,,,,,,,,,26.0,83,1,0
21952,1610612752,NYK,New York Knicks,0025200042,1952-11-18,NYK @ INO,L,0,34,,,,,,22.0,,,,,,,,,,28.0,90,-10,0
21952,1610610030,INO,Indianapolis Olympians,0025200042,1952-11-18,INO vs. NYK,W,0,35,,,,,,30.0,,,,,,,,,,26.0,100,10,0
21952,1610612737,MIH,Milwaukee Hawks,0025200045,1952-11-19,MIH @ BOS,L,0,29,,,,,,19.0,,,,,,,,,,31.0,77,-14,0
21952,1610612738,BOS,Boston Celtics,0025200045,1952-11-19,BOS vs. MIH,W,0,32,,,,,,27.0,,,,,,,,,,24.0,91,14,0
21952,1610610024,BAL,Baltimore Bullets,0025200044,1952-11-19,BAL vs. PHW,W,0,42,,,,,,22.0,,,,,,,,,,32.0,106,17,0
21952,1610612744,PHW,Philadelphia Warriors,0025200044,1952-11-19,PHW @ BAL,L,0,34,,,,,,21.0,,,,,,,,,,26.0,89,-17,0
21952,1610612752,NYK,New York Knicks,0025200049,1952-11-20,NYK vs. INO,W,0,29,,,,,,14.0,,,,,,,,,,28.0,72,5,0
21952,1610610030,INO,Indianapolis Olympians,0025200049,1952-11-20,INO @ NYK,L,0,22,,,,,,23.0,,,,,,,,,,21.0,67,-5,0
21952,1610610024,BAL,Baltimore Bullets,0025200046,1952-11-20,BAL @ PHW,L,0,33,,,,,,33.0,,,,,,,,,,53.0,99,-7,0
21952,1610612744,PHW,Philadelphia Warriors,0025200046,1952-11-20,PHW vs. BAL,W,0,27,,,,,,52.0,,,,,,,,,,37.0,106,7,0
21952,1610612747,MNL,Minneapolis Lakers,0025200047,1952-11-20,MNL @ FTW,W,0,31,,,,,,27.0,,,,,,,,,,17.0,89,8,0
21952,1610612765,FTW,Ft. Wayne Zollner Pistons,0025200047,1952-11-20,FTW vs. MNL,L,0,32,,,,,,17.0,,,,,,,,,,25.0,81,-8,0
21952,1610612737,MIH,Milwaukee Hawks,0025200048,1952-11-20,MIH @ SYR,L,0,27,,,,,,19.0,,,,,,,,,,28.0,73,-19,0
21952,1610612755,SYR,Syracuse Nationals,0025200048,1952-11-20,SYR vs. MIH,W,0,33,,,,,,26.0,,,,,,,,,,21.0,92,19,0
21952,1610612755,SYR,Syracuse Nationals,0025200053,1952-11-22,SYR @ NYK,L,0,22,,,,,,24.0,,,,,,,,,,32.0,68,-30,0
21952,1610612752,NYK,New York Knicks,0025200053,1952-11-22,NYK vs. SYR,W,0,35,,,,,,28.0,,,,,,,,,,26.0,98,30,0
21952,1610612747,MNL,Minneapolis Lakers,0025200052,1952-11-22,MNL vs. FTW,W,0,34,93.0,0.366,,,,28.0,,,,,,,,,,28.0,96,7,0
21952,1610612765,FTW,Ft. Wayne Zollner Pistons,0025200052,1952-11-22,FTW @ MNL,L,0,29,87.0,0.333,,,,31.0,,,,,,,,,,27.0,89,-7,0
21952,1610612758,ROC,Rochester Royals,0025200054,1952-11-22,ROC vs. MIH,W,0,20,,,,,,29.0,,,,,,,,,,31.0,69,4,0
21952,1610612737,MIH,Milwaukee Hawks,0025200054,1952-11-22,MIH @ ROC,L,0,20,,,,,,25.0,,,,,,,,,,32.0,65,-4,0
21952,1610610024,BAL,Baltimore Bullets,0025200050,1952-11-22,BAL vs. PHW,W,0,36,,,,,,24.0,,,,,,,,,,32.0,96,1,0
21952,1610612744,PHW,Philadelphia Warriors,0025200050,1952-11-22,PHW @ BAL,L,0,34,,,,,,27.0,,,,,,,,,,26.0,95,-1,0
21952,1610610030,INO,Indianapolis Olympians,0025200051,1952-11-22,INO @ BOS,L,0,38,,,,,,15.0,,,,,,,,,,29.0,91,-5,0
21952,1610612738,BOS,Boston Celtics,0025200051,1952-11-22,BOS vs. INO,W,0,33,,,,,,30.0,,,,,,,,,,19.0,96,5,0
21952,1610612765,FTW,Ft. Wayne Zollner Pistons,0025200057,1952-11-23,FTW vs. PHW,W,0,35,,,,,,22.0,,,,,,,,,,37.0,92,12,0
21952,1610612744,PHW,Philadelphia Warriors,0025200057,1952-11-23,PHW @ FTW,L,0,22,,,,,,36.0,,,,,,,,,,31.0,80,-12,0
21952,1610612755,SYR,Syracuse Nationals,0025200058,1952-11-23,SYR vs. NYK,W,0,19,,,,,,38.0,,,,,,,,,,37.0,76,3,0
21952,1610612752,NYK,New York Knicks,0025200058,1952-11-23,NYK @ SYR,L,0,20,,,,,,33.0,,,,,,,,,,41.0,73,-3,0
21952,1610612738,BOS,Boston Celtics,0025200055,1952-11-23,BOS @ ROC,W,0,36,,,,,,30.0,,,,,,,,,,25.0,102,2,0
21952,1610612758,ROC,Rochester Royals,0025200055,1952-11-23,ROC vs. BOS,L,0,37,,,,,,26.0,,,,,,,,,,26.0,100,-2,0
21952,1610610030,INO,Indianapolis Olympians,0025200056,1952-11-23,INO @ BAL,W,0,34,,,,,,32.0,,,,,,,,,,25.0,100,10,0
21952,1610610024,BAL,Baltimore Bullets,0025200056,1952-11-23,BAL vs. INO,L,0,32,,,,,,26.0,,,,,,,,,,36.0,90,-10,0
21952,1610612737,MIH,Milwaukee Hawks,0025200059,1952-11-23,MIH vs. MNL,L,0,17,,,,,,12.0,,,,,,,,,,22.0,46,-16,0
21952,1610612747,MNL,Minneapolis Lakers,0025200059,1952-11-23,MNL @ MIH,W,0,21,,,,,,20.0,,,,,,,,,,13.0,62,16,0
21952,1610610024,BAL,Baltimore Bullets,0025200060,1952-11-25,BAL @ ROC,L,0,31,,,,,,27.0,,,,,,,,,,27.0,89,-17,0
21952,1610612758,ROC,Rochester Royals,0025200060,1952-11-25,ROC vs. BAL,W,0,39,,,,,,28.0,,,,,,,,,,28.0,106,17,0
21952,1610610030,INO,Indianapolis Olympians,0025200061,1952-11-25,INO vs. MIH,L,0,21,,,,,,24.0,,,,,,,,,,33.0,66,-12,0
21952,1610612737,MIH,Milwaukee Hawks,0025200061,1952-11-25,MIH @ INO,W,0,23,,,,,,32.0,,,,,,,,,,29.0,78,12,0
21952,1610612744,PHW,Philadelphia Warriors,0025200062,1952-11-26,PHW @ BOS,L,0,38,,,,,,16.0,,,,,,,,,,27.0,92,-1,0
21952,1610612738,BOS,Boston Celtics,0025200062,1952-11-26,BOS vs. PHW,W,0,34,,,,,,25.0,,,,,,,,,,21.0,93,1,0
21952,1610612737,MIH,Milwaukee Hawks,0025200064,1952-11-26,MIH vs. FTW,L,0,18,,,,,,36.0,,,,,,,,,,28.0,72,-8,0
21952,1610612765,FTW,Ft. Wayne Zollner Pistons,0025200064,1952-11-26,FTW @ MIH,W,0,29,,,,,,22.0,,,,,,,,,,34.0,80,8,0
21952,1610612752,NYK,New York Knicks,0025200063,1952-11-26,NYK @ BAL,W,0,34,,,,,,26.0,,,,,,,,,,33.0,94,2,0
21952,1610610024,BAL,Baltimore Bullets,0025200063,1952-11-26,BAL vs. NYK,L,0,29,,,,,,34.0,,,,,,,,,,28.0,92,-2,0
21952,1610610024,BAL,Baltimore Bullets,0025200065,1952-11-27,BAL @ NYK,L,0,32,,,,,,28.0,,,,,,,,,,31.0,92,-12,0
21952,1610612752,NYK,New York Knicks,0025200065,1952-11-27,NYK vs. BAL,W,0,38,,,,,,28.0,,,,,,,,,,27.0,104,12,0
21952,1610610030,INO,Indianapolis Olympians,0025200069,1952-11-27,INO @ MNL,L,0,24,92.0,0.261,,,,21.0,,,,,,,,,,26.0,69,-21,0
21952,1610612747,MNL,Minneapolis Lakers,0025200069,1952-11-27,MNL vs. INO,W,0,32,75.0,0.427,,,,26.0,,,,,,,,,,24.0,90,21,0
21952,1610612738,BOS,Boston Celtics,0025200068,1952-11-27,BOS @ PHW,W,0,32,,,,,,19.0,,,,,,,,,,21.0,83,13,0
21952,1610612744,PHW,Philadelphia Warriors,0025200068,1952-11-27,PHW vs. BOS,L,0,25,,,,,,20.0,,,,,,,,,,28.0,70,-13,0
21952,1610612755,SYR,Syracuse Nationals,0025200067,1952-11-27,SYR vs. ROC,W,0,24,,,,,,38.0,,,,,,,,,,40.0,86,7,0
21952,1610612758,ROC,Rochester Royals,0025200067,1952-11-27,ROC @ SYR,L,0,22,,,,,,35.0,,,,,,,,,,51.0,79,-7,0
21952,1610612737,MIH,Milwaukee Hawks,0025200066,1952-11-27,MIH @ FTW,L,0,30,,,,,,27.0,,,,,,,,,,40.0,87,-8,0
21952,1610612765,FTW,Ft. Wayne Zollner Pistons,0025200066,1952-11-27,FTW vs. MIH,W,0,25,,,,,,45.0,,,,,,,,,,32.0,95,8,0
21952,1610610030,INO,Indianapolis Olympians,0025200070,1952-11-28,INO vs. MNL,L,0,30,,,,,,22.0,,,,,,,,,,25.0,82,-15,0
21952,1610612747,MNL,Minneapolis Lakers,0025200070,1952-11-28,MNL @ INO,W,0,37,,,,,,23.0,,,,,,,,,,24.0,97,15,0
21952,1610612744,PHW,Philadelphia Warriors,0025200071,1952-11-28,PHW @ MIH,L,0,20,,,,,,37.0,,,,,,,,,,39.0,77,-1,0
21952,1610612737,MIH,Milwaukee Hawks,0025200071,1952-11-28,MIH vs. PHW,W,0,23,,,,,,32.0,,,,,,,,,,45.0,78,1,0
21952,1610612738,BOS,Boston Celtics,0025200074,1952-11-29,BOS vs. FTW,W,0,29,,,,,,20.0,,,,,,,,,,17.0,78,7,0
21952,1610612765,FTW,Ft. Wayne Zollner Pistons,0025200074,1952-11-29,FTW @ BOS,L,0,28,,,,,,15.0,,,,,,,,,,27.0,71,-7,0
21952,1610612752,NYK,New York Knicks,0025200073,1952-11-29,NYK vs. INO,W,0,34,,,,,,26.0,,,,,,,,,,15.0,94,22,0
21952,1610610030,INO,Indianapolis Olympians,0025200073,1952-11-29,INO @ NYK,L,0,30,,,,,,12.0,,,,,,,,,,27.0,72,-22,0
21952,1610612747,MNL,Minneapolis Lakers,0025200075,1952-11-29,MNL @ ROC,L,0,23,,,,,,25.0,,,,,,,,,,28.0,71,-12,0
21952,1610612758,ROC,Rochester Royals,0025200075,1952-11-29,ROC vs. MNL,W,0,28,,,,,,27.0,,,,,,,,,,21.0,83,12,0
21952,1610610024,BAL,Baltimore Bullets,0025200072,1952-11-29,BAL vs. SYR,L,0,23,,,,,,28.0,,,,,,,,,,38.0,74,-13,0
21952,1610612755,SYR,Syracuse Nationals,0025200072,1952-11-29,SYR @ BAL,W,0,27,,,,,,33.0,,,,,,,,,,32.0,87,13,0
21952,1610612744,PHW,Philadelphia Warriors,0025200079,1952-11-30,PHW @ MNL,L,0,22,73.0,0.301,,,,22.0,,,,,,,,,,14.0,66,-25,0
21952,1610612747,MNL,Minneapolis Lakers,0025200079,1952-11-30,MNL vs. PHW,W,0,39,102.0,0.382,,,,13.0,,,,,,,,,,20.0,91,25,0
21952,1610612738,BOS,Boston Celtics,0025200078,1952-11-30,BOS @ SYR,L,0,25,,,,,,16.0,,,,,,,,,,27.0,66,-12,0
21952,1610612755,SYR,Syracuse Nationals,0025200078,1952-11-30,SYR vs. BOS,W,0,25,,,,,,28.0,,,,,,,,,,17.0,78,12,0
21952,1610612758,ROC,Rochester Royals,0025200077,1952-11-30,ROC @ MIH,W,0,22,,,,,,47.0,,,,,,,,,,43.0,91,3,0
21952,1610612737,MIH,Milwaukee Hawks,0025200077,1952-11-30,MIH vs. ROC,L,0,26,,,,,,36.0,,,,,,,,,,42.0,88,-3,0
21952,1610610024,BAL,Baltimore Bullets,0025200076,1952-11-30,BAL @ FTW,L,0,28,,,,,,39.0,,,,,,,,,,48.0,95,-5,0
21952,1610612765,FTW,Ft. Wayne Zollner Pistons,0025200076,1952-11-30,FTW vs. BAL,W,0,27,,,,,,46.0,,,,,,,,,,44.0,100,5,0
21952,1610610024,BAL,Baltimore Bullets,0025200080,1952-12-01,BAL @ MNL,L,0,25,76.0,0.329,,,,17.0,,,,,,,,,,19.0,67,-22,0
21952,1610612747,MNL,Minneapolis Lakers,0025200080,1952-12-01,MNL vs. BAL,W,0,37,91.0,0.407,,,,15.0,,,,,,,,,,25.0,89,22,0
21952,1610612758,ROC,Rochester Royals,0025200082,1952-12-02,ROC @ INO,L,0,24,,,,,,28.0,,,,,,,,,,31.0,76,-9,0
21952,1610610030,INO,Indianapolis Olympians,0025200082,1952-12-02,INO vs. ROC,W,0,27,,,,,,31.0,,,,,,,,,,25.0,85,9,0
21952,1610612752,NYK,New York Knicks,0025200081,1952-12-02,NYK @ PHW,W,0,33,,,,,,23.0,,,,,,,,,,28.0,89,7,0
21952,1610612744,PHW,Philadelphia Warriors,0025200081,1952-12-02,PHW vs. NYK,L,0,27,,,,,,28.0,,,,,,,,,,25.0,82,-7,0
21952,1610612744,PHW,Philadelphia Warriors,0025200085,1952-12-03,PHW @ NYK,L,0,29,,,,,,17.0,,,,,,,,,,30.0,75,-25,0
21952,1610612752,NYK,New York Knicks,0025200085,1952-12-03,NYK vs. PHW,W,0,36,,,,,,28.0,,,,,,,,,,23.0,100,25,0
21952,1610610024,BAL,Baltimore Bullets,0025200084,1952-12-03,BAL vs. MIH,W,0,35,,,,,,28.0,,,,,,,,,,24.0,98,11,0
21952,1610612737,MIH,Milwaukee Hawks,0025200084,1952-12-03,MIH @ BAL,L,0,32,,,,,,23.0,,,,,,,,,,29.0,87,-11,0
21952,1610612747,MNL,Minneapolis Lakers,0025200083,1952-12-03,MNL @ BOS,W,0,43,,,,,,20.0,,,,,,,,,,26.0,106,4,0
21952,1610612738,BOS,Boston Celtics,0025200083,1952-12-03,BOS vs. MNL,L,0,36,,,,,,30.0,,,,,,,,,,19.0,102,-4,0
21952,1610612752,NYK,New York Knicks,0025200002,1952-12-04,NYK vs. MNL,L,0,23,,,,,,25.0,,,,,,,,,,32.0,71,-10,0
21952,1610612747,MNL,Minneapolis Lakers,0025200002,1952-12-04,MNL @ NYK,W,0,30,,,,,,21.0,,,,,,,,,,27.0,81,10,0
21952,1610612737,MIH,Milwaukee Hawks,0025200086,1952-12-04,MIH vs. BOS,W,0,30,,,,,,30.0,,,,,,,,,,15.0,90,17,0
21952,1610612738,BOS,Boston Celtics,0025200086,1952-12-04,BOS @ MIH,L,0,31,,,,,,11.0,,,,,,,,,,34.0,73,-17,0
21952,1610612765,FTW,Ft. Wayne Zollner Pistons,0025200087,1952-12-04,FTW vs. SYR,L,0,23,,,,,,24.0,,,,,,,,,,37.0,70,-8,0
21952,1610612755,SYR,Syracuse Nationals,0025200087,1952-12-04,SYR @ FTW,W,0,24,,,,,,30.0,,,,,,,,,,29.0,78,8,0
21952,1610610030,INO,Indianapolis Olympians,0025200088,1952-12-05,INO vs. FTW,W,0,32,,,,,,20.0,,,,,,,,,,17.0,84,10,0
21952,1610612765,FTW,Ft. Wayne Zollner Pistons,0025200088,1952-12-05,FTW @ INO,L,0,27,,,,,,20.0,,,,,,,,,,22.0,74,-10,0
21952,1610612737,MIH,Milwaukee Hawks,0025200090,1952-12-06,MIH @ BOS,L,0,29,,,,,,25.0,,,,,,,,,,32.0,83,-5,0
21952,1610612738,BOS,Boston Celtics,0025200090,1952-12-06,BOS vs. MIH,W,0,30,,,,,,28.0,,,,,,,,,,29.0,88,5,0
21952,1610612755,SYR,Syracuse Nationals,0025200093,1952-12-06,SYR @ PHW,W,0,28,,,,,,26.0,,,,,,,,,,27.0,82,8,0
21952,1610612744,PHW,Philadelphia Warriors,0025200093,1952-12-06,PHW vs. SYR,L,0,29,,,,,,16.0,,,,,,,,,,33.0,74,-8,0
21952,1610610030,INO,Indianapolis Olympians,0025200091,1952-12-06,INO @ ROC,L,0,31,,,,,,17.0,,,,,,,,,,26.0,79,-3,0
21952,1610612758,ROC,Rochester Royals,0025200091,1952-12-06,ROC vs. INO,W,0,29,,,,,,24.0,,,,,,,,,,24.0,82,3,0
21952,1610612765,FTW,Ft. Wayne Zollner Pistons,0025200089,1952-12-06,FTW @ BAL,W,0,37,,,,,,29.0,,,,,,,,,,31.0,103,12,0
21952,1610610024,BAL,Baltimore Bullets,0025200089,1952-12-06,BAL vs. FTW,L,0,30,,,,,,31.0,,,,,,,,,,32.0,91,-12,0
21952,1610612747,MNL,Minneapolis Lakers,0025200092,1952-12-06,MNL vs. NYK,W,0,30,71.0,0.423,,,,25.0,,,,,,,,,,15.0,85,7,0
21952,1610612752,NYK,New York Knicks,0025200092,1952-12-06,NYK @ MNL,L,0,32,80.0,0.4,,,,14.0,,,,,,,,,,27.0,78,-7,0
21952,1610612765,FTW,Ft. Wayne Zollner Pistons,0025200095,1952-12-07,FTW vs. NYK,W,0,35,,,,,,32.0,,,,,,,,,,23.0,102,11,0
21952,1610612752,NYK,New York Knicks,0025200095,1952-12-07,NYK @ FTW,L,0,30,,,,,,31.0,,,,,,,,,,30.0,91,-11,0
21952,1610612755,SYR,Syracuse Nationals,0025200096,1952-12-07,SYR vs. MIH,W,0,19,,,,,,33.0,,,,,,,,,,31.0,71,4,0
21952,1610612737,MIH,Milwaukee Hawks,0025200096,1952-12-07,MIH @ SYR,L,0,18,,,,,,31.0,,,,,,,,,,38.0,67,-4,0
21952,1610612758,ROC,Rochester Royals,0025200094,1952-12-07,ROC vs. PHW,W,0,34,,,,,,26.0,,,,,,,,,,37.0,94,2,0
21952,1610612744,PHW,Philadelphia Warriors,0025200094,1952-12-07,PHW @ ROC,L,0,28,,,,,,36.0,,,,,,,,,,31.0,92,-2,0
21952,1610612737,MIH,Milwaukee Hawks,0025200097,1952-12-08,MIH vs. SYR,W,0,29,,,,,,43.0,,,,,,,,,,33.0,101,12,0
21952,1610612755,SYR,Syracuse Nationals,0025200097,1952-12-08,SYR @ MIH,L,0,28,,,,,,33.0,,,,,,,,,,40.0,89,-12,0
21952,1610612747,MNL,Minneapolis Lakers,0025200098,1952-12-08,MNL @ INO,L,0,30,,,,,,16.0,,,,,,,,,,33.0,76,-5,0
21952,1610610030,INO,Indianapolis Olympians,0025200098,1952-12-08,INO vs. MNL,W,0,23,,,,,,35.0,,,,,,,,,,18.0,81,5,0
21952,1610612738,BOS,Boston Celtics,0025200100,1952-12-09,BOS vs. PHW,W,0,31,,,,,,24.0,,,,,,,,,,21.0,86,14,0
21952,1610612744,PHW,Philadelphia Warriors,0025200100,1952-12-09,PHW @ BOS,L,0,26,,,,,,20.0,,,,,,,,,,21.0,72,-14,0
21952,1610612758,ROC,Rochester Royals,0025200099,1952-12-09,ROC @ NYK,W,0,28,,,,,,21.0,,,,,,,,,,30.0,77,2,0
21952,1610612752,NYK,New York Knicks,0025200099,1952-12-09,NYK vs. ROC,L,0,25,,,,,,25.0,,,,,,,,,,27.0,75,-2,0
21952,1610610030,INO,Indianapolis Olympians,0025200101,1952-12-09,INO vs. SYR,L,0,26,,,,,,18.0,,,,,,,,,,26.0,70,-17,0
21952,1610612755,SYR,Syracuse Nationals,0025200101,1952-12-09,SYR @ INO,W,0,30,,,,,,27.0,,,,,,,,,,15.0,87,17,0
21952,1610612744,PHW,Philadelphia Warriors,0025200103,1952-12-10,PHW @ BOS,L,0,37,,,,,,23.0,,,,,,,,,,33.0,97,-6,0
21952,1610612738,BOS,Boston Celtics,0025200103,1952-12-10,BOS vs. PHW,W,0,34,,,,,,35.0,,,,,,,,,,26.0,103,6,0
21952,1610610024,BAL,Baltimore Bullets,0025200102,1952-12-10,BAL vs. ROC,L,0,35,,,,,,27.0,,,,,,,,,,33.0,97,-2,0
21952,1610612758,ROC,Rochester Royals,0025200102,1952-12-10,ROC @ BAL,W,0,35,,,,,,29.0,,,,,,,,,,33.0,99,2,0
21952,1610610024,BAL,Baltimore Bullets,0025200104,1952-12-11,BAL @ BOS,L,0,34,,,,,,20.0,27.0,0.741,,,,,,,,23.0,88,-6,0
21952,1610612738,BOS,Boston Celtics,0025200104,1952-12-11,BOS vs. BAL,W,0,38,,,,,,18.0,28.0,0.643,,,,,,,,22.0,94,6,0
21952,1610612744,PHW,Philadelphia Warriors,0025200105,1952-12-11,PHW vs. ROC,W,0,28,,,,,,42.0,61.0,0.689,,,,,,,,40.0,98,12,0
21952,1610612758,ROC,Rochester Royals,0025200105,1952-12-11,ROC @ PHW,L,0,25,,,,,,36.0,51.0,0.706,,,,,,,,47.0,86,-12,0
21952,1610612755,SYR,Syracuse Nationals,0025200106,1952-12-11,SYR @ MNL,L,0,23,52.0,0.442,,,,33.0,,,,,,,,,,44.0,79,-3,0
21952,1610612747,MNL,Minneapolis Lakers,0025200106,1952-12-11,MNL vs. SYR,W,0,25,71.0,0.352,,,,32.0,,,,,,,,,,33.0,82,3,0
21952,1610612765,FTW,Ft. Wayne Zollner Pistons,0025200107,1952-12-11,FTW vs. MIH,W,0,22,,,,,,27.0,,,,,,,,,,14.0,71,1,0
21952,1610612737,MIH,Milwaukee Hawks,0025200107,1952-12-11,MIH @ FTW,L,0,25,,,,,,20.0,,,,,,,,,,25.0,70,-1,0
21952,1610610030,INO,Indianapolis Olympians,0025200108,1952-12-12,INO vs. MIH,W,0,24,,,,,,15.0,,,,,,,,,,16.0,63,14,0
21952,1610612737,MIH,Milwaukee Hawks,0025200108,1952-12-12,MIH @ INO,L,0,17,,,,,,15.0,,,,,,,,,,20.0,49,-14,0
21952,1610612744,PHW,Philadelphia Warriors,0025200110,1952-12-13,PHW @ BOS,L,0,29,,,,,,20.0,,,,,,,,,,24.0,78,-4,0
21952,1610612738,BOS,Boston Celtics,0025200110,1952-12-13,BOS vs. PHW,W,0,29,,,,,,24.0,,,,,,,,,,27.0,82,4,0
21952,1610612758,ROC,Rochester Royals,0025200109,1952-12-13,ROC vs. NYK,L,0,33,,,,,,31.0,,,,,,,,,,37.0,97,-2,0
21952,1610612752,NYK,New York Knicks,0025200109,1952-12-13,NYK @ ROC,W,0,31,,,,,,37.0,,,,,,,,,,36.0,99,2,0
21952,1610612747,MNL,Minneapolis Lakers,0025200112,1952-12-14,MNL vs. ROC,W,0,28,82.0,0.341,,,,39.0,,,,,,,,,,34.0,95,18,0
21952,1610612758,ROC,Rochester Royals,0025200112,1952-12-14,ROC @ MNL,L,0,25,80.0,0.313,,,,27.0,,,,,,,,,,38.0,77,-18,0
21952,1610612744,PHW,Philadelphia Warriors,0025200111,1952-12-14,PHW @ SYR,L,0,32,,,,,,19.0,,,,,,,,,,22.0,83,-19,0
21952,1610612755,SYR,Syracuse Nationals,0025200111,1952-12-14,SYR vs. PHW,W,0,39,,,,,,24.0,,,,,,,,,,18.0,102,19,0
21952,1610612765,FTW,Ft. Wayne Zollner Pistons,0025200114,1952-12-14,FTW vs. INO,W,0,31,,,,,,24.0,,,,,,,,,,19.0,86,15,0
21952,1610610030,INO,Indianapolis Olympians,0025200114,1952-12-14,INO @ FTW,L,0,27,,,,,,17.0,,,,,,,,,,23.0,71,-15,0
21952,1610612752,NYK,New York Knicks,0025200115,1952-12-14,NYK @ MIH,W,0,27,,,,,,20.0,,,,,,,,,,29.0,74,5,0
21952,1610612737,MIH,Milwaukee Hawks,0025200115,1952-12-14,MIH vs. NYK,L,0,23,,,,,,23.0,,,,,,,,,,25.0,69,-5,0
21952,1610610024,BAL,Baltimore Bullets,0025200113,1952-12-14,BAL vs. BOS,L,0,24,,,,,,25.0,,,,,,,,,,27.0,73,-10,0
21952,1610612738,BOS,Boston Celtics,0025200113,1952-12-14,BOS @ BAL,W,0,28,,,,,,27.0,,,,,,,,,,25.0,83,10,0
21952,1610612744,PHW,Philadelphia Warriors,0025200118,1952-12-16,PHW @ FTW,L,0,21,,,,,,22.0,,,,,,,,,,20.0,64,-31,0
21952,1610612765,FTW,Ft. Wayne Zollner Pistons,0025200118,1952-12-16,FTW vs. PHW,W,0,38,,,,,,19.0,,,,,,,,,,26.0,95,31,0
21952,1610612758,ROC,Rochester Royals,0025200117,1952-12-16,ROC @ INO,W,0,25,,,,,,34.0,,,,,,,,,,23.0,84,13,0
21952,1610610030,INO,Indianapolis Olympians,0025200117,1952-12-16,INO vs. ROC,L,0,23,,,,,,25.0,,,,,,,,,,37.0,71,-13,0
21952,1610612752,NYK,New York Knicks,0025200116,1952-12-16,NYK vs. SYR,W,0,31,,,,,,36.0,,,,,,,,,,44.0,98,5,0
21952,1610612755,SYR,Syracuse Nationals,0025200116,1952-12-16,SYR @ NYK,L,0,27,,,,,,39.0,,,,,,,,,,42.0,93,-5,0
21952,1610612755,SYR,Syracuse Nationals,0025200119,1952-12-18,SYR @ BOS,L,0,29,,,,,,25.0,,,,,,,,,,31.0,83,-5,0
21952,1610612738,BOS,Boston Celtics,0025200119,1952-12-18,BOS vs. SYR,W,0,28,,,,,,32.0,,,,,,,,,,22.0,88,5,0
21952,1610612744,PHW,Philadelphia Warriors,0025200120,1952-12-18,PHW vs. FTW,L,0,29,,,,,,21.0,,,,,,,,,,21.0,79,-7,0
21952,1610612765,FTW,Ft. Wayne Zollner Pistons,0025200120,1952-12-18,FTW @ PHW,W,0,32,,,,,,22.0,,,,,,,,,,26.0,86,7,0
21952,1610610030,INO,Indianapolis Olympians,0025200121,1952-12-19,INO vs. MNL,L,0,24,,,,,,21.0,,,,,,,,,,22.0,69,-18,0
21952,1610612747,MNL,Minneapolis Lakers,0025200121,1952-12-19,MNL @ INO,W,0,33,,,,,,21.0,,,,,,,,,,24.0,87,18,0
21952,1610612738,BOS,Boston Celtics,0025200124,1952-12-20,BOS vs. SYR,W,0,30,,,,,,31.0,,,,,,,,,,22.0,91,14,0
21952,1610612755,SYR,Syracuse Nationals,0025200124,1952-12-20,SYR @ BOS,L,0,28,,,,,,21.0,,,,,,,,,,32.0,77,-14,0
21952,1610612737,MIH,Milwaukee Hawks,0025200125,1952-12-20,MIH vs. MNL,W,0,32,,,,,,22.0,,,,,,,,,,12.0,86,11,0
21952,1610612747,MNL,Minneapolis Lakers,0025200125,1952-12-20,MNL @ MIH,L,0,33,,,,,,9.0,,,,,,,,,,22.0,75,-11,0
21952,1610612765,FTW,Ft. Wayne Zollner Pistons,0025200123,1952-12-20,FTW @ ROC,L,0,30,,,,,,29.0,,,,,,,,,,29.0,89,-3,0
21952,1610612758,ROC,Rochester Royals,0025200123,1952-12-20,ROC vs. FTW,W,0,34,,,,,,24.0,,,,,,,,,,26.0,92,3,0
21952,1610610024,BAL,Baltimore Bullets,0025200122,1952-12-20,BAL vs. NYK,L,0,35,,,,,,29.0,,,,,,,,,,43.0,99,-3,0
21952,1610612752,NYK,New York Knicks,0025200122,1952-12-20,NYK @ BAL,W,0,33,,,,,,36.0,,,,,,,,,,42.0,102,3,0
21952,1610610024,BAL,Baltimore Bullets,0025200127,1952-12-21,BAL @ NYK,L,0,29,,,,,,19.0,,,,,,,,,,29.0,77,-25,0
21952,1610612752,NYK,New York Knicks,0025200127,1952-12-21,NYK vs. BAL,W,0,37,,,,,,28.0,,,,,,,,,,20.0,102,25,0
21952,1610612738,BOS,Boston Celtics,0025200126,1952-12-21,BOS @ SYR,L,0,31,,,,,,24.0,,,,,,,,,,38.0,86,-4,0
21952,1610612755,SYR,Syracuse Nationals,0025200126,1952-12-21,SYR vs. BOS,W,0,26,,,,,,38.0,,,,,,,,,,35.0,90,4,0
21952,1610612765,FTW,Ft. Wayne Zollner Pistons,0025200128,1952-12-21,FTW vs. PHW,W,0,33,,,,,,8.0,,,,,,,,,,13.0,74,3,0
21952,1610612744,PHW,Philadelphia Warriors,0025200128,1952-12-21,PHW @ FTW,L,0,30,,,,,,11.0,,,,,,,,,,10.0,71,-3,0
21952,1610610030,INO,Indianapolis Olympians,0025200129,1952-12-21,INO @ ROC,L,0,19,,,,,,27.0,,,,,,,,,,38.0,65,-18,0
21952,1610612758,ROC,Rochester Royals,0025200129,1952-12-21,ROC vs. INO,W,0,24,,,,,,35.0,,,,,,,,,,32.0,83,18,0
21952,1610612737,MIH,Milwaukee Hawks,0025200130,1952-12-22,MIH @ NYK,L,0,27,,,,,,21.0,,,,,,,,,,22.0,75,-5,0
21952,1610612752,NYK,New York Knicks,0025200130,1952-12-22,NYK vs. MIH,W,0,29,,,,,,22.0,,,,,,,,,,16.0,80,5,0
21952,1610612765,FTW,Ft. Wayne Zollner Pistons,0025200131,1952-12-23,FTW @ INO,L,0,19,,,,,,21.0,,,,,,,,,,26.0,59,-13,0
21952,1610610030,INO,Indianapolis Olympians,0025200131,1952-12-23,INO vs. FTW,W,0,23,,,,,,26.0,,,,,,,,,,23.0,72,13,0
21952,1610612738,BOS,Boston Celtics,0025200133,1952-12-25,BOS @ NYK,L,0,29,,,,,,28.0,,,,,,,,,,18.0,84,-13,0
21952,1610612752,NYK,New York Knicks,0025200133,1952-12-25,NYK vs. BOS,W,0,39,,,,,,19.0,,,,,,,,,,26.0,97,13,0
21952,1610612747,MNL,Minneapolis Lakers,0025200135,1952-12-25,MNL vs. INO,W,0,39,98.0,0.398,,,,12.0,,,,,,,,,,26.0,90,17,0
21952,1610610030,INO,Indianapolis Olympians,0025200135,1952-12-25,INO @ MNL,L,0,27,74.0,0.365,,,,19.0,,,,,,,,,,17.0,73,-17,0
21952,1610612758,ROC,Rochester Royals,0025200134,1952-12-25,ROC @ PHW,W,0,29,,,,,,35.0,,,,,,,,,,22.0,93,15,0
21952,1610612744,PHW,Philadelphia Warriors,0025200134,1952-12-25,PHW vs. ROC,L,0,31,,,,,,16.0,,,,,,,,,,35.0,78,-15,0
21952,1610610024,BAL,Baltimore Bullets,0025200132,1952-12-25,BAL @ SYR,L,0,33,,,,,,26.0,,,,,,,,,,41.0,92,-10,0
21952,1610612755,SYR,Syracuse Nationals,0025200132,1952-12-25,SYR vs. BAL,W,0,29,,,,,,44.0,,,,,,,,,,30.0,102,10,0
21952,1610612737,MIH,Milwaukee Hawks,0025200136,1952-12-25,MIH @ FTW,L,0,19,,,,,,31.0,,,,,,,,,,39.0,69,-2,0
21952,1610612765,FTW,Ft. Wayne Zollner Pistons,0025200136,1952-12-25,FTW vs. MIH,W,0,22,,,,,,27.0,,,,,,,,,,36.0,71,2,0
21952,1610612738,BOS,Boston Celtics,0025200137,1952-12-26,BOS @ INO,L,0,28,,,,,,18.0,,,,,,,,,,21.0,74,-11,0
21952,1610610030,INO,Indianapolis Olympians,0025200137,1952-12-26,INO vs. BOS,W,0,34,,,,,,17.0,,,,,,,,,,20.0,85,11,0
21952,1610612747,MNL,Minneapolis Lakers,0025200141,1952-12-27,MNL vs. BOS,W,0,42,88.0,0.477,,,,10.0,,,,,,,,,,18.0,94,23,0
21952,1610612738,BOS,Boston Celtics,0025200141,1952-12-27,BOS @ MNL,L,0,27,87.0,0.31,,,,17.0,,,,,,,,,,10.0,71,-23,0
21952,1610612765,FTW,Ft. Wayne Zollner Pistons,0025200138,1952-12-27,FTW vs. NYK,W,0,32,,,,,,28.0,,,,,,,,,,42.0,92,1,0
21952,1610612752,NYK,New York Knicks,0025200138,1952-12-27,NYK @ FTW,L,0,25,,,,,,41.0,,,,,,,,,,32.0,91,-1,0
21952,1610612758,ROC,Rochester Royals,0025200140,1952-12-27,ROC vs. INO,W,0,37,,,,,,20.0,,,,,,,,,,26.0,94,21,0
21952,1610610030,INO,Indianapolis Olympians,0025200140,1952-12-27,INO @ ROC,L,0,25,,,,,,23.0,,,,,,,,,,27.0,73,-21,0
21952,1610610024,BAL,Baltimore Bullets,0025200139,1952-12-27,BAL vs. SYR,L,0,27,,,,,,22.0,,,,,,,,,,34.0,76,-5,0
21952,1610612755,SYR,Syracuse Nationals,0025200139,1952-12-27,SYR @ BAL,W,0,24,,,,,,33.0,,,,,,,,,,31.0,81,5,0
21952,1610612744,PHW,Philadelphia Warriors,0025200145,1952-12-28,PHW @ NYK,L,0,20,,,,,,14.0,,,,,,,,,,20.0,54,-18,0
21952,1610612752,NYK,New York Knicks,0025200145,1952-12-28,NYK vs. PHW,W,0,27,,,,,,18.0,,,,,,,,,,17.0,72,18,0
21952,1610612747,MNL,Minneapolis Lakers,0025200142,1952-12-28,MNL vs. MIH,W,0,36,86.0,0.419,,,,14.0,,,,,,,,,,19.0,86,9,0
21952,1610612737,MIH,Milwaukee Hawks,0025200142,1952-12-28,MIH @ MNL,L,0,29,83.0,0.349,,,,19.0,,,,,,,,,,17.0,77,-9,0
21952,1610610030,INO,Indianapolis Olympians,0025200143,1952-12-28,INO @ SYR,L,0,27,,,,,,19.0,,,,,,,,,,22.0,73,-11,0
21952,1610612755,SYR,Syracuse Nationals,0025200143,1952-12-28,SYR vs. INO,W,0,31,,,,,,22.0,,,,,,,,,,26.0,84,11,0
21952,1610612738,BOS,Boston Celtics,0025200144,1952-12-28,BOS @ FTW,W,0,28,,,,,,33.0,,,,,,,,,,25.0,89,23,0
21952,1610612765,FTW,Ft. Wayne Zollner Pistons,0025200144,1952-12-28,FTW vs. BOS,L,0,21,,,,,,24.0,,,,,,,,,,32.0,66,-23,0
21952,1610612747,MNL,Minneapolis Lakers,0025200147,1952-12-30,MNL @ INO,L,0,26,,,,,,17.0,,,,,,,,,,27.0,69,-5,0
21952,1610610030,INO,Indianapolis Olympians,0025200147,1952-12-30,INO vs. MNL,W,0,25,,,,,,24.0,,,,,,,,,,16.0,74,5,0
21952,1610612755,SYR,Syracuse Nationals,0025200146,1952-12-30,SYR @ ROC,L,0,32,,,,,,29.0,,,,,,,,,,32.0,93,-13,0
21952,1610612758,ROC,Rochester Royals,0025200146,1952-12-30,ROC vs. SYR,W,0,38,,,,,,30.0,,,,,,,,,,36.0,106,13,0
21952,1610612738,BOS,Boston Celtics,0025200148,1952-12-31,BOS vs. SYR,W,0,33,,,,,,31.0,,,,,,,,,,,97,10,0
21952,1610612755,SYR,Syracuse Nationals,0025200148,1952-12-31,SYR @ BOS,L,0,27,,,,,,33.0,,,,,,,,,,,87,-10,0
21952,1610610024,BAL,Baltimore Bullets,0025200151,1952-12-31,BAL @ MNL,L,0,22,81.0,0.272,,,,12.0,,,,,,,,,,30.0,56,-26,0
21952,1610612747,MNL,Minneapolis Lakers,0025200151,1952-12-31,MNL vs. BAL,W,0,28,75.0,0.373,,,,26.0,,,,,,,,,,24.0,82,26,0
21952,1610612765,FTW,Ft. Wayne Zollner Pistons,0025200149,1952-12-31,FTW vs. INO,W,0,36,,,,,,19.0,27.0,0.704,,,,,,,,,91,6,0
21952,1610610030,INO,Indianapolis Olympians,0025200149,1952-12-31,INO @ FTW,L,0,30,,,,,,25.0,31.0,0.806,,,,,,,,,85,-6,0
21952,1610612758,ROC,Rochester Royals,0025200150,1952-12-31,ROC vs. MIH,W,0,24,,,,,,34.0,42.0,0.81,,,,,,,,,82,8,0
21952,1610612737,MIH,Milwaukee Hawks,0025200150,1952-12-31,MIH @ ROC,L,0,25,,,,,,24.0,33.0,0.727,,,,,,,,,74,-8,0
21952,1610612744,PHW,Philadelphia Warriors,0025200152,1953-01-01,PHW vs. NYK,L,0,30,,,,,,22.0,,,,,,,,,,29.0,82,-26,0
21952,1610612752,NYK,New York Knicks,0025200152,1953-01-01,NYK @ PHW,W,0,42,,,,,,24.0,,,,,,,,,,36.0,108,26,0
21952,1610612765,FTW,Ft. Wayne Zollner Pistons,0025200005,1953-01-01,FTW @ SYR,L,0,25,,,,,,28.0,42.0,0.667,,,,,,,,,78,-14,0
21952,1610612755,SYR,Syracuse Nationals,0025200005,1953-01-01,SYR vs. FTW,W,0,30,,,,,,32.0,52.0,0.615,,,,,,,,,92,14,0
21952,1610612737,MIH,Milwaukee Hawks,0025200154,1953-01-01,MIH vs. BAL,L,0,33,,,,,,15.0,,,,,,,,,,36.0,81,-2,0
21952,1610610024,BAL,Baltimore Bullets,0025200154,1953-01-01,BAL @ MIH,W,0,26,,,,,,31.0,,,,,,,,,,21.0,83,2,0
21952,1610612738,BOS,Boston Celtics,0025200153,1953-01-01,BOS @ ROC,W,0,26,,,,,,31.0,37.0,0.838,,,,,,,,,83,2,0
21952,1610612758,ROC,Rochester Royals,0025200153,1953-01-01,ROC vs. BOS,L,0,28,,,,,,25.0,36.0,0.694,,,,,,,,,81,-2,0
21952,1610612747,MNL,Minneapolis Lakers,0025200157,1953-01-02,MNL vs. MIH,W,0,32,,,,,,10.0,,,,,,,,,,15.0,74,8,0
21952,1610612737,MIH,Milwaukee Hawks,0025200157,1953-01-02,MIH @ MNL,L,0,25,,,,,,16.0,,,,,,,,,,13.0,66,-8,0
21952,1610610030,INO,Indianapolis Olympians,0025200156,1953-01-02,INO vs. BAL,W,0,20,,,,,,33.0,,,,,,,,,,20.0,73,7,0
21952,1610610024,BAL,Baltimore Bullets,0025200156,1953-01-02,BAL @ INO,L,0,27,,,,,,12.0,,,,,,,,,,36.0,66,-7,0
21952,1610610030,INO,Indianapolis Olympians,0025200162,1953-01-03,INO @ BOS,L,0,24,,,,,,15.0,,,,,,,,,,25.0,63,-15,0
21952,1610612738,BOS,Boston Celtics,0025200162,1953-01-03,BOS vs. INO,W,0,30,,,,,,18.0,,,,,,,,,,21.0,78,15,0
21952,1610612737,MIH,Milwaukee Hawks,0025200161,1953-01-03,MIH @ MNL,L,0,28,,,,,,19.0,,,,,,,,,,29.0,75,-4,0
21952,1610612747,MNL,Minneapolis Lakers,0025200161,1953-01-03,MNL vs. MIH,W,0,26,,,,,,27.0,,,,,,,,,,22.0,79,4,0
21952,1610612765,FTW,Ft. Wayne Zollner Pistons,0025200158,1953-01-03,FTW @ ROC,L,0,35,,,,,,31.0,,,,,,,,,,47.0,101,-5,0
21952,1610612758,ROC,Rochester Royals,0025200158,1953-01-03,ROC vs. FTW,W,0,30,,,,,,46.0,,,,,,,,,,25.0,106,5,0
21952,1610612744,PHW,Philadelphia Warriors,0025200159,1953-01-03,PHW @ BAL,L,0,24,,,,,,29.0,,,,,,,,,,30.0,77,-4,0
21952,1610610024,BAL,Baltimore Bullets,0025200159,1953-01-03,BAL vs. PHW,W,0,27,,,,,,27.0,,,,,,,,,,31.0,81,4,0
21952,1610612752,NYK,New York Knicks,0025200160,1953-01-03,NYK vs. SYR,W,0,26,,,,,,33.0,,,,,,,,,,40.0,85,8,0
21952,1610612755,SYR,Syracuse Nationals,0025200160,1953-01-03,SYR @ NYK,L,0,26,,,,,,25.0,,,,,,,,,,39.0,77,-8,0
21952,1610612752,NYK,New York Knicks,0025200163,1953-01-04,NYK @ BOS,L,0,30,,,,,,40.0,,,,,,,,,,35.0,100,-3,0
21952,1610612738,BOS,Boston Celtics,0025200163,1953-01-04,BOS vs. NYK,W,0,35,,,,,,33.0,,,,,,,,,,36.0,103,3,0
21952,1610612765,FTW,Ft. Wayne Zollner Pistons,0025200165,1953-01-04,FTW vs. PHW,W,0,28,,,,,,23.0,37.0,0.622,,,,,,,,,79,11,0
21952,1610612744,PHW,Philadelphia Warriors,0025200165,1953-01-04,PHW @ FTW,L,0,24,,,,,,20.0,33.0,0.606,,,,,,,,,68,-11,0
21952,1610610024,BAL,Baltimore Bullets,0025200166,1953-01-04,BAL @ SYR,L,0,20,,,,,,28.0,38.0,0.737,,,,,,,,,68,-25,0
21952,1610612755,SYR,Syracuse Nationals,0025200166,1953-01-04,SYR vs. BAL,W,0,33,,,,,,27.0,38.0,0.711,,,,,,,,,93,25,0
21952,1610612758,ROC,Rochester Royals,0025200164,1953-01-04,ROC @ MNL,L,0,26,63.0,0.413,,,,28.0,,,,,,,,,,25.0,80,-3,0
21952,1610612747,MNL,Minneapolis Lakers,0025200164,1953-01-04,MNL vs. ROC,W,0,31,67.0,0.463,,,,21.0,,,,,,,,,,28.0,83,3,0
21952,1610612765,FTW,Ft. Wayne Zollner Pistons,0025200167,1953-01-06,FTW @ MIH,L,0,21,,,,,,29.0,,,,,,,,,,25.0,71,-2,0
21952,1610612737,MIH,Milwaukee Hawks,0025200167,1953-01-06,MIH vs. FTW,W,0,25,,,,,,23.0,,,,,,,,,,31.0,73,2,0
21952,1610612747,MNL,Minneapolis Lakers,0025200169,1953-01-06,MNL @ ROC,L,0,22,,,,,,25.0,,,,,,,,,,36.0,69,-16,0
21952,1610612758,ROC,Rochester Royals,0025200169,1953-01-06,ROC vs. MNL,W,0,27,,,,,,31.0,,,,,,,,,,29.0,85,16,0
21952,1610612744,PHW,Philadelphia Warriors,0025200168,1953-01-06,PHW @ INO,W,0,26,,,,,,24.0,33.0,0.727,,,,,,,,16.0,76,5,0
21952,1610610030,INO,Indianapolis Olympians,0025200168,1953-01-06,INO vs. PHW,L,0,28,,,,,,15.0,20.0,0.75,,,,,,,,22.0,71,-5,0
21952,1610612744,PHW,Philadelphia Warriors,0025200171,1953-01-07,PHW vs. BOS,L,0,30,,,,,,22.0,,,,,,,,,,28.0,82,-2,0
21952,1610612738,BOS,Boston Celtics,0025200171,1953-01-07,BOS @ PHW,W,0,27,,,,,,30.0,,,,,,,,,,22.0,84,2,0
21952,1610612752,NYK,New York Knicks,0025200170,1953-01-07,NYK @ SYR,L,0,32,,,,,,29.0,,,,,,,,,,38.0,93,-21,0
21952,1610612755,SYR,Syracuse Nationals,0025200170,1953-01-07,SYR vs. NYK,W,0,43,,,,,,28.0,,,,,,,,,,35.0,114,21,0
21952,1610612737,MIH,Milwaukee Hawks,0025200173,1953-01-08,MIH @ NYK,L,0,24,,,,,,20.0,,,,,,,,,,23.0,68,-13,0
21952,1610612752,NYK,New York Knicks,0025200173,1953-01-08,NYK vs. MIH,W,0,32,,,,,,17.0,,,,,,,,,,26.0,81,13,0
21952,1610612747,MNL,Minneapolis Lakers,0025200174,1953-01-08,MNL @ SYR,L,0,22,,,,,,23.0,,,,,,,,,,36.0,67,-8,0
21952,1610612755,SYR,Syracuse Nationals,0025200174,1953-01-08,SYR vs. MNL,W,0,19,,,,,,37.0,,,,,,,,,,21.0,75,8,0
21952,1610612758,ROC,Rochester Royals,0025200172,1953-01-08,ROC vs. BOS,L,0,32,,,,,,21.0,,,,,,,,,,40.0,85,-3,0
21952,1610612738,BOS,Boston Celtics,0025200172,1953-01-08,BOS @ ROC,W,0,26,,,,,,36.0,,,,,,,,,,24.0,88,3,0
21952,1610612738,BOS,Boston Celtics,0025200175,1953-01-09,BOS vs. BAL,L,0,36,,,,,,18.0,32.0,0.563,,,,,,,,,90,-4,0
21952,1610610024,BAL,Baltimore Bullets,0025200175,1953-01-09,BAL @ BOS,W,0,39,,,,,,16.0,30.0,0.533,,,,,,,,,94,4,0
21952,1610612752,NYK,New York Knicks,0025200176,1953-01-09,NYK @ INO,W,0,18,,,,,,22.0,,,,,,,,,,19.0,58,4,0
21952,1610610030,INO,Indianapolis Olympians,0025200176,1953-01-09,INO vs. NYK,L,0,20,,,,,,14.0,,,,,,,,,,26.0,54,-4,0
21952,1610612765,FTW,Ft. Wayne Zollner Pistons,0025200179,1953-01-10,FTW @ MNL,L,0,29,79.0,0.367,,,,21.0,,,,,,,,,,30.0,79,-5,0
21952,1610612747,MNL,Minneapolis Lakers,0025200179,1953-01-10,MNL vs. FTW,W,0,26,72.0,0.361,,,,32.0,,,,,,,,,,26.0,84,5,0
21952,1610612744,PHW,Philadelphia Warriors,0025200180,1953-01-10,PHW @ SYR,L,0,29,,,,,,19.0,,,,,,,,,,26.0,77,-10,0
21952,1610612755,SYR,Syracuse Nationals,0025200180,1953-01-10,SYR vs. PHW,W,0,30,,,,,,27.0,,,,,,,,,,22.0,87,10,0
21952,1610612737,MIH,Milwaukee Hawks,0025200178,1953-01-10,MIH @ ROC,L,0,30,,,,,,21.0,,,,,,,,,,31.0,81,-8,0
21952,1610612758,ROC,Rochester Royals,0025200178,1953-01-10,ROC vs. MIH,W,0,31,,,,,,27.0,,,,,,,,,,25.0,89,8,0
21952,1610612738,BOS,Boston Celtics,0025200177,1953-01-10,BOS @ BAL,L,0,35,,,,,,35.0,,,,,,,,,,50.0,105,-21,0
21952,1610610024,BAL,Baltimore Bullets,0025200177,1953-01-10,BAL vs. BOS,W,0,39,,,,,,48.0,,,,,,,,,,38.0,126,21,0
21952,1610612738,BOS,Boston Celtics,0025200181,1953-01-11,BOS vs. BAL,W,0,49,,,,,,33.0,,,,,,,,,,33.0,131,44,0
21952,1610610024,BAL,Baltimore Bullets,0025200181,1953-01-11,BAL @ BOS,L,0,31,,,,,,25.0,,,,,,,,,,36.0,87,-44,0
21952,1610612752,NYK,New York Knicks,0025200183,1953-01-11,NYK @ MNL,L,0,25,78.0,0.321,,,,29.0,,,,,,,,,,35.0,79,-6,0
21952,1610612747,MNL,Minneapolis Lakers,0025200183,1953-01-11,MNL vs. NYK,W,0,27,63.0,0.429,,,,31.0,,,,,,,,,,27.0,85,6,0
21952,1610612765,FTW,Ft. Wayne Zollner Pistons,0025200185,1953-01-11,FTW vs. INO,W,0,24,,,,,,24.0,,,,,,,,,,26.0,72,4,0
21952,1610610030,INO,Indianapolis Olympians,0025200185,1953-01-11,INO @ FTW,L,0,22,,,,,,24.0,,,,,,,,,,24.0,68,-4,0
21952,1610612744,PHW,Philadelphia Warriors,0025200184,1953-01-11,PHW @ SYR,L,0,24,,,,,,24.0,,,,,,,,,,34.0,72,-4,0
21952,1610612755,SYR,Syracuse Nationals,0025200184,1953-01-11,SYR vs. PHW,W,0,21,,,,,,34.0,,,,,,,,,,28.0,76,4,0
21952,1610612758,ROC,Rochester Royals,0025200182,1953-01-11,ROC @ MIH,L,0,23,,,,,,33.0,,,,,,,,,,46.0,79,-4,0
21952,1610612737,MIH,Milwaukee Hawks,0025200182,1953-01-11,MIH vs. ROC,W,0,23,,,,,,37.0,,,,,,,,,,44.0,83,4,0
21952,1610610024,BAL,Baltimore Bullets,0025200186,1953-01-14,BAL vs. MNL,L,0,36,,,,,,32.0,,,,,,,,,,36.0,104,-8,0
21952,1610612747,MNL,Minneapolis Lakers,0025200186,1953-01-14,MNL @ BAL,W,0,35,,,,,,42.0,,,,,,,,,,38.0,112,8,0
21952,1610612755,SYR,Syracuse Nationals,0025200188,1953-01-15,SYR vs. ROC,W,0,29,,,,,,51.0,,,,,,,,,,44.0,109,24,0
21952,1610612758,ROC,Rochester Royals,0025200188,1953-01-15,ROC @ SYR,L,0,26,,,,,,33.0,,,,,,,,,,52.0,85,-24,0
21952,1610612765,FTW,Ft. Wayne Zollner Pistons,0025200187,1953-01-15,FTW vs. BOS,W,0,30,,,,,,31.0,,,,,,,,,,33.0,91,6,0
21952,1610612738,BOS,Boston Celtics,0025200187,1953-01-15,BOS @ FTW,L,0,25,,,,,,35.0,,,,,,,,,,30.0,85,-6,0
21952,1610612737,MIH,Milwaukee Hawks,0025200189,1953-01-15,MIH vs. INO,L,0,24,,,,,,20.0,,,,,,,,,,34.0,68,-7,0
21952,1610610030,INO,Indianapolis Olympians,0025200189,1953-01-15,INO @ MIH,W,0,20,,,,,,35.0,,,,,,,,,,25.0,75,7,0
21952,1610612765,FTW,Ft. Wayne Zollner Pistons,0025200191,1953-01-16,FTW vs. INO,W,0,22,,,,,,31.0,37.0,0.838,,,,,,,,,75,7,0
21952,1610610030,INO,Indianapolis Olympians,0025200191,1953-01-16,INO @ FTW,L,0,23,,,,,,22.0,29.0,0.759,,,,,,,,,68,-7,0
21952,1610612737,MIH,Milwaukee Hawks,0025200190,1953-01-16,MIH vs. BOS,L,0,35,,,,,,20.0,22.0,0.909,,,,,,,,,90,-10,0
21952,1610612738,BOS,Boston Celtics,0025200190,1953-01-16,BOS @ MIH,W,0,38,,,,,,24.0,36.0,0.667,,,,,,,,,100,10,0
21952,1610612744,PHW,Philadelphia Warriors,0025200193,1953-01-17,PHW @ NYK,L,0,31,,,,,,14.0,,,,,,,,,,26.0,76,-8,0
21952,1610612752,NYK,New York Knicks,0025200193,1953-01-17,NYK vs. PHW,W,0,32,,,,,,20.0,,,,,,,,,,19.0,84,8,0
21952,1610612747,MNL,Minneapolis Lakers,0025200192,1953-01-17,MNL @ ROC,L,0,35,,,,,,31.0,,,,,,,,,,41.0,101,-8,0
21952,1610612758,ROC,Rochester Royals,0025200192,1953-01-17,ROC vs. MNL,W,0,34,,,,,,41.0,,,,,,,,,,32.0,109,8,0
21952,1610610030,INO,Indianapolis Olympians,0025200194,1953-01-17,INO @ BAL,L,0,21,,,,,,24.0,34.0,0.706,,,,,,,,,66,-16,0
21952,1610610024,BAL,Baltimore Bullets,0025200194,1953-01-17,BAL vs. INO,W,0,29,,,,,,24.0,35.0,0.686,,,,,,,,,82,16,0
21952,1610612738,BOS,Boston Celtics,0025200197,1953-01-18,BOS vs. NYK,W,0,34,,,,,,31.0,,,,,,,,,,19.0,99,16,0
21952,1610612752,NYK,New York Knicks,0025200197,1953-01-18,NYK @ BOS,L,0,33,,,,,,17.0,,,,,,,,,,33.0,83,-16,0
21952,1610612737,MIH,Milwaukee Hawks,0025200199,1953-01-18,MIH @ MNL,W,0,32,72.0,0.444,,,,19.0,,,,,,,,,,27.0,83,13,0
21952,1610612747,MNL,Minneapolis Lakers,0025200199,1953-01-18,MNL vs. MIH,L,0,23,76.0,0.303,,,,24.0,,,,,,,,,,23.0,70,-13,0
21952,1610612755,SYR,Syracuse Nationals,0025200196,1953-01-18,SYR vs. BAL,W,0,39,,,,,,25.0,,,,,,,,,,18.0,103,19,0
21952,1610610024,BAL,Baltimore Bullets,0025200196,1953-01-18,BAL @ SYR,L,0,33,,,,,,18.0,,,,,,,,,,27.0,84,-19,0
21952,1610612758,ROC,Rochester Royals,0025200195,1953-01-18,ROC @ FTW,L,0,31,,,,,,25.0,,,,,,,,,,29.0,87,-3,0
21952,1610612765,FTW,Ft. Wayne Zollner Pistons,0025200195,1953-01-18,FTW vs. ROC,W,0,31,,,,,,28.0,,,,,,,,,,28.0,90,3,0
21952,1610610030,INO,Indianapolis Olympians,0025200198,1953-01-18,INO vs. PHW,W,0,25,,,,,,26.0,,,,,,,,,,35.0,76,2,0
21952,1610612744,PHW,Philadelphia Warriors,0025200198,1953-01-18,PHW @ INO,L,0,21,,,,,,32.0,,,,,,,,,,29.0,74,-2,0
21952,1610612752,NYK,New York Knicks,0025200200,1953-01-20,NYK vs. BOS,W,0,39,,,,,,34.0,,,,,,,,,,31.0,112,23,0
21952,1610612738,BOS,Boston Celtics,0025200200,1953-01-20,BOS @ NYK,L,0,31,,,,,,27.0,,,,,,,,,,31.0,89,-23,0
21952,1610610030,INO,Indianapolis Olympians,0025200201,1953-01-20,INO vs. ROC,W,0,21,,,,,,28.0,37.0,0.757,,,,,,,,,70,11,0
21952,1610612758,ROC,Rochester Royals,0025200201,1953-01-20,ROC @ INO,L,0,17,,,,,,25.0,39.0,0.641,,,,,,,,,59,-11,0
21952,1610612738,BOS,Boston Celtics,0025200202,1953-01-21,BOS vs. FTW,W,0,32,,,,,,30.0,,,,,,,,,,26.0,94,10,0
21952,1610612765,FTW,Ft. Wayne Zollner Pistons,0025200202,1953-01-21,FTW @ BOS,L,0,30,,,,,,24.0,,,,,,,,,,32.0,84,-10,0
21952,1610612737,MIH,Milwaukee Hawks,0025200204,1953-01-21,MIH vs. NYK,W,0,26,,,,,,20.0,,,,,,,,,,29.0,72,2,0
21952,1610612752,NYK,New York Knicks,0025200204,1953-01-21,NYK @ MIH,L,0,21,,,,,,28.0,,,,,,,,,,24.0,70,-2,0
21952,1610610024,BAL,Baltimore Bullets,0025200203,1953-01-21,BAL vs. ROC,L,0,30,,,,,,22.0,,,,,,,,,,44.0,82,-7,0
21952,1610612758,ROC,Rochester Royals,0025200203,1953-01-21,ROC @ BAL,W,0,24,,,,,,41.0,,,,,,,,,,23.0,89,7,0
21952,1610612765,FTW,Ft. Wayne Zollner Pistons,0025200205,1953-01-22,FTW @ SYR,L,0,28,,,,,,19.0,,,,,,,,,,25.0,75,-12,0
21952,1610612755,SYR,Syracuse Nationals,0025200205,1953-01-22,SYR vs. FTW,W,0,29,,,,,,29.0,,,,,,,,,,22.0,87,12,0
21952,1610612737,MIH,Milwaukee Hawks,0025200207,1953-01-23,MIH vs. MNL,W,0,20,,,,,,27.0,,,,,,,,,,18.0,67,2,0
21952,1610612747,MNL,Minneapolis Lakers,0025200207,1953-01-23,MNL @ MIH,L,0,25,,,,,,15.0,,,,,,,,,,30.0,65,-2,0
21952,1610610030,INO,Indianapolis Olympians,0025200206,1953-01-23,INO vs. BOS,W,0,29,,,,,,32.0,,,,,,,,,,29.0,90,5,0
21952,1610612738,BOS,Boston Celtics,0025200206,1953-01-23,BOS @ INO,L,0,32,,,,,,21.0,,,,,,,,,,34.0,85,-5,0
21952,1610612752,NYK,New York Knicks,0025200209,1953-01-24,NYK vs. FTW,W,0,25,,,,,,32.0,,,,,,,,,,28.0,82,6,0
21952,1610612765,FTW,Ft. Wayne Zollner Pistons,0025200209,1953-01-24,FTW @ NYK,L,0,26,,,,,,24.0,,,,,,,,,,38.0,76,-6,0
21952,1610612758,ROC,Rochester Royals,0025200208,1953-01-24,ROC vs. SYR,L,0,27,,,,,,28.0,,,,,,,,,,38.0,82,-25,0
21952,1610612755,SYR,Syracuse Nationals,0025200208,1953-01-24,SYR @ ROC,W,0,35,,,,,,37.0,,,,,,,,,,27.0,107,25,0
21952,1610610030,INO,Indianapolis Olympians,0025200210,1953-01-24,INO @ MIH,L,0,25,,,,,,14.0,,,,,,,,,,28.0,64,-8,0
21952,1610612737,MIH,Milwaukee Hawks,0025200210,1953-01-24,MIH vs. INO,W,0,24,,,,,,24.0,,,,,,,,,,18.0,72,8,0
21952,1610612747,MNL,Minneapolis Lakers,0025200211,1953-01-25,MNL vs. BOS,W,0,34,83.0,0.41,,,,19.0,,,,,,,,,,32.0,87,5,0
21952,1610612738,BOS,Boston Celtics,0025200211,1953-01-25,BOS @ MNL,L,0,27,76.0,0.355,,,,28.0,,,,,,,,,,27.0,82,-5,0
21952,1610612737,MIH,Milwaukee Hawks,0025200213,1953-01-25,MIH @ FTW,L,0,22,,,,,,18.0,,,,,,,,,,27.0,62,-3,0
21952,1610612765,FTW,Ft. Wayne Zollner Pistons,0025200213,1953-01-25,FTW vs. MIH,W,0,19,,,,,,27.0,,,,,,,,,,19.0,65,3,0
21952,1610612755,SYR,Syracuse Nationals,0025200214,1953-01-25,SYR vs. NYK,L,0,20,,,,,,22.0,,,,,,,,,,37.0,62,-35,0
21952,1610612752,NYK,New York Knicks,0025200214,1953-01-25,NYK @ SYR,W,0,34,,,,,,29.0,,,,,,,,,,33.0,97,35,0
21952,1610610024,BAL,Baltimore Bullets,0025200212,1953-01-25,BAL vs. PHW,W,0,31,,,,,,20.0,,,,,,,,,,20.0,82,14,0
21952,1610612744,PHW,Philadelphia Warriors,0025200212,1953-01-25,PHW @ BAL,L,0,24,,,,,,20.0,,,,,,,,,,17.0,68,-14,0
21952,1610612737,MIH,Milwaukee Hawks,0025200218,1953-01-27,MIH @ BOS,L,0,23,,,,,,12.0,,,,,,,,,,29.0,58,-22,0
21952,1610612738,BOS,Boston Celtics,0025200218,1953-01-27,BOS vs. MIH,W,0,28,,,,,,24.0,,,,,,,,,,13.0,80,22,0
21952,1610612765,FTW,Ft. Wayne Zollner Pistons,0025200215,1953-01-27,FTW @ MNL,L,0,24,,,,,,28.0,,,,,,,,,,25.0,76,-20,0
21952,1610612747,MNL,Minneapolis Lakers,0025200215,1953-01-27,MNL vs. FTW,W,0,36,,,,,,24.0,,,,,,,,,,28.0,96,20,0
21952,1610612752,NYK,New York Knicks,0025200216,1953-01-27,NYK @ ROC,W,0,27,,,,,,20.0,,,,,,,,,,31.0,74,2,0
21952,1610612758,ROC,Rochester Royals,0025200216,1953-01-27,ROC vs. NYK,L,0,21,,,,,,30.0,,,,,,,,,,30.0,72,-2,0
21952,1610610030,INO,Indianapolis Olympians,0025200217,1953-01-27,INO vs. SYR,W,0,26,,,,,,24.0,,,,,,,,,,22.0,76,4,0
21952,1610612755,SYR,Syracuse Nationals,0025200217,1953-01-27,SYR @ INO,L,0,26,,,,,,20.0,,,,,,,,,,28.0,72,-4,0
21952,1610610024,BAL,Baltimore Bullets,0025200219,1953-01-28,BAL vs. MIH,L,0,29,,,,,,25.0,,,,,,,,,,21.0,83,-1,0
21952,1610612737,MIH,Milwaukee Hawks,0025200219,1953-01-28,MIH @ BAL,W,0,33,,,,,,18.0,,,,,,,,,,31.0,84,1,0
21952,1610612752,NYK,New York Knicks,0025200223,1953-01-29,NYK @ PHW,W,0,25,,,,,,22.0,,,,,,,,,,14.0,72,11,0
21952,1610612744,PHW,Philadelphia Warriors,0025200223,1953-01-29,PHW vs. NYK,L,0,24,,,,,,13.0,,,,,,,,,,24.0,61,-11,0
21952,1610612755,SYR,Syracuse Nationals,0025200222,1953-01-29,SYR @ MNL,W,0,29,77.0,0.377,,,,25.0,,,,,,,,,,26.0,83,18,0
21952,1610612747,MNL,Minneapolis Lakers,0025200222,1953-01-29,MNL vs. SYR,L,0,20,80.0,0.25,,,,25.0,,,,,,,,,,27.0,65,-18,0
21952,1610612765,FTW,Ft. Wayne Zollner Pistons,0025200220,1953-01-29,FTW vs. BOS,W,0,32,,,,,,47.0,,,,,,,,,,35.0,111,13,0
21952,1610612738,BOS,Boston Celtics,0025200220,1953-01-29,BOS @ FTW,L,0,32,,,,,,34.0,,,,,,,,,,47.0,98,-13,0
21952,1610612737,MIH,Milwaukee Hawks,0025200221,1953-01-29,MIH vs. BAL,W,0,23,,,,,,24.0,,,,,,,,,,29.0,70,3,0
21952,1610610024,BAL,Baltimore Bullets,0025200221,1953-01-29,BAL @ MIH,L,0,21,,,,,,25.0,,,,,,,,,,27.0,67,-3,0
21952,1610612737,MIH,Milwaukee Hawks,0025200225,1953-01-30,MIH vs. SYR,W,0,32,,,,,,20.0,,,,,,,,,,23.0,84,16,0
21952,1610612755,SYR,Syracuse Nationals,0025200225,1953-01-30,SYR @ MIH,L,0,23,,,,,,22.0,,,,,,,,,,23.0,68,-16,0
21952,1610612758,ROC,Rochester Royals,0025200224,1953-01-30,ROC vs. FTW,W,0,23,,,,,,24.0,,,,,,,,,,20.0,70,2,0
21952,1610612765,FTW,Ft. Wayne Zollner Pistons,0025200224,1953-01-30,FTW @ ROC,L,0,24,,,,,,20.0,,,,,,,,,,25.0,68,-2,0
21952,1610612738,BOS,Boston Celtics,0025200229,1953-01-31,BOS @ NYK,L,0,21,,,,,,27.0,,,,,,,,,,36.0,69,-7,0
21952,1610612752,NYK,New York Knicks,0025200229,1953-01-31,NYK vs. BOS,W,0,25,,,,,,26.0,,,,,,,,,,34.0,76,7,0
21952,1610612747,MNL,Minneapolis Lakers,0025200228,1953-01-31,MNL vs. FTW,W,0,30,65.0,0.462,,,,27.0,,,,,,,,,,26.0,87,7,0
21952,1610612765,FTW,Ft. Wayne Zollner Pistons,0025200228,1953-01-31,FTW @ MNL,L,0,29,84.0,0.345,,,,22.0,,,,,,,,,,39.0,80,-7,0
21952,1610612758,ROC,Rochester Royals,0025200227,1953-01-31,ROC vs. PHW,W,0,42,,,,,,19.0,,,,,,,,,,18.0,103,20,0
21952,1610612744,PHW,Philadelphia Warriors,0025200227,1953-01-31,PHW @ ROC,L,0,36,,,,,,11.0,,,,,,,,,,21.0,83,-20,0
21952,1610610024,BAL,Baltimore Bullets,0025200226,1953-01-31,BAL vs. INO,W,0,35,,,,,,27.0,,,,,,,,,,26.0,97,7,0
21952,1610610030,INO,Indianapolis Olympians,0025200226,1953-01-31,INO @ BAL,L,0,34,,,,,,22.0,,,,,,,,,,28.0,90,-7,0
21952,1610612744,PHW,Philadelphia Warriors,0025200231,1953-02-01,PHW @ NYK,L,0,31,,,,,,23.0,,,,,,,,,,36.0,85,-5,0
21952,1610612752,NYK,New York Knicks,0025200231,1953-02-01,NYK vs. PHW,W,0,27,,,,,,36.0,,,,,,,,,,26.0,90,5,0
21952,1610612758,ROC,Rochester Royals,0025200230,1953-02-01,ROC @ BOS,W,0,38,,,,,,33.0,,,,,,,,,,47.0,109,23,0
21952,1610612738,BOS,Boston Celtics,0025200230,1953-02-01,BOS vs. ROC,L,0,22,,,,,,42.0,,,,,,,,,,40.0,86,-23,0
21952,1610612747,MNL,Minneapolis Lakers,0025200233,1953-02-01,MNL @ FTW,W,0,30,,,,,,32.0,,,,,,,,,,26.0,92,16,0
21952,1610612765,FTW,Ft. Wayne Zollner Pistons,0025200233,1953-02-01,FTW vs. MNL,L,0,25,,,,,,26.0,,,,,,,,,,36.0,76,-16,0
21952,1610610024,BAL,Baltimore Bullets,0025200232,1953-02-01,BAL @ SYR,L,0,25,,,,,,29.0,,,,,,,,,,26.0,79,-15,0
21952,1610612755,SYR,Syracuse Nationals,0025200232,1953-02-01,SYR vs. BAL,W,0,32,,,,,,30.0,,,,,,,,,,23.0,94,15,0
21952,1610610024,BAL,Baltimore Bullets,0025200235,1953-02-02,BAL @ SYR,L,0,25,,,,,,27.0,,,,,,,,,,32.0,77,-21,0
21952,1610612755,SYR,Syracuse Nationals,0025200235,1953-02-02,SYR vs. BAL,W,0,32,,,,,,34.0,,,,,,,,,,27.0,98,21,0
21952,1610612737,MIH,Milwaukee Hawks,0025200234,1953-02-02,MIH @ ROC,L,0,27,,,,,,24.0,,,,,,,,,,23.0,78,-2,0
21952,1610612758,ROC,Rochester Royals,0025200234,1953-02-02,ROC vs. MIH,W,0,29,,,,,,22.0,,,,,,,,,,23.0,80,2,0
21952,1610612752,NYK,New York Knicks,0025200238,1953-02-03,NYK vs. MIH,W,0,20,,,,,,36.0,,,,,,,,,,25.0,76,7,0
21952,1610612737,MIH,Milwaukee Hawks,0025200238,1953-02-03,MIH @ NYK,L,0,26,,,,,,17.0,,,,,,,,,,33.0,69,-7,0
21952,1610610024,BAL,Baltimore Bullets,0025200237,1953-02-03,BAL @ ROC,L,0,32,,,,,,18.0,,,,,,,,,,22.0,82,-27,0
21952,1610612758,ROC,Rochester Royals,0025200237,1953-02-03,ROC vs. BAL,W,0,43,,,,,,23.0,,,,,,,,,,22.0,109,27,0
21952,1610612747,MNL,Minneapolis Lakers,0025200236,1953-02-03,MNL @ INO,L,0,37,,,,,,19.0,,,,,,,,,,30.0,93,-3,0
21952,1610610030,INO,Indianapolis Olympians,0025200236,1953-02-03,INO vs. MNL,W,0,33,,,,,,30.0,,,,,,,,,,25.0,96,3,0
21952,1610612738,BOS,Boston Celtics,0025200239,1953-02-04,BOS vs. SYR,W,0,36,,,,,,33.0,,,,,,,,,,29.0,105,13,0
21952,1610612755,SYR,Syracuse Nationals,0025200239,1953-02-04,SYR @ BOS,L,0,30,,,,,,32.0,,,,,,,,,,32.0,92,-13,0
21952,1610612744,PHW,Philadelphia Warriors,0025200240,1953-02-04,PHW vs. BAL,W,0,37,,,,,,22.0,,,,,,,,,,22.0,96,8,0
21952,1610610024,BAL,Baltimore Bullets,0025200240,1953-02-04,BAL @ PHW,L,0,36,,,,,,16.0,,,,,,,,,,26.0,88,-8,0
21952,1610610030,INO,Indianapolis Olympians,0025200243,1953-02-05,INO @ FTW,L,0,21,,,,,,21.0,,,,,,,,,,26.0,63,-5,0
21952,1610612765,FTW,Ft. Wayne Zollner Pistons,0025200243,1953-02-05,FTW vs. INO,W,0,21,,,,,,26.0,,,,,,,,,,27.0,68,5,0
21952,1610612747,MNL,Minneapolis Lakers,0025200242,1953-02-05,MNL vs. NYK,W,0,29,66.0,0.439,,,,23.0,,,,,,,,,,32.0,81,8,0
21952,1610612752,NYK,New York Knicks,0025200242,1953-02-05,NYK @ MNL,L,0,24,81.0,0.296,,,,25.0,,,,,,,,,,35.0,73,-8,0
21952,1610612755,SYR,Syracuse Nationals,0025200241,1953-02-05,SYR vs. ROC,W,0,27,,,,,,29.0,,,,,,,,,,27.0,83,4,0
21952,1610612758,ROC,Rochester Royals,0025200241,1953-02-05,ROC @ SYR,L,0,27,,,,,,25.0,,,,,,,,,,37.0,79,-4,0
21952,1610610030,INO,Indianapolis Olympians,0025200244,1953-02-06,INO vs. NYK,L,0,24,,,,,,25.0,,,,,,,,,,21.0,73,-11,0
21952,1610612752,NYK,New York Knicks,0025200244,1953-02-06,NYK @ INO,W,0,31,,,,,,22.0,,,,,,,,,,24.0,84,11,0
21952,1610612752,NYK,New York Knicks,0025200246,1953-02-07,NYK vs. PHW,W,0,29,,,,,,28.0,,,,,,,,,,25.0,86,23,0
21952,1610612744,PHW,Philadelphia Warriors,0025200246,1953-02-07,PHW @ NYK,L,0,20,,,,,,23.0,,,,,,,,,,31.0,63,-23,0
21952,1610612747,MNL,Minneapolis Lakers,0025200001,1953-02-07,MNL @ ROC,L,0,23,,,,,,26.0,,,,,,,,,,26.0,72,-15,0
21952,1610612758,ROC,Rochester Royals,0025200001,1953-02-07,ROC vs. MNL,W,0,31,,,,,,25.0,,,,,,,,,,23.0,87,15,0
21952,1610610024,BAL,Baltimore Bullets,0025200245,1953-02-07,BAL vs. BOS,L,0,37,,,,,,24.0,,,,,,,,,,40.0,98,-3,0
21952,1610612738,BOS,Boston Celtics,0025200245,1953-02-07,BOS @ BAL,W,0,31,,,,,,39.0,,,,,,,,,,32.0,101,3,0
21952,1610612752,NYK,New York Knicks,0025200249,1953-02-08,NYK @ BOS,L,0,25,,,,,,29.0,,,,,,,,,,39.0,79,-8,0
21952,1610612738,BOS,Boston Celtics,0025200249,1953-02-08,BOS vs. NYK,W,0,29,,,,,,29.0,,,,,,,,,,33.0,87,8,0
21952,1610612747,MNL,Minneapolis Lakers,0025200251,1953-02-08,MNL vs. INO,W,0,24,73.0,0.329,,,,23.0,,,,,,,,,,22.0,71,4,0
21952,1610610030,INO,Indianapolis Olympians,0025200251,1953-02-08,INO @ MNL,L,0,23,71.0,0.324,,,,21.0,,,,,,,,,,22.0,67,-4,0
21952,1610612755,SYR,Syracuse Nationals,0025200247,1953-02-08,SYR vs. PHW,W,0,31,,,,,,36.0,,,,,,,,,,26.0,98,9,0
21952,1610612744,PHW,Philadelphia Warriors,0025200247,1953-02-08,PHW @ SYR,L,0,33,,,,,,23.0,,,,,,,,,,36.0,89,-9,0
21952,1610612765,FTW,Ft. Wayne Zollner Pistons,0025200250,1953-02-08,FTW vs. BAL,W,0,36,,,,,,17.0,,,,,,,,,,23.0,89,11,0
21952,1610610024,BAL,Baltimore Bullets,0025200250,1953-02-08,BAL @ FTW,L,0,28,,,,,,22.0,,,,,,,,,,16.0,78,-11,0
21952,1610612758,ROC,Rochester Royals,0025200248,1953-02-08,ROC @ MIH,L,0,26,,,,,,30.0,,,,,,,,,,45.0,82,-3,0
21952,1610612737,MIH,Milwaukee Hawks,0025200248,1953-02-08,MIH vs. ROC,W,0,27,,,,,,31.0,,,,,,,,,,36.0,85,3,0
21952,1610612744,PHW,Philadelphia Warriors,0025200252,1953-02-10,PHW @ ROC,L,0,31,,,,,,23.0,,,,,,,,,,30.0,85,-16,0
21952,1610612758,ROC,Rochester Royals,0025200252,1953-02-10,ROC vs. PHW,W,0,35,,,,,,31.0,,,,,,,,,,29.0,101,16,0
21952,1610610030,INO,Indianapolis Olympians,0025200253,1953-02-10,INO vs. BAL,W,0,35,,,,,,18.0,,,,,,,,,,16.0,88,5,0
21952,1610610024,BAL,Baltimore Bullets,0025200253,1953-02-10,BAL @ INO,L,0,34,,,,,,15.0,,,,,,,,,,18.0,83,-5,0
21952,1610612755,SYR,Syracuse Nationals,0025200255,1953-02-11,SYR @ FTW,L,0,17,,,,,,44.0,,,,,,,,,,35.0,78,-18,0
21952,1610612765,FTW,Ft. Wayne Zollner Pistons,0025200255,1953-02-11,FTW vs. SYR,W,0,29,,,,,,38.0,,,,,,,,,,42.0,96,18,0
21952,1610612752,NYK,New York Knicks,0025200254,1953-02-11,NYK @ BAL,W,0,31,,,,,,24.0,,,,,,,,,,28.0,86,6,0
21952,1610610024,BAL,Baltimore Bullets,0025200254,1953-02-11,BAL vs. NYK,L,0,28,,,,,,24.0,,,,,,,,,,25.0,80,-6,0
21952,1610610030,INO,Indianapolis Olympians,0025200256,1953-02-11,INO vs. MIH,L,0,23,,,,,,19.0,,,,,,,,,,17.0,65,-2,0
21952,1610612737,MIH,Milwaukee Hawks,0025200256,1953-02-11,MIH @ INO,W,0,26,,,,,,15.0,,,,,,,,,,20.0,67,2,0
21952,1610612747,MNL,Minneapolis Lakers,0025200259,1953-02-12,MNL vs. SYR,W,0,35,86.0,0.407,,,,21.0,,,,,,,,,,28.0,91,10,0
21952,1610612755,SYR,Syracuse Nationals,0025200259,1953-02-12,SYR @ MNL,L,0,23,68.0,0.338,,,,35.0,,,,,,,,,,25.0,81,-10,0
21952,1610612744,PHW,Philadelphia Warriors,0025200257,1953-02-12,PHW vs. BOS,W,0,34,,,,,,24.0,,,,,,,,,,32.0,92,1,0
21952,1610612738,BOS,Boston Celtics,0025200257,1953-02-12,BOS @ PHW,L,0,29,,,,,,33.0,,,,,,,,,,31.0,91,-1,0
21952,1610612737,MIH,Milwaukee Hawks,0025200258,1953-02-12,MIH vs. BAL,W,0,33,,,,,,26.0,,,,,,,,,,26.0,92,7,0
21952,1610610024,BAL,Baltimore Bullets,0025200258,1953-02-12,BAL @ MIH,L,0,31,,,,,,23.0,,,,,,,,,,29.0,85,-7,0
21952,1610612737,MIH,Milwaukee Hawks,0025200262,1953-02-13,MIH @ BOS,L,0,31,,,,,,12.0,,,,,,,,,,29.0,74,-3,0
21952,1610612738,BOS,Boston Celtics,0025200262,1953-02-13,BOS vs. MIH,W,0,28,,,,,,21.0,,,,,,,,,,18.0,77,3,0
21952,1610610024,BAL,Baltimore Bullets,0025200260,1953-02-13,BAL @ NYK,L,0,34,,,,,,28.0,,,,,,,,,,32.0,96,-10,0
21952,1610612752,NYK,New York Knicks,0025200260,1953-02-13,NYK vs. BAL,W,0,37,,,,,,32.0,,,,,,,,,,31.0,106,10,0
21952,1610612755,SYR,Syracuse Nationals,0025200261,1953-02-13,SYR @ INO,W,0,29,,,,,,31.0,48.0,0.646,,,,,,,,,89,3,0
21952,1610610030,INO,Indianapolis Olympians,0025200261,1953-02-13,INO vs. SYR,L,0,27,,,,,,32.0,40.0,0.8,,,,,,,,,86,-3,0
21952,1610612752,NYK,New York Knicks,0025200265,1953-02-14,NYK vs. INO,W,0,33,,,,,,25.0,,,,,,,,,,17.0,91,12,0
21952,1610610030,INO,Indianapolis Olympians,0025200265,1953-02-14,INO @ NYK,L,0,31,,,,,,17.0,,,,,,,,,,23.0,79,-12,0
21952,1610612744,PHW,Philadelphia Warriors,0025200264,1953-02-14,PHW @ MNL,L,0,32,85.0,0.376,,,,20.0,,,,,,,,,,31.0,84,-8,0
21952,1610612747,MNL,Minneapolis Lakers,0025200264,1953-02-14,MNL vs. PHW,W,0,12,86.0,0.14,,,,28.0,,,,,,,,,,29.0,92,8,0
21952,1610612758,ROC,Rochester Royals,0025200266,1953-02-14,ROC vs. MIH,W,0,26,,,,,,29.0,40.0,0.725,,,,,,,,26.0,81,9,0
21952,1610612737,MIH,Milwaukee Hawks,0025200266,1953-02-14,MIH @ ROC,L,0,23,,,,,,26.0,33.0,0.788,,,,,,,,39.0,72,-9,0
21952,1610610024,BAL,Baltimore Bullets,0025200263,1953-02-14,BAL vs. FTW,L,0,30,,,,,,28.0,,,,,,,,,,29.0,88,-14,0
21952,1610612765,FTW,Ft. Wayne Zollner Pistons,0025200263,1953-02-14,FTW @ BAL,W,0,34,,,,,,34.0,,,,,,,,,,28.0,102,14,0
21952,1610610030,INO,Indianapolis Olympians,0025200268,1953-02-15,INO @ BOS,L,0,29,,,,,,18.0,21.0,0.857,,,,,,,,,76,-13,0
21952,1610612738,BOS,Boston Celtics,0025200268,1953-02-15,BOS vs. INO,W,0,33,,,,,,23.0,30.0,0.767,,,,,,,,,89,13,0
21952,1610612744,PHW,Philadelphia Warriors,0025200269,1953-02-15,PHW vs. BAL,W,0,35,,,,,,25.0,52.0,0.481,,,,,,,,,95,20,0
21952,1610610024,BAL,Baltimore Bullets,0025200269,1953-02-15,BAL @ PHW,L,0,25,,,,,,25.0,42.0,0.595,,,,,,,,,75,-20,0
21952,1610612752,NYK,New York Knicks,0025200267,1953-02-15,NYK @ SYR,W,0,24,,,,,,37.0,56.0,0.661,,,,,,,,,85,4,0
21952,1610612755,SYR,Syracuse Nationals,0025200267,1953-02-15,SYR vs. NYK,L,0,20,,,,,,41.0,68.0,0.603,,,,,,,,,81,-4,0
21952,1610612765,FTW,Ft. Wayne Zollner Pistons,0025200270,1953-02-15,FTW vs. ROC,L,0,23,,,,,,26.0,35.0,0.743,,,,,,,,33.0,72,-12,0
21952,1610612758,ROC,Rochester Royals,0025200270,1953-02-15,ROC @ FTW,W,0,27,,,,,,30.0,40.0,0.75,,,,,,,,28.0,84,12,0
21952,1610612747,MNL,Minneapolis Lakers,0025200271,1953-02-15,MNL @ MIH,W,0,27,,,,,,26.0,32.0,0.813,,,,,,,,,80,9,0
21952,1610612737,MIH,Milwaukee Hawks,0025200271,1953-02-15,MIH vs. MNL,L,0,23,,,,,,25.0,41.0,0.61,,,,,,,,,71,-9,0
21952,1610612752,NYK,New York Knicks,0025200275,1953-02-17,NYK vs. MIH,W,0,30,,,,,,26.0,,,,,,,,,,23.0,86,19,0
21952,1610612737,MIH,Milwaukee Hawks,0025200275,1953-02-17,MIH @ NYK,L,0,24,,,,,,19.0,,,,,,,,,,30.0,67,-19,0
21952,1610610024,BAL,Baltimore Bullets,0025200274,1953-02-17,BAL @ MNL,W,0,28,56.0,0.5,,,,18.0,,,,,,,,,,22.0,74,4,0
21952,1610612747,MNL,Minneapolis Lakers,0025200274,1953-02-17,MNL vs. BAL,L,0,25,76.0,0.329,,,,20.0,,,,,,,,,,28.0,70,-4,0
21952,1610612755,SYR,Syracuse Nationals,0025200276,1953-02-17,SYR vs. BOS,W,0,28,,,,,,28.0,35.0,0.8,,,,,,,,27.0,84,19,0
21952,1610612738,BOS,Boston Celtics,0025200276,1953-02-17,BOS @ SYR,L,0,22,,,,,,21.0,35.0,0.6,,,,,,,,25.0,65,-19,0
21952,1610612765,FTW,Ft. Wayne Zollner Pistons,0025200272,1953-02-17,FTW @ ROC,W,0,29,,,,,,30.0,38.0,0.789,,,,,,,,,88,10,0
21952,1610612758,ROC,Rochester Royals,0025200272,1953-02-17,ROC vs. FTW,L,0,21,,,,,,36.0,52.0,0.692,,,,,,,,,78,-10,0
21952,1610610030,INO,Indianapolis Olympians,0025200273,1953-02-17,INO vs. PHW,W,0,28,,,,,,24.0,39.0,0.615,,,,,,,,,80,3,0
21952,1610612744,PHW,Philadelphia Warriors,0025200273,1953-02-17,PHW @ INO,L,0,28,,,,,,21.0,31.0,0.677,,,,,,,,,77,-3,0
21952,1610612738,BOS,Boston Celtics,0025200277,1953-02-18,BOS vs. NYK,W,0,25,,,,,,19.0,19.0,1.0,,,,,,,,19.0,69,3,0
21952,1610612752,NYK,New York Knicks,0025200277,1953-02-18,NYK @ BOS,L,0,26,,,,,,14.0,26.0,0.538,,,,,,,,26.0,66,-3,0
21952,1610612747,MNL,Minneapolis Lakers,0025200278,1953-02-19,MNL vs. ROC,W,0,34,66.0,0.515,,,,39.0,,,,,,,,,,27.0,107,20,0
21952,1610612758,ROC,Rochester Royals,0025200278,1953-02-19,ROC @ MNL,L,0,30,101.0,0.297,,,,27.0,,,,,,,,,,50.0,87,-20,0
21952,1610612755,SYR,Syracuse Nationals,0025200280,1953-02-19,SYR vs. MIH,W,0,25,,,,,,32.0,,,,,,,,,,24.0,82,10,0
21952,1610612737,MIH,Milwaukee Hawks,0025200280,1953-02-19,MIH @ SYR,L,0,27,,,,,,18.0,,,,,,,,,,29.0,72,-10,0
21952,1610612765,FTW,Ft. Wayne Zollner Pistons,0025200279,1953-02-19,FTW vs. BAL,W,0,30,,,,,,23.0,,,,,,,,,,32.0,83,4,0
21952,1610610024,BAL,Baltimore Bullets,0025200279,1953-02-19,BAL @ FTW,L,0,24,,,,,,31.0,,,,,,,,,,25.0,79,-4,0
21952,1610610030,INO,Indianapolis Olympians,0025200281,1953-02-20,INO vs. BAL,W,0,21,,,,,,17.0,,,,,,,,,,14.0,59,1,0
21952,1610610024,BAL,Baltimore Bullets,0025200281,1953-02-20,BAL @ INO,L,0,25,,,,,,8.0,,,,,,,,,,23.0,58,-1,0
21952,1610612752,NYK,New York Knicks,0025200285,1953-02-21,NYK vs. PHW,W,0,35,,,,,,15.0,,,,,,,,,,19.0,85,16,0
21952,1610612744,PHW,Philadelphia Warriors,0025200285,1953-02-21,PHW @ NYK,L,0,26,,,,,,17.0,,,,,,,,,,27.0,69,-16,0
21952,1610612765,FTW,Ft. Wayne Zollner Pistons,0025200283,1953-02-21,FTW @ MNL,L,0,22,72.0,0.306,,,,31.0,,,,,,,,,,33.0,75,-10,0
21952,1610612747,MNL,Minneapolis Lakers,0025200283,1953-02-21,MNL vs. FTW,W,0,27,58.0,0.466,,,,31.0,,,,,,,,,,31.0,85,10,0
21952,1610612755,SYR,Syracuse Nationals,0025200284,1953-02-21,SYR @ ROC,L,0,22,,,,,,29.0,,,,,,,,,,28.0,73,-11,0
21952,1610612758,ROC,Rochester Royals,0025200284,1953-02-21,ROC vs. SYR,W,0,30,,,,,,24.0,,,,,,,,,,25.0,84,11,0
21952,1610612738,BOS,Boston Celtics,0025200282,1953-02-21,BOS @ BAL,W,0,32,,,,,,26.0,32.0,0.813,,,,,,,,,90,4,0
21952,1610610024,BAL,Baltimore Bullets,0025200282,1953-02-21,BAL vs. BOS,L,0,31,,,,,,24.0,35.0,0.686,,,,,,,,,86,-4,0
21952,1610612737,MIH,Milwaukee Hawks,0025200286,1953-02-21,MIH vs. INO,W,0,22,,,,,,17.0,,,,,,,,,,25.0,61,1,0
21952,1610610030,INO,Indianapolis Olympians,0025200286,1953-02-21,INO @ MIH,L,0,20,,,,,,20.0,,,,,,,,,,22.0,60,-1,0
21952,1610612744,PHW,Philadelphia Warriors,0025200289,1953-02-22,PHW @ SYR,L,0,27,,,,,,19.0,,,,,,,,,,26.0,73,-13,0
21952,1610612755,SYR,Syracuse Nationals,0025200289,1953-02-22,SYR vs. PHW,W,0,28,,,,,,30.0,,,,,,,,,,23.0,86,13,0
21952,1610612765,FTW,Ft. Wayne Zollner Pistons,0025200288,1953-02-22,FTW vs. MNL,W,0,27,,,,,,36.0,,,,,,,,,,30.0,90,12,0
21952,1610612747,MNL,Minneapolis Lakers,0025200288,1953-02-22,MNL @ FTW,L,0,25,,,,,,28.0,,,,,,,,,,39.0,78,-12,0
21952,1610612737,MIH,Milwaukee Hawks,0025200290,1953-02-22,MIH vs. INO,W,0,28,,,,,,15.0,,,,,,,,,,27.0,71,7,0
21952,1610610030,INO,Indianapolis Olympians,0025200290,1953-02-22,INO @ MIH,L,0,20,,,,,,24.0,,,,,,,,,,25.0,64,-7,0
21952,1610612738,BOS,Boston Celtics,0025200287,1953-02-22,BOS vs. NYK,W,0,29,,,,,,29.0,,,,,,,,,,31.0,87,4,0
21952,1610612752,NYK,New York Knicks,0025200287,1953-02-22,NYK @ BOS,L,0,31,,,,,,21.0,,,,,,,,,,40.0,83,-4,0
21952,1610612737,MIH,Milwaukee Hawks,0025200291,1953-02-23,MIH vs. PHW,W,0,30,,,,,,18.0,,,,,,,,,,19.0,78,14,0
21952,1610612744,PHW,Philadelphia Warriors,0025200291,1953-02-23,PHW @ MIH,L,0,26,,,,,,12.0,,,,,,,,,,18.0,64,-14,0
21952,1610612752,NYK,New York Knicks,0025200006,1953-02-24,NYK vs. MNL,W,0,26,,,,,,27.0,,,,,,,,,,22.0,79,16,0
21952,1610612747,MNL,Minneapolis Lakers,0025200006,1953-02-24,MNL @ NYK,L,0,25,,,,,,13.0,,,,,,,,,,36.0,63,-16,0
21952,1610612755,SYR,Syracuse Nationals,0025200294,1953-02-24,SYR vs. PHW,W,0,22,,,,,,30.0,,,,,,,,,,23.0,74,11,0
21952,1610612744,PHW,Philadelphia Warriors,0025200294,1953-02-24,PHW @ SYR,L,0,24,,,,,,15.0,,,,,,,,,,27.0,63,-11,0
21952,1610612758,ROC,Rochester Royals,0025200292,1953-02-24,ROC vs. FTW,L,0,23,,,,,,34.0,,,,,,,,,,46.0,80,-11,0
21952,1610612765,FTW,Ft. Wayne Zollner Pistons,0025200292,1953-02-24,FTW @ ROC,W,0,25,,,,,,41.0,,,,,,,,,,38.0,91,11,0
21952,1610610030,INO,Indianapolis Olympians,0025200293,1953-02-24,INO vs. MIH,W,0,25,,,,,,21.0,,,,,,,,,,21.0,71,2,0
21952,1610612737,MIH,Milwaukee Hawks,0025200293,1953-02-24,MIH @ INO,L,0,26,,,,,,17.0,,,,,,,,,,27.0,69,-2,0
21952,1610612744,PHW,Philadelphia Warriors,0025200296,1953-02-25,PHW @ BOS,L,0,30,,,,,,20.0,32.0,0.625,,,,,,,,,80,-7,0
21952,1610612738,BOS,Boston Celtics,0025200296,1953-02-25,BOS vs. PHW,W,0,34,,,,,,19.0,25.0,0.76,,,,,,,,,87,7,0
21952,1610610024,BAL,Baltimore Bullets,0025200297,1953-02-25,BAL vs. MNL,L,0,28,,,,,,16.0,,,,,,,,,,15.0,72,-13,0
21952,1610612747,MNL,Minneapolis Lakers,0025200297,1953-02-25,MNL @ BAL,W,0,35,,,,,,15.0,,,,,,,,,,18.0,85,13,0
21952,1610612758,ROC,Rochester Royals,0025200298,1953-02-25,ROC vs. NYK,W,0,22,,,,,,35.0,,,,,,,,,,30.0,79,8,0
21952,1610612752,NYK,New York Knicks,0025200298,1953-02-25,NYK @ ROC,L,0,23,,,,,,25.0,,,,,,,,,,37.0,71,-8,0
21952,1610610024,BAL,Baltimore Bullets,0025200299,1953-02-26,BAL @ BOS,L,0,28,,,,,,25.0,,,,,,,,,,24.0,81,-1,0
21952,1610612738,BOS,Boston Celtics,0025200299,1953-02-26,BOS vs. BAL,W,0,29,,,,,,24.0,,,,,,,,,,31.0,82,1,0
21952,1610612747,MNL,Minneapolis Lakers,0025200301,1953-02-26,MNL @ PHW,W,0,31,,,,,,23.0,,,,,,,,,,16.0,85,12,0
21952,1610612744,PHW,Philadelphia Warriors,0025200301,1953-02-26,PHW vs. MNL,L,0,28,,,,,,17.0,,,,,,,,,,22.0,73,-12,0
21952,1610612765,FTW,Ft. Wayne Zollner Pistons,0025200300,1953-02-26,FTW @ SYR,L,0,27,,,,,,23.0,,,,,,,,,,36.0,77,-12,0
21952,1610612755,SYR,Syracuse Nationals,0025200300,1953-02-26,SYR vs. FTW,W,0,27,,,,,,35.0,,,,,,,,,,27.0,89,12,0
21952,1610612744,PHW,Philadelphia Warriors,0025200302,1953-02-27,PHW @ MNL,L,0,29,,,,,,17.0,,,,,,,,,,11.0,75,-23,0
21952,1610612747,MNL,Minneapolis Lakers,0025200302,1953-02-27,MNL vs. PHW,W,0,40,,,,,,18.0,,,,,,,,,,18.0,98,23,0
21952,1610612765,FTW,Ft. Wayne Zollner Pistons,0025200305,1953-02-28,FTW @ NYK,L,0,24,,,,,,26.0,,,,,,,,,,31.0,74,-11,0
21952,1610612752,NYK,New York Knicks,0025200305,1953-02-28,NYK vs. FTW,W,0,28,,,,,,29.0,,,,,,,,,,25.0,85,11,0
21952,1610612738,BOS,Boston Celtics,0025200303,1953-02-28,BOS @ ROC,L,0,29,,,,,,27.0,,,,,,,,,,35.0,85,-7,0
21952,1610612758,ROC,Rochester Royals,0025200303,1953-02-28,ROC vs. BOS,W,0,32,,,,,,28.0,,,,,,,,,,29.0,92,7,0
21952,1610612744,PHW,Philadelphia Warriors,0025200306,1953-02-28,PHW @ MIH,L,0,26,,,,,,21.0,,,,,,,,,,31.0,73,-14,0
21952,1610612737,MIH,Milwaukee Hawks,0025200306,1953-02-28,MIH vs. PHW,W,0,28,,,,,,31.0,,,,,,,,,,32.0,87,14,0
21952,1610610024,BAL,Baltimore Bullets,0025200304,1953-02-28,BAL vs. SYR,W,0,29,,,,,,19.0,,,,,,,,,,24.0,77,3,0
21952,1610612755,SYR,Syracuse Nationals,0025200304,1953-02-28,SYR @ BAL,L,0,27,,,,,,20.0,,,,,,,,,,23.0,74,-3,0
21952,1610612747,MNL,Minneapolis Lakers,0025200307,1953-03-01,MNL vs. PHW,W,0,37,73.0,0.507,,,,28.0,,,,,,,,,,20.0,102,22,0
21952,1610612744,PHW,Philadelphia Warriors,0025200307,1953-03-01,PHW @ MNL,L,0,31,76.0,0.408,,,,18.0,,,,,,,,,,26.0,80,-22,0
21952,1610612755,SYR,Syracuse Nationals,0025200309,1953-03-01,SYR vs. NYK,W,0,24,,,,,,31.0,,,,,,,,,,25.0,79,15,0
21952,1610612752,NYK,New York Knicks,0025200309,1953-03-01,NYK @ SYR,L,0,20,,,,,,24.0,,,,,,,,,,32.0,64,-15,0
21952,1610612737,MIH,Milwaukee Hawks,0025200308,1953-03-01,MIH @ FTW,L,0,27,,,,,,20.0,,,,,,,,,,35.0,74,-2,0
21952,1610612765,FTW,Ft. Wayne Zollner Pistons,0025200308,1953-03-01,FTW vs. MIH,W,0,20,,,,,,36.0,,,,,,,,,,27.0,76,2,0
21952,1610612758,ROC,Rochester Royals,0025200311,1953-03-03,ROC @ NYK,L,0,29,,,,,,30.0,,,,,,,,,,48.0,88,-21,0
21952,1610612752,NYK,New York Knicks,0025200311,1953-03-03,NYK vs. ROC,W,0,35,,,,,,39.0,,,,,,,,,,29.0,109,21,0
21952,1610612747,MNL,Minneapolis Lakers,0025200314,1953-03-03,MNL vs. FTW,W,0,30,,,,,,26.0,,,,,,,,,,19.0,86,18,0
21952,1610612765,FTW,Ft. Wayne Zollner Pistons,0025200314,1953-03-03,FTW @ MNL,L,0,25,,,,,,18.0,,,,,,,,,,22.0,68,-18,0
21952,1610612755,SYR,Syracuse Nationals,0025200313,1953-03-03,SYR @ MIH,L,0,23,,,,,,24.0,,,,,,,,,,25.0,70,-5,0
21952,1610612737,MIH,Milwaukee Hawks,0025200313,1953-03-03,MIH vs. SYR,W,0,23,,,,,,29.0,,,,,,,,,,23.0,75,5,0
21952,1610612744,PHW,Philadelphia Warriors,0025200312,1953-03-03,PHW @ INO,L,0,29,,,,,,15.0,,,,,,,,,,19.0,73,-17,0
21952,1610610030,INO,Indianapolis Olympians,0025200312,1953-03-03,INO vs. PHW,W,0,34,,,,,,22.0,,,,,,,,,,17.0,90,17,0
21952,1610610024,BAL,Baltimore Bullets,0025200310,1953-03-03,BAL @ BOS,L,0,35,,,,,,24.0,,,,,,,,,,33.0,94,-1,0
21952,1610612738,BOS,Boston Celtics,0025200310,1953-03-03,BOS vs. BAL,W,0,33,,,,,,29.0,,,,,,,,,,24.0,95,1,0
21952,1610612738,BOS,Boston Celtics,0025200316,1953-03-04,BOS vs. PHW,W,0,31,,,,,,20.0,,,,,,,,,,21.0,82,7,0
21952,1610612744,PHW,Philadelphia Warriors,0025200316,1953-03-04,PHW @ BOS,L,0,29,,,,,,17.0,,,,,,,,,,25.0,75,-7,0
21952,1610610024,BAL,Baltimore Bullets,0025200315,1953-03-04,BAL vs. ROC,L,0,27,,,,,,23.0,,,,,,,,,,36.0,77,-4,0
21952,1610612758,ROC,Rochester Royals,0025200315,1953-03-04,ROC @ BAL,W,0,26,,,,,,29.0,,,,,,,,,,33.0,81,4,0
21952,1610612765,FTW,Ft. Wayne Zollner Pistons,0025200317,1953-03-04,FTW vs. SYR,L,0,22,,,,,,29.0,,,,,,,,,,30.0,73,-2,0
21952,1610612755,SYR,Syracuse Nationals,0025200317,1953-03-04,SYR @ FTW,W,0,23,,,,,,29.0,,,,,,,,,,30.0,75,2,0
21952,1610610024,BAL,Baltimore Bullets,0025200320,1953-03-05,BAL @ NYK,L,0,24,,,,,,21.0,,,,,,,,,,,69,-11,0
21952,1610612752,NYK,New York Knicks,0025200320,1953-03-05,NYK vs. BAL,W,0,28,,,,,,24.0,,,,,,,,,,,80,11,0
21952,1610612758,ROC,Rochester Royals,0025200319,1953-03-05,ROC @ PHW,L,0,28,,,,,,13.0,,,,,,,,,,28.0,69,-9,0
21952,1610612744,PHW,Philadelphia Warriors,0025200319,1953-03-05,PHW vs. ROC,W,0,27,,,,,,24.0,,,,,,,,,,16.0,78,9,0
21952,1610612755,SYR,Syracuse Nationals,0025200318,1953-03-05,SYR vs. MNL,W,0,28,,,,,,38.0,,,,,,,,,,27.0,94,3,0
21952,1610612747,MNL,Minneapolis Lakers,0025200318,1953-03-05,MNL @ SYR,L,0,33,,,,,,25.0,,,,,,,,,,38.0,91,-3,0
21952,1610612738,BOS,Boston Celtics,0025200321,1953-03-06,BOS vs. MNL,W,0,40,93.0,0.43,,,,20.0,,,,,,,,,,20.0,100,15,0
21952,1610612747,MNL,Minneapolis Lakers,0025200321,1953-03-06,MNL @ BOS,L,0,33,78.0,0.423,,,,19.0,,,,,,,,,,23.0,85,-15,0
21952,1610612755,SYR,Syracuse Nationals,0025200322,1953-03-06,SYR @ NYK,L,0,20,,,,,,26.0,,,,,,,,,,30.0,66,-9,0
21952,1610612752,NYK,New York Knicks,0025200322,1953-03-06,NYK vs. SYR,W,0,26,,,,,,23.0,,,,,,,,,,25.0,75,9,0
21952,1610612765,FTW,Ft. Wayne Zollner Pistons,0025200323,1953-03-06,FTW @ INO,W,0,22,,,,,,29.0,,,,,,,,,,26.0,73,9,0
21952,1610610030,INO,Indianapolis Olympians,0025200323,1953-03-06,INO vs. FTW,L,0,21,,,,,,22.0,,,,,,,,,,29.0,64,-9,0
21952,1610612744,PHW,Philadelphia Warriors,0025200324,1953-03-07,PHW vs. SYR,W,0,30,,,,,,,,,,,,,,,,26.0,88,1,0
21952,1610612755,SYR,Syracuse Nationals,0025200324,1953-03-07,SYR @ PHW,L,0,31,,,,,,25.0,,,,,,,,,,30.0,87,-1,0
21952,1610612758,ROC,Rochester Royals,0025200325,1953-03-07,ROC vs. MNL,W,0,31,,,,,,22.0,,,,,,,,,,17.0,84,2,0
21952,1610612747,MNL,Minneapolis Lakers,0025200325,1953-03-07,MNL @ ROC,L,0,31,,,,,,20.0,,,,,,,,,,26.0,82,-2,0
21952,1610610024,BAL,Baltimore Bullets,0025200326,1953-03-07,BAL vs. FTW,L,0,25,,,,,,31.0,,,,,,,,,,30.0,81,-2,0
21952,1610612765,FTW,Ft. Wayne Zollner Pistons,0025200326,1953-03-07,FTW @ BAL,W,0,27,,,,,,29.0,,,,,,,,,,32.0,83,2,0
21952,1610612752,NYK,New York Knicks,0025200328,1953-03-08,NYK vs. BOS,L,0,26,,,,,,26.0,35.0,0.743,,,,,,,,,78,-11,0
21952,1610612738,BOS,Boston Celtics,0025200328,1953-03-08,BOS @ NYK,W,0,34,,,,,,21.0,32.0,0.656,,,,,,,,,89,11,0
21952,1610612747,MNL,Minneapolis Lakers,0025200329,1953-03-08,MNL vs. MIH,W,0,4,,,,,,18.0,23.0,0.783,,,,,,,,,100,27,0
21952,1610612737,MIH,Milwaukee Hawks,0025200329,1953-03-08,MIH @ MNL,L,0,28,,,,,,17.0,34.0,0.5,,,,,,,,,73,-27,0
21952,1610612765,FTW,Ft. Wayne Zollner Pistons,0025200330,1953-03-08,FTW vs. ROC,L,0,24,,,,,,21.0,29.0,0.724,,,,,,,,,69,-2,0
21952,1610612758,ROC,Rochester Royals,0025200330,1953-03-08,ROC @ FTW,W,0,20,,,,,,31.0,45.0,0.689,,,,,,,,,71,2,0
21952,1610610024,BAL,Baltimore Bullets,0025200327,1953-03-08,BAL @ SYR,L,0,35,,,,,,21.0,,,,,,,,,,43.0,91,-7,0
21952,1610612755,SYR,Syracuse Nationals,0025200327,1953-03-08,SYR vs. BAL,W,0,29,,,,,,40.0,,,,,,,,,,27.0,98,7,0
21952,1610612737,MIH,Milwaukee Hawks,0025200332,1953-03-09,MIH @ FTW,L,0,24,,,,,,26.0,,,,,,,,,,31.0,74,-20,0
21952,1610612765,FTW,Ft. Wayne Zollner Pistons,0025200332,1953-03-09,FTW vs. MIH,W,0,32,,,,,,30.0,,,,,,,,,,26.0,94,20,0
21952,1610610030,INO,Indianapolis Olympians,0025200331,1953-03-09,INO vs. MNL,W,0,29,,,,,,37.0,53.0,0.698,,,,,,,,22.0,95,12,0
21952,1610612747,MNL,Minneapolis Lakers,0025200331,1953-03-09,MNL @ INO,L,0,32,,,,,,19.0,25.0,0.76,,,,,,,,47.0,83,-12,0
21952,1610612737,MIH,Milwaukee Hawks,0025200333,1953-03-10,MIH vs. PHW,W,0,28,,,,,,21.0,,,,,,,,,,20.0,77,1,0
21952,1610612744,PHW,Philadelphia Warriors,0025200333,1953-03-10,PHW @ MIH,L,0,28,,,,,,20.0,,,,,,,,,,22.0,76,-1,0
21952,1610612758,ROC,Rochester Royals,0025200334,1953-03-10,ROC @ INO,W,0,20,,,,,,21.0,,,,,,,,,,26.0,61,2,0
21952,1610610030,INO,Indianapolis Olympians,0025200334,1953-03-10,INO vs. ROC,L,0,18,,,,,,23.0,,,,,,,,,,24.0,59,-2,0
21952,1610612738,BOS,Boston Celtics,0025200336,1953-03-11,BOS vs. FTW,W,0,32,,,,,,34.0,,,,,,,,,,25.0,98,6,0
21952,1610612765,FTW,Ft. Wayne Zollner Pistons,0025200336,1953-03-11,FTW @ BOS,L,0,36,,,,,,20.0,,,,,,,,,,36.0,92,-6,0
21952,1610612752,NYK,New York Knicks,0025200335,1953-03-11,NYK vs. BAL,W,0,33,,,,,,47.0,,,,,,,,,,40.0,113,6,0
21952,1610610024,BAL,Baltimore Bullets,0025200335,1953-03-11,BAL @ NYK,L,0,37,,,,,,33.0,,,,,,,,,,50.0,107,-6,0
21952,1610612737,MIH,Milwaukee Hawks,0025200337,1953-03-11,MIH @ PHW,L,0,28,,,,,,13.0,,,,,,,,,,35.0,69,-3,0
21952,1610612744,PHW,Philadelphia Warriors,0025200337,1953-03-11,PHW vs. MIH,W,0,23,,,,,,26.0,,,,,,,,,,17.0,72,3,0
21952,1610612758,ROC,Rochester Royals,0025200339,1953-03-12,ROC @ MNL,L,0,27,75.0,0.36,,,,23.0,,,,,,,,,,30.0,77,-12,0
21952,1610612747,MNL,Minneapolis Lakers,0025200339,1953-03-12,MNL vs. ROC,W,0,29,72.0,0.403,,,,31.0,,,,,,,,,,26.0,89,12,0
21952,1610612744,PHW,Philadelphia Warriors,0025200338,1953-03-12,PHW vs. NYK,L,0,34,,,,,,17.0,,,,,,,,,,28.0,85,-5,0
21952,1610612752,NYK,New York Knicks,0025200338,1953-03-12,NYK @ PHW,W,0,32,,,,,,26.0,,,,,,,,,,23.0,90,5,0
21952,1610612738,BOS,Boston Celtics,0025200340,1953-03-12,BOS @ SYR,L,0,24,,,,,,22.0,,,,,,,,,,29.0,70,-14,0
21952,1610612755,SYR,Syracuse Nationals,0025200340,1953-03-12,SYR vs. BOS,W,0,30,,,,,,24.0,,,,,,,,,,26.0,84,14,0
21952,1610612744,PHW,Philadelphia Warriors,0025200341,1953-03-13,PHW @ BAL,L,0,23,,,,,,26.0,,,,,,,,,,36.0,72,-26,0
21952,1610610024,BAL,Baltimore Bullets,0025200341,1953-03-13,BAL vs. PHW,W,0,34,,,,,,30.0,,,,,,,,,,29.0,98,26,0
21952,1610610030,INO,Indianapolis Olympians,0025200342,1953-03-13,INO vs. MIH,W,0,16,,,,,,20.0,,,,,,,,,,22.0,52,2,0
21952,1610612737,MIH,Milwaukee Hawks,0025200342,1953-03-13,MIH @ INO,L,0,16,,,,,,18.0,,,,,,,,,,21.0,50,-2,0
21952,1610612752,NYK,New York Knicks,0025200345,1953-03-14,NYK vs. SYR,L,0,23,,,,,,35.0,,,,,,,,,,34.0,81,-14,0
21952,1610612755,SYR,Syracuse Nationals,0025200345,1953-03-14,SYR @ NYK,W,0,31,,,,,,33.0,,,,,,,,,,39.0,95,14,0
21952,1610612758,ROC,Rochester Royals,0025200344,1953-03-14,ROC vs. INO,L,0,28,,,,,,26.0,,,,,,,,,,38.0,82,-8,0
21952,1610610030,INO,Indianapolis Olympians,0025200344,1953-03-14,INO @ ROC,W,0,28,,,,,,34.0,,,,,,,,,,28.0,90,8,0
21952,1610612744,PHW,Philadelphia Warriors,0025200343,1953-03-14,PHW @ BAL,L,0,35,,,,,,15.0,,,,,,,,,,37.0,85,-2,0
21952,1610610024,BAL,Baltimore Bullets,0025200343,1953-03-14,BAL vs. PHW,W,0,32,,,,,,23.0,,,,,,,,,,15.0,87,2,0
21952,1610612744,PHW,Philadelphia Warriors,0025200346,1953-03-15,PHW @ BOS,L,0,35,,,,,,17.0,,,,,,,,,,18.0,87,-16,0
21952,1610612738,BOS,Boston Celtics,0025200346,1953-03-15,BOS vs. PHW,W,0,43,,,,,,17.0,,,,,,,,,,22.0,103,16,0
21952,1610612755,SYR,Syracuse Nationals,0025200349,1953-03-15,SYR vs. INO,W,0,28,,,,,,28.0,,,,,,,,,,22.0,84,16,0
21952,1610610030,INO,Indianapolis Olympians,0025200349,1953-03-15,INO @ SYR,L,0,26,,,,,,16.0,,,,,,,,,,30.0,68,-16,0
21952,1610612765,FTW,Ft. Wayne Zollner Pistons,0025200348,1953-03-15,FTW vs. NYK,W,0,28,,,,,,25.0,,,,,,,,,,19.0,81,12,0
21952,1610612752,NYK,New York Knicks,0025200348,1953-03-15,NYK @ FTW,L,0,23,,,,,,23.0,,,,,,,,,,29.0,69,-12,0
21952,1610612758,ROC,Rochester Royals,0025200347,1953-03-15,ROC vs. BAL,W,0,42,,,,,,21.0,,,,,,,,,,16.0,105,18,0
21952,1610610024,BAL,Baltimore Bullets,0025200347,1953-03-15,BAL @ ROC,L,0,36,,,,,,15.0,,,,,,,,,,23.0,87,-18,0
21952,1610612738,BOS,Boston Celtics,0025200350,1953-03-16,BOS vs. BAL,W,0,35,,,,,,22.0,,,,,,,,,,23.0,92,14,0
21952,1610610024,BAL,Baltimore Bullets,0025200350,1953-03-16,BAL @ BOS,L,0,29,,,,,,20.0,,,,,,,,,,25.0,78,-14,0
21952,1610612738,BOS,Boston Celtics,0025200352,1953-03-17,BOS @ SYR,L,0,20,,,,,,28.0,,,,,,,,,,35.0,68,-4,0
21952,1610612755,SYR,Syracuse Nationals,0025200352,1953-03-17,SYR vs. BOS,W,0,19,,,,,,34.0,,,,,,,,,,31.0,72,4,0
21952,1610612765,FTW,Ft. Wayne Zollner Pistons,0025200353,1953-03-17,FTW @ MIH,L,0,18,,,,,,25.0,,,,,,,,,,43.0,61,-26,0
21952,1610612737,MIH,Milwaukee Hawks,0025200353,1953-03-17,MIH vs. FTW,W,0,24,,,,,,39.0,,,,,,,,,,31.0,87,26,0
21952,1610610030,INO,Indianapolis Olympians,0025200351,1953-03-17,INO vs. MNL,L,0,21,,,,,,20.0,,,,,,,,,,24.0,71,-2,0
21952,1610612747,MNL,Minneapolis Lakers,0025200351,1953-03-17,MNL @ INO,W,0,26,,,,,,21.0,,,,,,,,,,29.0,73,2,0
21952,1610612737,MIH,Milwaukee Hawks,0025200354,1953-03-18,MIH vs. INO,L,0,24,,,,,,21.0,,,,,,,,,,37.0,69,-5,0
21952,1610610030,INO,Indianapolis Olympians,0025200354,1953-03-18,INO @ MIH,W,0,24,,,,,,26.0,,,,,,,,,,28.0,74,5,0
