GAME_ID,EVENTNUM,EVENTMSGTYPE,EVENTMSGACTIONTYPE,PERIOD,WCTIMESTRING,PCTIMESTRING,HOMEDESCRIPTION,NEUTRALDESCRIPTION,VISITORDESCRIPTION,SCORE,SCOREMARGIN,PERSON1TYPE,PLAYER1_ID,PLAYER1_NAME,PLAYER1_TEAM_ID,PLAYER1_TEAM_CITY,PLAYER1_TEAM_NICKNAME,PLAYER1_TEAM_ABBREVIATION,PERSON2TYPE,PLAYER2_ID,PLAYER2_NAME,PLAYER2_TEAM_ID,PLAYER2_TEAM_CITY,PLAYER2_TEAM_NICKNAME,PLAYER2_TEAM_ABBREVIATION,PERSON3TYPE,PLAYER3_ID,PLAYER3_NAME,PLAYER3_TEAM_ID,PLAYER3_TEAM_CITY,PLAYER3_TEAM_NICKNAME,PLAYER3_TEAM_ABBREVIATION,VIDEO_AVAILABLE_FLAG
0020200516,0,12,0,1,10:45 PM,12:00,,,,,,0,0,,,,,,0,0,,,,,,0,0,,,,,,0
0020200516,1,10,0,1,10:45 PM,12:00,Jump Ball O'Neal vs. Ilgauskas: Tip to Hill,,,,,4,406,Shaquille O'Neal,1610612747.0,Los Angeles,Lakers,LAL,5,980,Zydrunas Ilgauskas,1610612739.0,Cleveland,Cavaliers,CLE,5,238,Tyrone Hill,1610612739.0,Cleveland,Cavaliers,CLE,0
0020200516,2,1,47,1,10:45 PM,11:45,,,Ilgauskas 10' Turnaround Jump Shot (2 PTS) (Parker 1 AST),2 - 0,-2,5,980,Zydrunas Ilgauskas,1610612739.0,Cleveland,Cavaliers,CLE,5,2470,Smush Parker,1610612739.0,Cleveland,Cavaliers,CLE,0,0,,,,,,0
0020200516,3,2,1,1,10:45 PM,11:31,MISS Walker 12' Jump Shot,,,,,4,955,Samaki Walker,1610612747.0,Los Angeles,Lakers,LAL,0,0,,,,,,0,0,,,,,,0
0020200516,5,4,0,1,10:45 PM,11:29,O'Neal REBOUND (Off:1 Def:0),,,,,4,406,Shaquille O'Neal,1610612747.0,Los Angeles,Lakers,LAL,0,0,,,,,,0,0,,,,,,0
0020200516,4,2,4,1,10:45 PM,11:29,MISS O'Neal  Tip Shot,,,,,4,406,Shaquille O'Neal,1610612747.0,Los Angeles,Lakers,LAL,0,0,,,,,,0,0,,,,,,0
0020200516,7,4,0,1,10:45 PM,11:28,O'Neal REBOUND (Off:2 Def:0),,,,,4,406,Shaquille O'Neal,1610612747.0,Los Angeles,Lakers,LAL,0,0,,,,,,0,0,,,,,,0
0020200516,6,1,7,1,10:45 PM,11:28,O'Neal  Dunk (2 PTS),,,2 - 2,TIE,4,406,Shaquille O'Neal,1610612747.0,Los Angeles,Lakers,LAL,0,0,,,,,,0,0,,,,,,0
0020200516,8,1,3,1,10:46 PM,11:13,,,Ilgauskas 7' Hook Shot (4 PTS) (Hill 1 AST),4 - 2,-2,5,980,Zydrunas Ilgauskas,1610612739.0,Cleveland,Cavaliers,CLE,5,238,Tyrone Hill,1610612739.0,Cleveland,Cavaliers,CLE,0,0,,,,,,0
0020200516,9,2,1,1,10:46 PM,11:01,MISS Bryant 15' Jump Shot,,,,,4,977,Kobe Bryant,1610612747.0,Los Angeles,Lakers,LAL,0,0,,,,,,0,0,,,,,,0
0020200516,10,4,0,1,10:46 PM,11:00,,,Miles REBOUND (Off:0 Def:1),,,5,2032,Darius Miles,1610612739.0,Cleveland,Cavaliers,CLE,0,0,,,,,,0,0,,,,,,0
0020200516,11,5,2,1,10:46 PM,10:57,Bryant STEAL (1 STL),,Miles Lost Ball Turnover (P1.T1),,,5,2032,Darius Miles,1610612739.0,Cleveland,Cavaliers,CLE,4,977,Kobe Bryant,1610612747.0,Los Angeles,Lakers,LAL,0,0,,,,,,0
0020200516,12,1,1,1,10:46 PM,10:50,Fisher 19' Jump Shot (2 PTS) (Fox 1 AST),,,4 - 4,TIE,4,965,Derek Fisher,1610612747.0,Los Angeles,Lakers,LAL,4,296,Rick Fox,1610612747.0,Los Angeles,Lakers,LAL,0,0,,,,,,0
0020200516,13,6,2,1,10:46 PM,10:36,O'Neal S.FOUL (P1.T1),,,,,4,406,Shaquille O'Neal,1610612747.0,Los Angeles,Lakers,LAL,0,0,,,,,,1,0,,,,,,0
0020200516,14,3,11,1,10:47 PM,10:36,,,MISS Ilgauskas Free Throw 1 of 2,,,5,980,Zydrunas Ilgauskas,1610612739.0,Cleveland,Cavaliers,CLE,0,0,,,,,,0,0,,,,,,0
0020200516,15,4,1,1,10:47 PM,10:36,,,Cavaliers Rebound,,,3,1610612739,,,,,,0,0,,,,,,0,0,,,,,,0
0020200516,16,3,12,1,10:47 PM,10:36,,,MISS Ilgauskas Free Throw 2 of 2,,,5,980,Zydrunas Ilgauskas,1610612739.0,Cleveland,Cavaliers,CLE,0,0,,,,,,0,0,,,,,,0
0020200516,17,4,0,1,10:47 PM,10:34,Walker REBOUND (Off:0 Def:1),,,,,4,955,Samaki Walker,1610612747.0,Los Angeles,Lakers,LAL,0,0,,,,,,0,0,,,,,,0
0020200516,18,5,1,1,10:47 PM,10:25,Fisher Bad Pass Turnover (P1.T1),,Miles STEAL (1 STL),,,4,965,Derek Fisher,1610612747.0,Los Angeles,Lakers,LAL,5,2032,Darius Miles,1610612739.0,Cleveland,Cavaliers,CLE,0,0,,,,,,0
0020200516,19,1,7,1,10:47 PM,10:21,,,Davis  Dunk (2 PTS) (Miles 1 AST),6 - 4,-2,5,1729,Ricky Davis,1610612739.0,Cleveland,Cavaliers,CLE,5,2032,Darius Miles,1610612739.0,Cleveland,Cavaliers,CLE,0,0,,,,,,0
0020200516,20,1,8,1,10:47 PM,10:12,Walker  Slam Dunk (2 PTS) (Bryant 1 AST),,,6 - 6,TIE,4,955,Samaki Walker,1610612747.0,Los Angeles,Lakers,LAL,4,977,Kobe Bryant,1610612747.0,Los Angeles,Lakers,LAL,0,0,,,,,,0
0020200516,21,2,42,1,10:48 PM,9:59,O'Neal BLOCK (1 BLK),,MISS Parker  Driving Layup,,,5,2470,Smush Parker,1610612739.0,Cleveland,Cavaliers,CLE,0,0,,,,,,4,406,Shaquille O'Neal,1610612747.0,Los Angeles,Lakers,LAL,0
0020200516,22,4,0,1,10:48 PM,9:57,O'Neal REBOUND (Off:2 Def:1),,,,,4,406,Shaquille O'Neal,1610612747.0,Los Angeles,Lakers,LAL,0,0,,,,,,0,0,,,,,,0
0020200516,23,6,1,1,10:48 PM,9:46,,,Parker P.FOUL (P1.T1),,,5,2470,Smush Parker,1610612739.0,Cleveland,Cavaliers,CLE,0,0,,,,,,1,0,,,,,,0
0020200516,24,1,3,1,10:48 PM,9:35,O'Neal 9' Hook Shot (4 PTS) (Bryant 2 AST),,,6 - 8,2,4,406,Shaquille O'Neal,1610612747.0,Los Angeles,Lakers,LAL,4,977,Kobe Bryant,1610612747.0,Los Angeles,Lakers,LAL,0,0,,,,,,0
0020200516,25,2,1,1,10:49 PM,9:14,,,MISS Ilgauskas 11' Jump Shot,,,5,980,Zydrunas Ilgauskas,1610612739.0,Cleveland,Cavaliers,CLE,0,0,,,,,,0,0,,,,,,0
0020200516,26,4,0,1,10:49 PM,9:12,Walker REBOUND (Off:0 Def:2),,,,,4,955,Samaki Walker,1610612747.0,Los Angeles,Lakers,LAL,0,0,,,,,,0,0,,,,,,0
0020200516,27,6,1,1,10:49 PM,9:09,,,Ilgauskas P.FOUL (P1.T2),,,5,980,Zydrunas Ilgauskas,1610612739.0,Cleveland,Cavaliers,CLE,0,0,,,,,,1,0,,,,,,0
0020200516,29,6,1,1,10:49 PM,9:01,,,Parker P.FOUL (P2.T3),,,5,2470,Smush Parker,1610612739.0,Cleveland,Cavaliers,CLE,0,0,,,,,,1,0,,,,,,0
0020200516,30,8,0,1,10:50 PM,9:01,,,SUB: Palacio FOR Parker,,,5,2470,Smush Parker,1610612739.0,Cleveland,Cavaliers,CLE,5,1960,Milt Palacio,1610612739.0,Cleveland,Cavaliers,CLE,0,0,,,,,,0
0020200516,31,2,1,1,10:50 PM,8:53,MISS O'Neal 6' Jump Shot,,,,,4,406,Shaquille O'Neal,1610612747.0,Los Angeles,Lakers,LAL,0,0,,,,,,0,0,,,,,,0
0020200516,33,4,0,1,10:50 PM,8:51,Walker REBOUND (Off:1 Def:2),,,,,4,955,Samaki Walker,1610612747.0,Los Angeles,Lakers,LAL,0,0,,,,,,0,0,,,,,,0
0020200516,32,1,8,1,10:50 PM,8:51,Walker  Slam Dunk (4 PTS),,,6 - 10,4,4,955,Samaki Walker,1610612747.0,Los Angeles,Lakers,LAL,0,0,,,,,,0,0,,,,,,0
0020200516,34,2,1,1,10:50 PM,8:25,,,MISS Hill 17' Jump Shot,,,5,238,Tyrone Hill,1610612739.0,Cleveland,Cavaliers,CLE,0,0,,,,,,0,0,,,,,,0
0020200516,36,4,0,1,10:51 PM,8:23,,,Miles REBOUND (Off:1 Def:1),,,5,2032,Darius Miles,1610612739.0,Cleveland,Cavaliers,CLE,0,0,,,,,,0,0,,,,,,0
0020200516,35,1,1,1,10:51 PM,8:23,,,Miles 5' Jump Shot (2 PTS),8 - 10,2,5,2032,Darius Miles,1610612739.0,Cleveland,Cavaliers,CLE,0,0,,,,,,0,0,,,,,,0
0020200516,37,1,42,1,10:51 PM,8:00,Walker  Driving Layup (6 PTS) (O'Neal 1 AST),,,8 - 12,4,4,955,Samaki Walker,1610612747.0,Los Angeles,Lakers,LAL,4,406,Shaquille O'Neal,1610612747.0,Los Angeles,Lakers,LAL,0,0,,,,,,0
0020200516,38,1,1,1,10:51 PM,7:45,,,Davis 25' 3PT Jump Shot (5 PTS),11 - 12,1,5,1729,Ricky Davis,1610612739.0,Cleveland,Cavaliers,CLE,0,0,,,,,,0,0,,,,,,0
0020200516,39,6,1,1,10:51 PM,7:31,,,Hill P.FOUL (P1.T4),,,5,238,Tyrone Hill,1610612739.0,Cleveland,Cavaliers,CLE,0,0,,,,,,1,0,,,,,,0
0020200516,40,2,1,1,10:52 PM,7:21,MISS O'Neal 10' Jump Shot,,,,,4,406,Shaquille O'Neal,1610612747.0,Los Angeles,Lakers,LAL,0,0,,,,,,0,0,,,,,,0
0020200516,41,4,0,1,10:52 PM,7:18,,,Hill REBOUND (Off:0 Def:1),,,5,238,Tyrone Hill,1610612739.0,Cleveland,Cavaliers,CLE,0,0,,,,,,0,0,,,,,,0
0020200516,42,2,1,1,10:52 PM,7:08,O'Neal BLOCK (2 BLK),,MISS Ilgauskas 6' Jump Shot,,,5,980,Zydrunas Ilgauskas,1610612739.0,Cleveland,Cavaliers,CLE,0,0,,,,,,4,406,Shaquille O'Neal,1610612747.0,Los Angeles,Lakers,LAL,0
0020200516,43,4,0,1,10:52 PM,7:06,Bryant REBOUND (Off:0 Def:1),,,,,4,977,Kobe Bryant,1610612747.0,Los Angeles,Lakers,LAL,0,0,,,,,,0,0,,,,,,0
0020200516,44,5,1,1,10:52 PM,7:01,Fisher Bad Pass Turnover (P2.T2),,Hill STEAL (1 STL),,,4,965,Derek Fisher,1610612747.0,Los Angeles,Lakers,LAL,5,238,Tyrone Hill,1610612739.0,Cleveland,Cavaliers,CLE,0,0,,,,,,0
0020200516,45,2,1,1,10:52 PM,6:56,,,MISS Palacio 15' Jump Shot,,,5,1960,Milt Palacio,1610612739.0,Cleveland,Cavaliers,CLE,0,0,,,,,,0,0,,,,,,0
0020200516,46,4,0,1,10:52 PM,6:54,Bryant REBOUND (Off:0 Def:2),,,,,4,977,Kobe Bryant,1610612747.0,Los Angeles,Lakers,LAL,0,0,,,,,,0,0,,,,,,0
0020200516,47,1,8,1,10:52 PM,6:50,O'Neal  Slam Dunk (6 PTS) (Fox 2 AST),,,11 - 14,3,4,406,Shaquille O'Neal,1610612747.0,Los Angeles,Lakers,LAL,4,296,Rick Fox,1610612747.0,Los Angeles,Lakers,LAL,0,0,,,,,,0
0020200516,48,2,1,1,10:53 PM,6:30,,,MISS Davis 7' Jump Shot,,,5,1729,Ricky Davis,1610612739.0,Cleveland,Cavaliers,CLE,0,0,,,,,,0,0,,,,,,0
0020200516,49,4,0,1,10:53 PM,6:29,,,Ilgauskas REBOUND (Off:1 Def:0),,,5,980,Zydrunas Ilgauskas,1610612739.0,Cleveland,Cavaliers,CLE,0,0,,,,,,0,0,,,,,,0
0020200516,50,6,2,1,10:53 PM,6:29,Walker S.FOUL (P1.T2),,,,,4,955,Samaki Walker,1610612747.0,Los Angeles,Lakers,LAL,0,0,,,,,,1,0,,,,,,0
0020200516,51,3,11,1,10:53 PM,6:29,,,Ilgauskas Free Throw 1 of 2 (5 PTS),12 - 14,2,5,980,Zydrunas Ilgauskas,1610612739.0,Cleveland,Cavaliers,CLE,0,0,,,,,,0,0,,,,,,0
0020200516,52,3,12,1,10:53 PM,6:29,,,Ilgauskas Free Throw 2 of 2 (6 PTS),13 - 14,1,5,980,Zydrunas Ilgauskas,1610612739.0,Cleveland,Cavaliers,CLE,0,0,,,,,,0,0,,,,,,0
0020200516,54,5,1,1,10:54 PM,6:13,Bryant Bad Pass Turnover (P1.T3),,,,,4,977,Kobe Bryant,1610612747.0,Los Angeles,Lakers,LAL,0,0,,,,,,0,0,,,,,,0
0020200516,55,1,46,1,10:54 PM,6:01,,,Davis 16' Running Jump Shot (7 PTS),15 - 14,-1,5,1729,Ricky Davis,1610612739.0,Cleveland,Cavaliers,CLE,0,0,,,,,,0,0,,,,,,0
0020200516,56,6,1,1,10:54 PM,5:41,,,Hill P.FOUL (P2.PN),,,5,238,Tyrone Hill,1610612739.0,Cleveland,Cavaliers,CLE,0,0,,,,,,1,0,,,,,,0
0020200516,57,9,1,1,10:55 PM,5:41,LAKERS Timeout: Regular (Full 1 Short 0),,,,,2,1610612747,,,,,,0,0,,,,,,0,0,,,,,,0
0020200516,59,3,11,1,10:57 PM,5:41,O'Neal Free Throw 1 of 2 (7 PTS),,,15 - 15,TIE,4,406,Shaquille O'Neal,1610612747.0,Los Angeles,Lakers,LAL,0,0,,,,,,0,0,,,,,,0
0020200516,62,3,12,1,10:58 PM,5:41,O'Neal Free Throw 2 of 2 (8 PTS),,,15 - 16,1,4,406,Shaquille O'Neal,1610612747.0,Los Angeles,Lakers,LAL,0,0,,,,,,0,0,,,,,,0
0020200516,64,5,2,1,10:58 PM,5:20,,,Davis Lost Ball Turnover (P1.T2),,,5,1729,Ricky Davis,1610612739.0,Cleveland,Cavaliers,CLE,0,0,,,,,,0,0,,,,,,0
0020200516,65,2,1,1,10:58 PM,5:14,MISS Bryant 25' 3PT Jump Shot,,,,,4,977,Kobe Bryant,1610612747.0,Los Angeles,Lakers,LAL,0,0,,,,,,0,0,,,,,,0
0020200516,66,4,0,1,10:59 PM,5:12,,,Hill REBOUND (Off:0 Def:2),,,5,238,Tyrone Hill,1610612739.0,Cleveland,Cavaliers,CLE,0,0,,,,,,0,0,,,,,,0
0020200516,67,2,1,1,10:59 PM,5:04,,,MISS Ilgauskas 11' Jump Shot,,,5,980,Zydrunas Ilgauskas,1610612739.0,Cleveland,Cavaliers,CLE,0,0,,,,,,0,0,,,,,,0
0020200516,69,4,0,1,10:59 PM,5:01,,,Hill REBOUND (Off:1 Def:2),,,5,238,Tyrone Hill,1610612739.0,Cleveland,Cavaliers,CLE,0,0,,,,,,0,0,,,,,,0
0020200516,68,2,4,1,10:59 PM,5:01,,,MISS Hill  Tip Shot,,,5,238,Tyrone Hill,1610612739.0,Cleveland,Cavaliers,CLE,0,0,,,,,,0,0,,,,,,0
0020200516,70,4,0,1,10:59 PM,4:59,Fox REBOUND (Off:0 Def:1),,,,,4,296,Rick Fox,1610612747.0,Los Angeles,Lakers,LAL,0,0,,,,,,0,0,,,,,,0
0020200516,71,5,1,1,10:59 PM,4:57,Fox Bad Pass Turnover (P1.T4),,Davis STEAL (1 STL),,,4,296,Rick Fox,1610612747.0,Los Angeles,Lakers,LAL,5,1729,Ricky Davis,1610612739.0,Cleveland,Cavaliers,CLE,0,0,,,,,,0
0020200516,72,5,1,1,10:59 PM,4:51,Walker STEAL (1 STL),,Davis Bad Pass Turnover (P2.T3),,,5,1729,Ricky Davis,1610612739.0,Cleveland,Cavaliers,CLE,4,955,Samaki Walker,1610612747.0,Los Angeles,Lakers,LAL,0,0,,,,,,0
0020200516,73,6,17,1,10:59 PM,4:35,,,Cavaliers T.Foul (Def. 3 Sec Ilgauskas ),,,5,980,Zydrunas Ilgauskas,1610612739.0,Cleveland,Cavaliers,CLE,0,0,,,,,,1,0,,,,,,0
0020200516,74,3,16,1,11:00 PM,4:35,MISS Bryant Free Throw Technical,,,,,4,977,Kobe Bryant,1610612747.0,Los Angeles,Lakers,LAL,0,0,,,,,,0,0,,,,,,0
0020200516,75,4,1,1,11:00 PM,4:35,LAKERS Rebound,,,,,2,1610612747,,,,,,0,0,,,,,,0,0,,,,,,0
0020200516,76,8,0,1,11:00 PM,4:35,,,SUB: Diop FOR Ilgauskas,,,5,980,Zydrunas Ilgauskas,1610612739.0,Cleveland,Cavaliers,CLE,5,2205,DeSagana Diop,1610612739.0,Cleveland,Cavaliers,CLE,0,0,,,,,,0
0020200516,77,1,5,1,11:00 PM,4:33,O'Neal  Layup (10 PTS) (Fox 3 AST),,,15 - 18,3,4,406,Shaquille O'Neal,1610612747.0,Los Angeles,Lakers,LAL,4,296,Rick Fox,1610612747.0,Los Angeles,Lakers,LAL,0,0,,,,,,0
0020200516,78,1,1,1,11:00 PM,4:07,,,Palacio 15' Jump Shot (2 PTS) (Davis 1 AST),17 - 18,1,5,1960,Milt Palacio,1610612739.0,Cleveland,Cavaliers,CLE,5,1729,Ricky Davis,1610612739.0,Cleveland,Cavaliers,CLE,0,0,,,,,,0
0020200516,79,2,1,1,11:00 PM,3:54,MISS Fox  3PT Jump Shot,,,,,4,296,Rick Fox,1610612747.0,Los Angeles,Lakers,LAL,0,0,,,,,,0,0,,,,,,0
0020200516,80,4,0,1,11:00 PM,3:52,,,Miles REBOUND (Off:1 Def:2),,,5,2032,Darius Miles,1610612739.0,Cleveland,Cavaliers,CLE,0,0,,,,,,0,0,,,,,,0
0020200516,81,2,1,1,11:01 PM,3:40,,,MISS Davis 11' Jump Shot,,,5,1729,Ricky Davis,1610612739.0,Cleveland,Cavaliers,CLE,0,0,,,,,,0,0,,,,,,0
0020200516,82,4,0,1,11:01 PM,3:39,Walker REBOUND (Off:1 Def:3),,,,,4,955,Samaki Walker,1610612747.0,Los Angeles,Lakers,LAL,0,0,,,,,,0,0,,,,,,0
0020200516,83,5,1,1,11:01 PM,3:33,Fisher Bad Pass Turnover (P3.T5),,,,,4,965,Derek Fisher,1610612747.0,Los Angeles,Lakers,LAL,0,0,,,,,,0,0,,,,,,0
0020200516,85,5,1,1,11:01 PM,3:20,O'Neal STEAL (1 STL),,Davis Bad Pass Turnover (P3.T4),,,5,1729,Ricky Davis,1610612739.0,Cleveland,Cavaliers,CLE,4,406,Shaquille O'Neal,1610612747.0,Los Angeles,Lakers,LAL,0,0,,,,,,0
0020200516,86,1,7,1,11:01 PM,3:16,Bryant  Dunk (2 PTS) (O'Neal 2 AST),,,17 - 20,3,4,977,Kobe Bryant,1610612747.0,Los Angeles,Lakers,LAL,4,406,Shaquille O'Neal,1610612747.0,Los Angeles,Lakers,LAL,0,0,,,,,,0
0020200516,87,5,3,1,11:02 PM,2:52,,,Palacio Out Of Bounds Turnover (P1.T5),,,5,1960,Milt Palacio,1610612739.0,Cleveland,Cavaliers,CLE,0,0,,,,,,1,0,,,,,,0
0020200516,88,9,1,1,11:02 PM,2:52,,,Cavaliers Timeout: Regular (Reg.1 Short 0),,,3,1610612739,,,,,,0,0,,,,,,0,0,,,,,,0
0020200516,90,8,0,1,11:04 PM,2:52,,,SUB: Boozer FOR Hill,,,5,238,Tyrone Hill,1610612739.0,Cleveland,Cavaliers,CLE,5,2430,Carlos Boozer,1610612739.0,Cleveland,Cavaliers,CLE,0,0,,,,,,0
0020200516,91,8,0,1,11:04 PM,2:52,SUB: Horry FOR Walker,,,,,4,955,Samaki Walker,1610612747.0,Los Angeles,Lakers,LAL,4,109,Robert Horry,1610612747.0,Los Angeles,Lakers,LAL,0,0,,,,,,0
0020200516,92,8,0,1,11:04 PM,2:52,SUB: Rush FOR Fisher,,,,,4,965,Derek Fisher,1610612747.0,Los Angeles,Lakers,LAL,4,2416,Kareem Rush,1610612747.0,Los Angeles,Lakers,LAL,0,0,,,,,,0
0020200516,93,5,1,1,11:04 PM,2:41,Bryant Bad Pass Turnover (P2.T6),,Diop STEAL (1 STL),,,4,977,Kobe Bryant,1610612747.0,Los Angeles,Lakers,LAL,5,2205,DeSagana Diop,1610612739.0,Cleveland,Cavaliers,CLE,0,0,,,,,,0
0020200516,94,2,1,1,11:05 PM,2:21,,,MISS Davis 15' Jump Shot,,,5,1729,Ricky Davis,1610612739.0,Cleveland,Cavaliers,CLE,0,0,,,,,,0,0,,,,,,0
0020200516,95,4,0,1,11:05 PM,2:19,Fox REBOUND (Off:0 Def:2),,,,,4,296,Rick Fox,1610612747.0,Los Angeles,Lakers,LAL,0,0,,,,,,0,0,,,,,,0
0020200516,96,2,5,1,11:05 PM,2:07,MISS Bryant  Layup,,Diop BLOCK (1 BLK),,,4,977,Kobe Bryant,1610612747.0,Los Angeles,Lakers,LAL,0,0,,,,,,5,2205,DeSagana Diop,1610612739.0,Cleveland,Cavaliers,CLE,0
0020200516,97,4,0,1,11:05 PM,2:05,,,Palacio REBOUND (Off:0 Def:1),,,5,1960,Milt Palacio,1610612739.0,Cleveland,Cavaliers,CLE,0,0,,,,,,0,0,,,,,,0
0020200516,98,6,1,1,11:05 PM,2:03,Rush P.FOUL (P1.T3),,,,,4,2416,Kareem Rush,1610612747.0,Los Angeles,Lakers,LAL,0,0,,,,,,1,0,,,,,,0
0020200516,99,8,0,1,11:05 PM,2:03,,,SUB: Wagner FOR Miles,,,5,2032,Darius Miles,1610612739.0,Cleveland,Cavaliers,CLE,5,2402,Dajuan Wagner,1610612739.0,Cleveland,Cavaliers,CLE,0,0,,,,,,0
0020200516,100,3,11,1,11:05 PM,2:03,,,MISS Palacio Free Throw 1 of 2,,,5,1960,Milt Palacio,1610612739.0,Cleveland,Cavaliers,CLE,0,0,,,,,,0,0,,,,,,0
0020200516,101,4,1,1,11:05 PM,2:03,,,Cavaliers Rebound,,,3,1610612739,,,,,,0,0,,,,,,0,0,,,,,,0
0020200516,102,8,0,1,11:06 PM,2:03,SUB: George FOR Fox,,,,,4,296,Rick Fox,1610612747.0,Los Angeles,Lakers,LAL,4,1904,Devean George,1610612747.0,Los Angeles,Lakers,LAL,0,0,,,,,,0
0020200516,103,8,0,1,11:06 PM,2:03,SUB: Fisher FOR Bryant,,,,,4,977,Kobe Bryant,1610612747.0,Los Angeles,Lakers,LAL,4,965,Derek Fisher,1610612747.0,Los Angeles,Lakers,LAL,0,0,,,,,,0
0020200516,104,3,12,1,11:06 PM,2:03,,,MISS Palacio Free Throw 2 of 2,,,5,1960,Milt Palacio,1610612739.0,Cleveland,Cavaliers,CLE,0,0,,,,,,0,0,,,,,,0
0020200516,105,4,0,1,11:06 PM,2:02,O'Neal REBOUND (Off:2 Def:2),,,,,4,406,Shaquille O'Neal,1610612747.0,Los Angeles,Lakers,LAL,0,0,,,,,,0,0,,,,,,0
0020200516,106,6,2,1,11:06 PM,1:46,,,Diop S.FOUL (P1.PN),,,5,2205,DeSagana Diop,1610612739.0,Cleveland,Cavaliers,CLE,0,0,,,,,,1,0,,,,,,0
0020200516,107,3,11,1,11:06 PM,1:46,O'Neal Free Throw 1 of 2 (11 PTS),,,17 - 21,4,4,406,Shaquille O'Neal,1610612747.0,Los Angeles,Lakers,LAL,0,0,,,,,,0,0,,,,,,0
0020200516,108,3,12,1,11:07 PM,1:46,O'Neal Free Throw 2 of 2 (12 PTS),,,17 - 22,5,4,406,Shaquille O'Neal,1610612747.0,Los Angeles,Lakers,LAL,0,0,,,,,,0,0,,,,,,0
0020200516,109,1,1,1,11:07 PM,1:35,,,Boozer 19' Jump Shot (2 PTS) (Wagner 1 AST),19 - 22,3,5,2430,Carlos Boozer,1610612739.0,Cleveland,Cavaliers,CLE,5,2402,Dajuan Wagner,1610612739.0,Cleveland,Cavaliers,CLE,0,0,,,,,,0
0020200516,110,2,5,1,11:07 PM,1:18,MISS Horry  Layup,,Diop BLOCK (2 BLK),,,4,109,Robert Horry,1610612747.0,Los Angeles,Lakers,LAL,0,0,,,,,,5,2205,DeSagana Diop,1610612739.0,Cleveland,Cavaliers,CLE,0
0020200516,111,4,0,1,11:07 PM,1:16,,,Wagner REBOUND (Off:0 Def:1),,,5,2402,Dajuan Wagner,1610612739.0,Cleveland,Cavaliers,CLE,0,0,,,,,,0,0,,,,,,0
0020200516,112,1,46,1,11:07 PM,1:13,,,Wagner 10' Running Jump Shot (2 PTS),21 - 22,1,5,2402,Dajuan Wagner,1610612739.0,Cleveland,Cavaliers,CLE,0,0,,,,,,0,0,,,,,,0
0020200516,113,2,5,1,11:08 PM,0:59,MISS O'Neal  Layup,,,,,4,406,Shaquille O'Neal,1610612747.0,Los Angeles,Lakers,LAL,0,0,,,,,,0,0,,,,,,0
0020200516,114,4,0,1,11:08 PM,0:57,,,Diop REBOUND (Off:0 Def:1),,,5,2205,DeSagana Diop,1610612739.0,Cleveland,Cavaliers,CLE,0,0,,,,,,0,0,,,,,,0
0020200516,115,1,1,1,11:08 PM,0:46,,,Davis 24' 3PT Jump Shot (10 PTS),24 - 22,-2,5,1729,Ricky Davis,1610612739.0,Cleveland,Cavaliers,CLE,0,0,,,,,,0,0,,,,,,0
0020200516,116,6,1,1,11:08 PM,0:40,,,Boozer P.FOUL (P1.PN),,,5,2430,Carlos Boozer,1610612739.0,Cleveland,Cavaliers,CLE,0,0,,,,,,1,0,,,,,,0
0020200516,117,3,11,1,11:08 PM,0:40,O'Neal Free Throw 1 of 2 (13 PTS),,,24 - 23,-1,4,406,Shaquille O'Neal,1610612747.0,Los Angeles,Lakers,LAL,0,0,,,,,,0,0,,,,,,0
0020200516,118,3,12,1,11:09 PM,0:40,O'Neal Free Throw 2 of 2 (14 PTS),,,24 - 24,TIE,4,406,Shaquille O'Neal,1610612747.0,Los Angeles,Lakers,LAL,0,0,,,,,,0,0,,,,,,0
0020200516,119,2,1,1,11:09 PM,0:27,,,MISS Wagner 25' 3PT Jump Shot,,,5,2402,Dajuan Wagner,1610612739.0,Cleveland,Cavaliers,CLE,0,0,,,,,,0,0,,,,,,0
0020200516,120,4,0,1,11:09 PM,0:25,O'Neal REBOUND (Off:2 Def:3),,,,,4,406,Shaquille O'Neal,1610612747.0,Los Angeles,Lakers,LAL,0,0,,,,,,0,0,,,,,,0
0020200516,121,1,1,1,11:09 PM,0:08,George  3PT Jump Shot (3 PTS) (Rush 1 AST),,,24 - 27,3,4,1904,Devean George,1610612747.0,Los Angeles,Lakers,LAL,4,2416,Kareem Rush,1610612747.0,Los Angeles,Lakers,LAL,0,0,,,,,,0
0020200516,122,1,1,1,11:10 PM,0:00,,,Davis 22' Jump Shot (12 PTS),26 - 27,1,5,1729,Ricky Davis,1610612739.0,Cleveland,Cavaliers,CLE,0,0,,,,,,0,0,,,,,,0
0020200516,124,13,0,1,11:12 PM,0:00,,,,26 - 27,1,0,0,,,,,,0,0,,,,,,0,0,,,,,,0
0020200516,125,12,0,2,11:13 PM,12:00,,,,26 - 27,1,0,0,,,,,,0,0,,,,,,0,0,,,,,,0
0020200516,126,2,1,2,11:13 PM,11:44,MISS Rush 20' Jump Shot,,,,,4,2416,Kareem Rush,1610612747.0,Los Angeles,Lakers,LAL,0,0,,,,,,0,0,,,,,,0
0020200516,127,4,0,2,11:13 PM,11:40,George REBOUND (Off:1 Def:0),,,,,4,1904,Devean George,1610612747.0,Los Angeles,Lakers,LAL,0,0,,,,,,0,0,,,,,,0
0020200516,128,5,1,2,11:13 PM,11:38,Bryant Bad Pass Turnover (P3.T7),,,,,4,977,Kobe Bryant,1610612747.0,Los Angeles,Lakers,LAL,0,0,,,,,,0,0,,,,,,0
0020200516,129,2,5,2,11:13 PM,11:24,,,MISS Wagner  Layup,,,5,2402,Dajuan Wagner,1610612739.0,Cleveland,Cavaliers,CLE,0,0,,,,,,0,0,,,,,,0
0020200516,130,4,0,2,11:13 PM,11:23,Walker REBOUND (Off:1 Def:4),,,,,4,955,Samaki Walker,1610612747.0,Los Angeles,Lakers,LAL,0,0,,,,,,0,0,,,,,,0
0020200516,131,1,1,2,11:14 PM,11:08,Walker 16' Jump Shot (8 PTS) (Bryant 3 AST),,,26 - 29,3,4,955,Samaki Walker,1610612747.0,Los Angeles,Lakers,LAL,4,977,Kobe Bryant,1610612747.0,Los Angeles,Lakers,LAL,0,0,,,,,,0
0020200516,132,1,1,2,11:14 PM,10:54,,,Palacio 19' Jump Shot (4 PTS) (Davis 2 AST),28 - 29,1,5,1960,Milt Palacio,1610612739.0,Cleveland,Cavaliers,CLE,5,1729,Ricky Davis,1610612739.0,Cleveland,Cavaliers,CLE,0,0,,,,,,0
0020200516,133,1,1,2,11:14 PM,10:38,Horry 25' 3PT Jump Shot (3 PTS) (Rush 2 AST),,,28 - 32,4,4,109,Robert Horry,1610612747.0,Los Angeles,Lakers,LAL,4,2416,Kareem Rush,1610612747.0,Los Angeles,Lakers,LAL,0,0,,,,,,0
0020200516,134,2,5,2,11:14 PM,10:19,,,MISS Palacio  Layup,,,5,1960,Milt Palacio,1610612739.0,Cleveland,Cavaliers,CLE,0,0,,,,,,0,0,,,,,,0
0020200516,136,4,0,2,11:14 PM,10:17,,,Diop REBOUND (Off:1 Def:1),,,5,2205,DeSagana Diop,1610612739.0,Cleveland,Cavaliers,CLE,0,0,,,,,,0,0,,,,,,0
0020200516,135,1,5,2,11:14 PM,10:17,,,Diop  Layup (2 PTS),30 - 32,2,5,2205,DeSagana Diop,1610612739.0,Cleveland,Cavaliers,CLE,0,0,,,,,,0,0,,,,,,0
0020200516,137,9,2,2,11:15 PM,10:13,LAKERS Timeout: Short (Full 1 Short 1),,,,,2,1610612747,,,,,,0,0,,,,,,0,0,,,,,,0
0020200516,139,2,42,2,11:16 PM,10:09,MISS George  Driving Layup,,,,,4,1904,Devean George,1610612747.0,Los Angeles,Lakers,LAL,0,0,,,,,,0,0,,,,,,0
0020200516,141,4,0,2,11:16 PM,10:08,Rush REBOUND (Off:1 Def:0),,,,,4,2416,Kareem Rush,1610612747.0,Los Angeles,Lakers,LAL,0,0,,,,,,0,0,,,,,,0
0020200516,140,2,64,2,11:16 PM,10:08,MISS Rush  Follow Up Dunk,,,,,4,2416,Kareem Rush,1610612747.0,Los Angeles,Lakers,LAL,0,0,,,,,,0,0,,,,,,0
0020200516,142,4,0,2,11:16 PM,10:07,LAKERS Rebound,,,,,2,1610612747,,,,,,0,0,,,,,,0,0,,,,,,0
0020200516,143,6,2,2,11:16 PM,9:59,,,Diop S.FOUL (P2.T1),,,5,2205,DeSagana Diop,1610612739.0,Cleveland,Cavaliers,CLE,0,0,,,,,,1,0,,,,,,0
0020200516,144,8,0,2,11:16 PM,9:59,,,SUB: Ilgauskas FOR Diop,,,5,2205,DeSagana Diop,1610612739.0,Cleveland,Cavaliers,CLE,5,980,Zydrunas Ilgauskas,1610612739.0,Cleveland,Cavaliers,CLE,0,0,,,,,,0
0020200516,145,3,11,2,11:17 PM,9:59,Walker Free Throw 1 of 2 (9 PTS),,,30 - 33,3,4,955,Samaki Walker,1610612747.0,Los Angeles,Lakers,LAL,0,0,,,,,,0,0,,,,,,0
0020200516,146,3,12,2,11:17 PM,9:59,Walker Free Throw 2 of 2 (10 PTS),,,30 - 34,4,4,955,Samaki Walker,1610612747.0,Los Angeles,Lakers,LAL,0,0,,,,,,0,0,,,,,,0
0020200516,147,6,1,2,11:17 PM,9:50,Walker P.FOUL (P2.T1),,,,,4,955,Samaki Walker,1610612747.0,Los Angeles,Lakers,LAL,0,0,,,,,,1,0,,,,,,0
0020200516,148,8,0,2,11:17 PM,9:50,SUB: O'Neal FOR Walker,,,,,4,955,Samaki Walker,1610612747.0,Los Angeles,Lakers,LAL,4,406,Shaquille O'Neal,1610612747.0,Los Angeles,Lakers,LAL,0,0,,,,,,0
0020200516,149,2,1,2,11:18 PM,9:41,O'Neal BLOCK (3 BLK),,MISS Boozer 7' Jump Shot,,,5,2430,Carlos Boozer,1610612739.0,Cleveland,Cavaliers,CLE,0,0,,,,,,4,406,Shaquille O'Neal,1610612747.0,Los Angeles,Lakers,LAL,0
0020200516,150,4,0,2,11:18 PM,9:37,Horry REBOUND (Off:0 Def:1),,,,,4,109,Robert Horry,1610612747.0,Los Angeles,Lakers,LAL,0,0,,,,,,0,0,,,,,,0
0020200516,151,2,1,2,11:18 PM,9:32,MISS Horry  3PT Jump Shot,,,,,4,109,Robert Horry,1610612747.0,Los Angeles,Lakers,LAL,0,0,,,,,,0,0,,,,,,0
0020200516,152,4,0,2,11:18 PM,9:30,Bryant REBOUND (Off:1 Def:2),,,,,4,977,Kobe Bryant,1610612747.0,Los Angeles,Lakers,LAL,0,0,,,,,,0,0,,,,,,0
0020200516,153,1,44,2,11:18 PM,9:29,Bryant  Reverse Layup (4 PTS),,,30 - 36,6,4,977,Kobe Bryant,1610612747.0,Los Angeles,Lakers,LAL,0,0,,,,,,0,0,,,,,,0
0020200516,154,5,1,2,11:18 PM,9:22,George STEAL (1 STL),,Ilgauskas Bad Pass Turnover (P1.T6),,,5,980,Zydrunas Ilgauskas,1610612739.0,Cleveland,Cavaliers,CLE,4,1904,Devean George,1610612747.0,Los Angeles,Lakers,LAL,0,0,,,,,,0
0020200516,155,2,5,2,11:18 PM,9:18,MISS George  Layup,,,,,4,1904,Devean George,1610612747.0,Los Angeles,Lakers,LAL,0,0,,,,,,0,0,,,,,,0
0020200516,156,4,0,2,11:18 PM,9:16,Rush REBOUND (Off:2 Def:0),,,,,4,2416,Kareem Rush,1610612747.0,Los Angeles,Lakers,LAL,0,0,,,,,,0,0,,,,,,0
0020200516,157,1,5,2,11:18 PM,9:15,George  Layup (5 PTS) (Rush 3 AST),,,30 - 38,8,4,1904,Devean George,1610612747.0,Los Angeles,Lakers,LAL,4,2416,Kareem Rush,1610612747.0,Los Angeles,Lakers,LAL,0,0,,,,,,0
0020200516,158,2,1,2,11:19 PM,8:55,,,MISS Palacio 11' Jump Shot,,,5,1960,Milt Palacio,1610612739.0,Cleveland,Cavaliers,CLE,0,0,,,,,,0,0,,,,,,0
0020200516,159,4,0,2,11:19 PM,8:53,Horry REBOUND (Off:0 Def:2),,,,,4,109,Robert Horry,1610612747.0,Los Angeles,Lakers,LAL,0,0,,,,,,0,0,,,,,,0
0020200516,160,1,47,2,11:19 PM,8:41,O'Neal 11' Turnaround Jump Shot (16 PTS),,,30 - 40,10,4,406,Shaquille O'Neal,1610612747.0,Los Angeles,Lakers,LAL,0,0,,,,,,0,0,,,,,,0
0020200516,161,9,1,2,11:19 PM,8:35,,,Cavaliers Timeout: Regular (Reg.2 Short 0),,,3,1610612739,,,,,,0,0,,,,,,0,0,,,,,,0
0020200516,164,1,1,2,11:22 PM,8:29,,,Davis 19' Jump Shot (14 PTS) (Palacio 1 AST),32 - 40,8,5,1729,Ricky Davis,1610612739.0,Cleveland,Cavaliers,CLE,5,1960,Milt Palacio,1610612739.0,Cleveland,Cavaliers,CLE,0,0,,,,,,0
0020200516,165,5,1,2,11:22 PM,8:09,O'Neal Bad Pass Turnover (P1.T8),,Davis STEAL (2 STL),,,4,406,Shaquille O'Neal,1610612747.0,Los Angeles,Lakers,LAL,5,1729,Ricky Davis,1610612739.0,Cleveland,Cavaliers,CLE,0,0,,,,,,0
0020200516,166,1,1,2,11:22 PM,7:56,,,Ilgauskas 7' Jump Shot (8 PTS),34 - 40,6,5,980,Zydrunas Ilgauskas,1610612739.0,Cleveland,Cavaliers,CLE,0,0,,,,,,0,0,,,,,,0
0020200516,167,6,2,2,11:22 PM,7:46,,,Palacio S.FOUL (P1.T2),,,5,1960,Milt Palacio,1610612739.0,Cleveland,Cavaliers,CLE,0,0,,,,,,1,0,,,,,,0
0020200516,168,8,0,2,11:23 PM,7:46,,,SUB: Miles FOR Davis,,,5,1729,Ricky Davis,1610612739.0,Cleveland,Cavaliers,CLE,5,2032,Darius Miles,1610612739.0,Cleveland,Cavaliers,CLE,0,0,,,,,,0
0020200516,169,3,11,2,11:23 PM,7:46,Bryant Free Throw 1 of 2 (5 PTS),,,34 - 41,7,4,977,Kobe Bryant,1610612747.0,Los Angeles,Lakers,LAL,0,0,,,,,,0,0,,,,,,0
0020200516,172,8,0,2,11:23 PM,7:46,,,SUB: Hill FOR Boozer,,,5,2430,Carlos Boozer,1610612739.0,Cleveland,Cavaliers,CLE,5,238,Tyrone Hill,1610612739.0,Cleveland,Cavaliers,CLE,0,0,,,,,,0
0020200516,173,8,0,2,11:23 PM,7:46,SUB: Fisher FOR George,,,,,4,1904,Devean George,1610612747.0,Los Angeles,Lakers,LAL,4,965,Derek Fisher,1610612747.0,Los Angeles,Lakers,LAL,0,0,,,,,,0
0020200516,174,3,12,2,11:23 PM,7:46,Bryant Free Throw 2 of 2 (6 PTS),,,34 - 42,8,4,977,Kobe Bryant,1610612747.0,Los Angeles,Lakers,LAL,0,0,,,,,,0,0,,,,,,0
0020200516,175,5,8,2,11:24 PM,7:23,,,Ilgauskas 3 Second Violation Turnover (P2.T7),,,5,980,Zydrunas Ilgauskas,1610612739.0,Cleveland,Cavaliers,CLE,0,0,,,,,,1,0,,,,,,0
0020200516,176,5,1,2,11:24 PM,7:08,Rush Bad Pass Turnover (P1.T9),,Hill STEAL (2 STL),,,4,2416,Kareem Rush,1610612747.0,Los Angeles,Lakers,LAL,5,238,Tyrone Hill,1610612739.0,Cleveland,Cavaliers,CLE,0,0,,,,,,0
0020200516,177,2,5,2,11:24 PM,7:02,,,MISS Miles  Layup,,,5,2032,Darius Miles,1610612739.0,Cleveland,Cavaliers,CLE,0,0,,,,,,0,0,,,,,,0
0020200516,178,4,0,2,11:24 PM,7:01,Bryant REBOUND (Off:1 Def:3),,,,,4,977,Kobe Bryant,1610612747.0,Los Angeles,Lakers,LAL,0,0,,,,,,0,0,,,,,,0
0020200516,179,1,8,2,11:24 PM,6:54,O'Neal  Slam Dunk (18 PTS) (Rush 4 AST),,,34 - 44,10,4,406,Shaquille O'Neal,1610612747.0,Los Angeles,Lakers,LAL,4,2416,Kareem Rush,1610612747.0,Los Angeles,Lakers,LAL,0,0,,,,,,0
0020200516,180,1,3,2,11:25 PM,6:34,,,Ilgauskas 5' Hook Shot (10 PTS),36 - 44,8,5,980,Zydrunas Ilgauskas,1610612739.0,Cleveland,Cavaliers,CLE,0,0,,,,,,0,0,,,,,,0
0020200516,181,2,1,2,11:25 PM,6:20,MISS O'Neal 5' Jump Shot,,,,,4,406,Shaquille O'Neal,1610612747.0,Los Angeles,Lakers,LAL,0,0,,,,,,0,0,,,,,,0
0020200516,183,4,0,2,11:25 PM,6:18,Horry REBOUND (Off:1 Def:2),,,,,4,109,Robert Horry,1610612747.0,Los Angeles,Lakers,LAL,0,0,,,,,,0,0,,,,,,0
0020200516,182,2,4,2,11:25 PM,6:18,MISS Horry  Tip Shot,,,,,4,109,Robert Horry,1610612747.0,Los Angeles,Lakers,LAL,0,0,,,,,,0,0,,,,,,0
0020200516,184,4,0,2,11:25 PM,6:17,,,Miles REBOUND (Off:1 Def:3),,,5,2032,Darius Miles,1610612739.0,Cleveland,Cavaliers,CLE,0,0,,,,,,0,0,,,,,,0
0020200516,186,2,1,2,11:25 PM,6:03,,,MISS Wagner  3PT Jump Shot,,,5,2402,Dajuan Wagner,1610612739.0,Cleveland,Cavaliers,CLE,0,0,,,,,,0,0,,,,,,0
0020200516,187,4,0,2,11:25 PM,6:03,Bryant REBOUND (Off:1 Def:4),,,,,4,977,Kobe Bryant,1610612747.0,Los Angeles,Lakers,LAL,0,0,,,,,,0,0,,,,,,0
0020200516,188,1,51,2,11:25 PM,5:50,O'Neal  Reverse Dunk (20 PTS) (Bryant 4 AST),,,36 - 46,10,4,406,Shaquille O'Neal,1610612747.0,Los Angeles,Lakers,LAL,4,977,Kobe Bryant,1610612747.0,Los Angeles,Lakers,LAL,0,0,,,,,,0
0020200516,190,6,17,2,11:26 PM,5:37,LAKERS T.Foul (Def. 3 Sec Bryant ),,,,,4,977,Kobe Bryant,1610612747.0,Los Angeles,Lakers,LAL,0,0,,,,,,1,0,,,,,,0
0020200516,191,9,4,2,11:26 PM,5:37,,,,,,1,0,,,,,,0,0,,,,,,0,0,,,,,,0
0020200516,192,8,0,2,11:28 PM,5:37,,,SUB: Parker FOR Palacio,,,5,1960,Milt Palacio,1610612739.0,Cleveland,Cavaliers,CLE,5,2470,Smush Parker,1610612739.0,Cleveland,Cavaliers,CLE,0,0,,,,,,0
0020200516,193,8,0,2,11:28 PM,5:37,,,SUB: Jones FOR Wagner,,,5,2402,Dajuan Wagner,1610612739.0,Cleveland,Cavaliers,CLE,5,1908,Jumaine Jones,1610612739.0,Cleveland,Cavaliers,CLE,0,0,,,,,,0
0020200516,194,8,0,2,11:28 PM,5:37,SUB: Fox FOR Rush,,,,,4,2416,Kareem Rush,1610612747.0,Los Angeles,Lakers,LAL,4,296,Rick Fox,1610612747.0,Los Angeles,Lakers,LAL,0,0,,,,,,0
0020200516,195,3,16,2,11:28 PM,5:37,,,Ilgauskas Free Throw Technical (11 PTS),37 - 46,9,5,980,Zydrunas Ilgauskas,1610612739.0,Cleveland,Cavaliers,CLE,0,0,,,,,,0,0,,,,,,0
0020200516,196,6,1,2,11:30 PM,5:33,Fisher P.FOUL (P1.T2),,,,,4,965,Derek Fisher,1610612747.0,Los Angeles,Lakers,LAL,0,0,,,,,,1,0,,,,,,0
0020200516,197,2,1,2,11:30 PM,5:20,,,MISS Parker 22' Jump Shot,,,5,2470,Smush Parker,1610612739.0,Cleveland,Cavaliers,CLE,0,0,,,,,,0,0,,,,,,0
0020200516,198,4,0,2,11:30 PM,5:19,LAKERS Rebound,,,,,2,1610612747,,,,,,0,0,,,,,,0,0,,,,,,0
0020200516,199,2,47,2,11:30 PM,5:05,MISS O'Neal 12' Turnaround Jump Shot,,,,,4,406,Shaquille O'Neal,1610612747.0,Los Angeles,Lakers,LAL,0,0,,,,,,0,0,,,,,,0
0020200516,200,4,0,2,11:30 PM,5:03,,,Parker REBOUND (Off:0 Def:1),,,5,2470,Smush Parker,1610612739.0,Cleveland,Cavaliers,CLE,0,0,,,,,,0,0,,,,,,0
0020200516,201,2,1,2,11:31 PM,4:40,Bryant BLOCK (1 BLK),,MISS Hill 13' Jump Shot,,,5,238,Tyrone Hill,1610612739.0,Cleveland,Cavaliers,CLE,0,0,,,,,,4,977,Kobe Bryant,1610612747.0,Los Angeles,Lakers,LAL,0
0020200516,202,4,0,2,11:31 PM,4:40,,,Cavaliers Rebound,,,3,1610612739,,,,,,0,0,,,,,,0,0,,,,,,0
0020200516,203,5,11,2,11:31 PM,4:40,,,Cavaliers Turnover: Shot Clock (T#8),,,3,1610612739,,,,,,0,0,,,,,,1,0,,,,,,0
0020200516,204,8,0,2,11:31 PM,4:40,,,SUB: Davis FOR Ilgauskas,,,5,980,Zydrunas Ilgauskas,1610612739.0,Cleveland,Cavaliers,CLE,5,1729,Ricky Davis,1610612739.0,Cleveland,Cavaliers,CLE,0,0,,,,,,0
0020200516,205,6,1,2,11:31 PM,4:37,,,Miles P.FOUL (P1.T3),,,5,2032,Darius Miles,1610612739.0,Cleveland,Cavaliers,CLE,0,0,,,,,,1,0,,,,,,0
0020200516,206,2,1,2,11:32 PM,4:30,MISS Bryant  3PT Jump Shot,,,,,4,977,Kobe Bryant,1610612747.0,Los Angeles,Lakers,LAL,0,0,,,,,,0,0,,,,,,0
0020200516,207,4,0,2,11:32 PM,4:28,,,Hill REBOUND (Off:1 Def:3),,,5,238,Tyrone Hill,1610612739.0,Cleveland,Cavaliers,CLE,0,0,,,,,,0,0,,,,,,0
0020200516,208,1,8,2,11:32 PM,4:25,,,Parker  Slam Dunk (2 PTS) (Miles 2 AST),39 - 46,7,5,2470,Smush Parker,1610612739.0,Cleveland,Cavaliers,CLE,5,2032,Darius Miles,1610612739.0,Cleveland,Cavaliers,CLE,0,0,,,,,,0
0020200516,209,2,1,2,11:32 PM,4:08,MISS Horry 26' 3PT Jump Shot,,,,,4,109,Robert Horry,1610612747.0,Los Angeles,Lakers,LAL,0,0,,,,,,0,0,,,,,,0
0020200516,210,4,0,2,11:32 PM,4:06,Bryant REBOUND (Off:2 Def:4),,,,,4,977,Kobe Bryant,1610612747.0,Los Angeles,Lakers,LAL,0,0,,,,,,0,0,,,,,,0
0020200516,211,1,8,2,11:32 PM,4:04,Bryant  Slam Dunk (8 PTS),,,39 - 48,9,4,977,Kobe Bryant,1610612747.0,Los Angeles,Lakers,LAL,0,0,,,,,,0,0,,,,,,0
0020200516,213,1,1,2,11:32 PM,3:45,,,Hill 15' Jump Shot (2 PTS) (Miles 3 AST),41 - 48,7,5,238,Tyrone Hill,1610612739.0,Cleveland,Cavaliers,CLE,5,2032,Darius Miles,1610612739.0,Cleveland,Cavaliers,CLE,0,0,,,,,,0
0020200516,214,5,1,2,11:33 PM,3:32,Fox Bad Pass Turnover (P2.T10),,,,,4,296,Rick Fox,1610612747.0,Los Angeles,Lakers,LAL,0,0,,,,,,0,0,,,,,,0
0020200516,215,2,1,2,11:33 PM,3:19,,,MISS Davis 13' Jump Shot,,,5,1729,Ricky Davis,1610612739.0,Cleveland,Cavaliers,CLE,0,0,,,,,,0,0,,,,,,0
0020200516,216,4,0,2,11:33 PM,3:17,Fisher REBOUND (Off:0 Def:1),,,,,4,965,Derek Fisher,1610612747.0,Los Angeles,Lakers,LAL,0,0,,,,,,0,0,,,,,,0
0020200516,217,2,1,2,11:33 PM,3:10,MISS Fisher 16' Jump Shot,,,,,4,965,Derek Fisher,1610612747.0,Los Angeles,Lakers,LAL,0,0,,,,,,0,0,,,,,,0
0020200516,218,4,0,2,11:33 PM,3:08,,,Hill REBOUND (Off:1 Def:4),,,5,238,Tyrone Hill,1610612739.0,Cleveland,Cavaliers,CLE,0,0,,,,,,0,0,,,,,,0
0020200516,219,5,1,2,11:33 PM,3:07,Bryant STEAL (2 STL),,Hill Bad Pass Turnover (P1.T9),,,5,238,Tyrone Hill,1610612739.0,Cleveland,Cavaliers,CLE,4,977,Kobe Bryant,1610612747.0,Los Angeles,Lakers,LAL,0,0,,,,,,0
0020200516,220,6,2,2,11:33 PM,3:04,,,Hill S.FOUL (P3.T4),,,5,238,Tyrone Hill,1610612739.0,Cleveland,Cavaliers,CLE,0,0,,,,,,1,0,,,,,,0
0020200516,221,3,11,2,11:33 PM,3:04,Bryant Free Throw 1 of 2 (9 PTS),,,41 - 49,8,4,977,Kobe Bryant,1610612747.0,Los Angeles,Lakers,LAL,0,0,,,,,,0,0,,,,,,0
0020200516,222,8,0,2,11:34 PM,3:04,,,SUB: Ilgauskas FOR Hill,,,5,238,Tyrone Hill,1610612739.0,Cleveland,Cavaliers,CLE,5,980,Zydrunas Ilgauskas,1610612739.0,Cleveland,Cavaliers,CLE,0,0,,,,,,0
0020200516,223,3,12,2,11:34 PM,3:04,Bryant Free Throw 2 of 2 (10 PTS),,,41 - 50,9,4,977,Kobe Bryant,1610612747.0,Los Angeles,Lakers,LAL,0,0,,,,,,0,0,,,,,,0
0020200516,224,5,1,2,11:34 PM,2:53,Bryant STEAL (3 STL),,Parker Bad Pass Turnover (P1.T10),,,5,2470,Smush Parker,1610612739.0,Cleveland,Cavaliers,CLE,4,977,Kobe Bryant,1610612747.0,Los Angeles,Lakers,LAL,0,0,,,,,,0
0020200516,225,1,1,2,11:34 PM,2:48,Fisher  3PT Jump Shot (5 PTS) (Bryant 5 AST),,,41 - 53,12,4,965,Derek Fisher,1610612747.0,Los Angeles,Lakers,LAL,4,977,Kobe Bryant,1610612747.0,Los Angeles,Lakers,LAL,0,0,,,,,,0
0020200516,226,2,1,2,11:35 PM,2:25,,,MISS Davis 26' 3PT Jump Shot,,,5,1729,Ricky Davis,1610612739.0,Cleveland,Cavaliers,CLE,0,0,,,,,,0,0,,,,,,0
0020200516,227,4,0,2,11:35 PM,2:23,Fox REBOUND (Off:0 Def:3),,,,,4,296,Rick Fox,1610612747.0,Los Angeles,Lakers,LAL,0,0,,,,,,0,0,,,,,,0
0020200516,228,1,1,2,11:35 PM,2:15,Fisher  3PT Jump Shot (8 PTS) (Bryant 6 AST),,,41 - 56,15,4,965,Derek Fisher,1610612747.0,Los Angeles,Lakers,LAL,4,977,Kobe Bryant,1610612747.0,Los Angeles,Lakers,LAL,0,0,,,,,,0
0020200516,229,9,2,2,11:35 PM,2:10,,,Cavaliers Timeout: Short (Reg.2 Short 1),,,3,1610612739,,,,,,0,0,,,,,,0,0,,,,,,0
0020200516,231,9,1,2,11:36 PM,2:10,LAKERS Timeout: Regular (Full 2 Short 1),,,,,2,1610612747,,,,,,0,0,,,,,,0,0,,,,,,0
0020200516,233,8,0,2,11:38 PM,2:10,SUB: Medvedenko FOR O'Neal,,,,,4,406,Shaquille O'Neal,1610612747.0,Los Angeles,Lakers,LAL,4,2098,Slava Medvedenko,1610612747.0,Los Angeles,Lakers,LAL,0,0,,,,,,0
0020200516,234,6,2,2,11:39 PM,1:48,Horry S.FOUL (P1.T3),,,,,4,109,Robert Horry,1610612747.0,Los Angeles,Lakers,LAL,0,0,,,,,,1,0,,,,,,0
0020200516,235,3,11,2,11:39 PM,1:48,,,Ilgauskas Free Throw 1 of 2 (12 PTS),42 - 56,14,5,980,Zydrunas Ilgauskas,1610612739.0,Cleveland,Cavaliers,CLE,0,0,,,,,,0,0,,,,,,0
0020200516,236,3,12,2,11:39 PM,1:48,,,Ilgauskas Free Throw 2 of 2 (13 PTS),43 - 56,13,5,980,Zydrunas Ilgauskas,1610612739.0,Cleveland,Cavaliers,CLE,0,0,,,,,,0,0,,,,,,0
0020200516,237,1,1,2,11:40 PM,1:38,Fisher 21' Jump Shot (10 PTS) (Bryant 7 AST),,,43 - 58,15,4,965,Derek Fisher,1610612747.0,Los Angeles,Lakers,LAL,4,977,Kobe Bryant,1610612747.0,Los Angeles,Lakers,LAL,0,0,,,,,,0
0020200516,238,2,1,2,11:40 PM,1:25,,,MISS Parker 13' Jump Shot,,,5,2470,Smush Parker,1610612739.0,Cleveland,Cavaliers,CLE,0,0,,,,,,0,0,,,,,,0
0020200516,240,4,0,2,11:40 PM,1:23,,,Parker REBOUND (Off:1 Def:1),,,5,2470,Smush Parker,1610612739.0,Cleveland,Cavaliers,CLE,0,0,,,,,,0,0,,,,,,0
0020200516,239,1,1,2,11:40 PM,1:23,,,Parker 7' Jump Shot (4 PTS),45 - 58,13,5,2470,Smush Parker,1610612739.0,Cleveland,Cavaliers,CLE,0,0,,,,,,0,0,,,,,,0
0020200516,241,2,1,2,11:40 PM,1:05,MISS Medvedenko 12' Jump Shot,,,,,4,2098,Slava Medvedenko,1610612747.0,Los Angeles,Lakers,LAL,0,0,,,,,,0,0,,,,,,0
0020200516,243,4,0,2,11:40 PM,1:02,Bryant REBOUND (Off:3 Def:4),,,,,4,977,Kobe Bryant,1610612747.0,Los Angeles,Lakers,LAL,0,0,,,,,,0,0,,,,,,0
0020200516,242,1,5,2,11:40 PM,1:02,Bryant  Layup (12 PTS),,,45 - 60,15,4,977,Kobe Bryant,1610612747.0,Los Angeles,Lakers,LAL,0,0,,,,,,0,0,,,,,,0
0020200516,244,6,1,2,11:40 PM,0:56,Medvedenko P.FOUL (P1.PN),,,,,4,2098,Slava Medvedenko,1610612747.0,Los Angeles,Lakers,LAL,0,0,,,,,,1,0,,,,,,0
0020200516,245,3,11,2,11:41 PM,0:56,,,Ilgauskas Free Throw 1 of 2 (14 PTS),46 - 60,14,5,980,Zydrunas Ilgauskas,1610612739.0,Cleveland,Cavaliers,CLE,0,0,,,,,,0,0,,,,,,0
0020200516,246,3,12,2,11:41 PM,0:56,,,Ilgauskas Free Throw 2 of 2 (15 PTS),47 - 60,13,5,980,Zydrunas Ilgauskas,1610612739.0,Cleveland,Cavaliers,CLE,0,0,,,,,,0,0,,,,,,0
0020200516,247,1,3,2,11:41 PM,0:44,Medvedenko 8' Hook Shot (2 PTS) (Bryant 8 AST),,,47 - 62,15,4,2098,Slava Medvedenko,1610612747.0,Los Angeles,Lakers,LAL,4,977,Kobe Bryant,1610612747.0,Los Angeles,Lakers,LAL,0,0,,,,,,0
0020200516,248,2,1,2,11:41 PM,0:34,,,MISS Miles 19' Jump Shot,,,5,2032,Darius Miles,1610612739.0,Cleveland,Cavaliers,CLE,0,0,,,,,,0,0,,,,,,0
0020200516,249,4,0,2,11:41 PM,0:32,Bryant REBOUND (Off:3 Def:5),,,,,4,977,Kobe Bryant,1610612747.0,Los Angeles,Lakers,LAL,0,0,,,,,,0,0,,,,,,0
0020200516,250,1,1,2,11:42 PM,0:23,Fisher 24' 3PT Jump Shot (13 PTS) (Bryant 9 AST),,,47 - 65,18,4,965,Derek Fisher,1610612747.0,Los Angeles,Lakers,LAL,4,977,Kobe Bryant,1610612747.0,Los Angeles,Lakers,LAL,0,0,,,,,,0
0020200516,251,1,49,2,11:42 PM,0:01,,,Davis  Driving Dunk (16 PTS),49 - 65,16,5,1729,Ricky Davis,1610612739.0,Cleveland,Cavaliers,CLE,0,0,,,,,,0,0,,,,,,0
0020200516,252,2,1,2,11:42 PM,0:00,MISS Fox 25' 3PT Jump Shot,,,,,4,296,Rick Fox,1610612747.0,Los Angeles,Lakers,LAL,0,0,,,,,,0,0,,,,,,0
0020200516,253,4,0,2,11:42 PM,0:00,LAKERS Rebound,,,,,2,1610612747,,,,,,0,0,,,,,,0,0,,,,,,0
0020200516,254,13,0,2,11:42 PM,0:00,,,,49 - 65,16,0,0,,,,,,0,0,,,,,,0,0,,,,,,0
0020200516,256,12,0,3,11:59 PM,12:00,,,,49 - 65,16,0,0,,,,,,0,0,,,,,,0,0,,,,,,0
0020200516,257,1,1,3,12:00 PM,11:42,Fox 24' 3PT Jump Shot (3 PTS) (O'Neal 3 AST),,,49 - 68,19,4,296,Rick Fox,1610612747.0,Los Angeles,Lakers,LAL,4,406,Shaquille O'Neal,1610612747.0,Los Angeles,Lakers,LAL,0,0,,,,,,0
0020200516,258,2,1,3,12:00 PM,11:18,,,MISS Miles 16' Jump Shot,,,5,2032,Darius Miles,1610612739.0,Cleveland,Cavaliers,CLE,0,0,,,,,,0,0,,,,,,0
0020200516,259,4,0,3,12:00 PM,11:16,Bryant REBOUND (Off:3 Def:6),,,,,4,977,Kobe Bryant,1610612747.0,Los Angeles,Lakers,LAL,0,0,,,,,,0,0,,,,,,0
0020200516,260,7,5,3,12:00 PM,11:14,,,Miles Violation:Kicked Ball,,,5,2032,Darius Miles,1610612739.0,Cleveland,Cavaliers,CLE,0,0,,,,,,1,0,,,,,,0
0020200516,261,1,42,3,12:01 PM,11:02,Bryant  Driving Layup (14 PTS) (O'Neal 4 AST),,,49 - 70,21,4,977,Kobe Bryant,1610612747.0,Los Angeles,Lakers,LAL,4,406,Shaquille O'Neal,1610612747.0,Los Angeles,Lakers,LAL,0,0,,,,,,0
0020200516,262,6,2,3,12:01 PM,11:02,,,Davis S.FOUL (P1.T1),,,5,1729,Ricky Davis,1610612739.0,Cleveland,Cavaliers,CLE,0,0,,,,,,1,0,,,,,,0
0020200516,263,3,10,3,12:01 PM,11:02,Bryant Free Throw 1 of 1 (15 PTS),,,49 - 71,22,4,977,Kobe Bryant,1610612747.0,Los Angeles,Lakers,LAL,0,0,,,,,,0,0,,,,,,0
0020200516,264,2,1,3,12:01 PM,10:52,,,MISS Davis 18' Jump Shot,,,5,1729,Ricky Davis,1610612739.0,Cleveland,Cavaliers,CLE,0,0,,,,,,0,0,,,,,,0
0020200516,265,4,0,3,12:01 PM,10:50,Fox REBOUND (Off:0 Def:4),,,,,4,296,Rick Fox,1610612747.0,Los Angeles,Lakers,LAL,0,0,,,,,,0,0,,,,,,0
0020200516,266,1,42,3,12:02 PM,10:36,Fox  Driving Layup (5 PTS) (Fisher 1 AST),,,49 - 73,24,4,296,Rick Fox,1610612747.0,Los Angeles,Lakers,LAL,4,965,Derek Fisher,1610612747.0,Los Angeles,Lakers,LAL,0,0,,,,,,0
0020200516,267,6,2,3,12:02 PM,10:36,,,Miles S.FOUL (P2.T2),,,5,2032,Darius Miles,1610612739.0,Cleveland,Cavaliers,CLE,0,0,,,,,,1,0,,,,,,0
0020200516,268,3,10,3,12:02 PM,10:36,MISS Fox Free Throw 1 of 1,,,,,4,296,Rick Fox,1610612747.0,Los Angeles,Lakers,LAL,0,0,,,,,,0,0,,,,,,0
0020200516,269,4,0,3,12:02 PM,10:33,,,Miles REBOUND (Off:1 Def:4),,,5,2032,Darius Miles,1610612739.0,Cleveland,Cavaliers,CLE,0,0,,,,,,0,0,,,,,,0
0020200516,270,5,4,3,12:02 PM,10:22,,,Davis Traveling Turnover (P4.T11),,,5,1729,Ricky Davis,1610612739.0,Cleveland,Cavaliers,CLE,0,0,,,,,,1,0,,,,,,0
0020200516,271,6,1,3,12:03 PM,10:11,,,Ilgauskas P.FOUL (P2.T3),,,5,980,Zydrunas Ilgauskas,1610612739.0,Cleveland,Cavaliers,CLE,0,0,,,,,,1,0,,,,,,0
0020200516,272,2,1,3,12:03 PM,10:01,MISS O'Neal 8' Jump Shot,,,,,4,406,Shaquille O'Neal,1610612747.0,Los Angeles,Lakers,LAL,0,0,,,,,,0,0,,,,,,0
0020200516,274,4,0,3,12:03 PM,9:59,Fox REBOUND (Off:1 Def:4),,,,,4,296,Rick Fox,1610612747.0,Los Angeles,Lakers,LAL,0,0,,,,,,0,0,,,,,,0
0020200516,273,2,5,3,12:03 PM,9:59,MISS Fox  Layup,,Miles BLOCK (1 BLK),,,4,296,Rick Fox,1610612747.0,Los Angeles,Lakers,LAL,0,0,,,,,,5,2032,Darius Miles,1610612739.0,Cleveland,Cavaliers,CLE,0
0020200516,275,4,0,3,12:03 PM,9:58,,,Hill REBOUND (Off:1 Def:5),,,5,238,Tyrone Hill,1610612739.0,Cleveland,Cavaliers,CLE,0,0,,,,,,0,0,,,,,,0
0020200516,276,5,4,3,12:03 PM,9:58,,,Miles Traveling Turnover (P2.T12),,,5,2032,Darius Miles,1610612739.0,Cleveland,Cavaliers,CLE,0,0,,,,,,1,0,,,,,,0
0020200516,278,2,5,3,12:04 PM,9:50,MISS O'Neal  Layup,,,,,4,406,Shaquille O'Neal,1610612747.0,Los Angeles,Lakers,LAL,0,0,,,,,,0,0,,,,,,0
0020200516,279,4,0,3,12:04 PM,9:49,,,Davis REBOUND (Off:0 Def:1),,,5,1729,Ricky Davis,1610612739.0,Cleveland,Cavaliers,CLE,0,0,,,,,,0,0,,,,,,0
0020200516,280,6,1,3,12:04 PM,9:38,Walker P.FOUL (P3.T1),,,,,4,955,Samaki Walker,1610612747.0,Los Angeles,Lakers,LAL,0,0,,,,,,1,0,,,,,,0
0020200516,281,6,2,3,12:04 PM,9:31,O'Neal S.FOUL (P2.T2),,,,,4,406,Shaquille O'Neal,1610612747.0,Los Angeles,Lakers,LAL,0,0,,,,,,1,0,,,,,,0
0020200516,282,3,11,3,12:05 PM,9:31,,,Ilgauskas Free Throw 1 of 2 (16 PTS),50 - 73,23,5,980,Zydrunas Ilgauskas,1610612739.0,Cleveland,Cavaliers,CLE,0,0,,,,,,0,0,,,,,,0
0020200516,283,3,12,3,12:05 PM,9:31,,,Ilgauskas Free Throw 2 of 2 (17 PTS),51 - 73,22,5,980,Zydrunas Ilgauskas,1610612739.0,Cleveland,Cavaliers,CLE,0,0,,,,,,0,0,,,,,,0
0020200516,284,6,4,3,12:05 PM,9:19,Walker OFF.Foul (P4),,,,,4,955,Samaki Walker,1610612747.0,Los Angeles,Lakers,LAL,0,0,,,,,,1,0,,,,,,0
0020200516,285,5,5,3,12:05 PM,9:19,Walker Foul Turnover (P1.T11),,,,,4,955,Samaki Walker,1610612747.0,Los Angeles,Lakers,LAL,0,0,,,,,,0,0,,,,,,0
0020200516,286,8,0,3,12:05 PM,9:19,SUB: Horry FOR Walker,,,,,4,955,Samaki Walker,1610612747.0,Los Angeles,Lakers,LAL,4,109,Robert Horry,1610612747.0,Los Angeles,Lakers,LAL,0,0,,,,,,0
0020200516,287,1,1,3,12:06 PM,9:05,,,Ilgauskas 16' Jump Shot (19 PTS),53 - 73,20,5,980,Zydrunas Ilgauskas,1610612739.0,Cleveland,Cavaliers,CLE,0,0,,,,,,0,0,,,,,,0
0020200516,288,6,1,3,12:06 PM,8:57,,,Hill P.FOUL (P4.T4),,,5,238,Tyrone Hill,1610612739.0,Cleveland,Cavaliers,CLE,0,0,,,,,,1,0,,,,,,0
0020200516,289,8,0,3,12:06 PM,8:57,,,SUB: Mihm FOR Hill,,,5,238,Tyrone Hill,1610612739.0,Cleveland,Cavaliers,CLE,5,2036,Chris Mihm,1610612739.0,Cleveland,Cavaliers,CLE,0,0,,,,,,0
0020200516,290,1,44,3,12:06 PM,8:52,Fox  Reverse Layup (7 PTS) (Bryant 10 AST),,,53 - 75,22,4,296,Rick Fox,1610612747.0,Los Angeles,Lakers,LAL,4,977,Kobe Bryant,1610612747.0,Los Angeles,Lakers,LAL,0,0,,,,,,0
0020200516,291,6,1,3,12:07 PM,8:44,Bryant P.FOUL (P1.T3),,,,,4,977,Kobe Bryant,1610612747.0,Los Angeles,Lakers,LAL,0,0,,,,,,1,0,,,,,,0
0020200516,292,5,11,3,12:07 PM,8:26,,,Cavaliers Turnover: Shot Clock (T#13),,,3,1610612739,,,,,,0,0,,,,,,1,0,,,,,,0
0020200516,293,1,51,3,12:08 PM,8:09,Horry  Reverse Dunk (5 PTS) (O'Neal 5 AST),,,53 - 77,24,4,109,Robert Horry,1610612747.0,Los Angeles,Lakers,LAL,4,406,Shaquille O'Neal,1610612747.0,Los Angeles,Lakers,LAL,0,0,,,,,,0
0020200516,294,5,2,3,12:08 PM,7:50,Bryant STEAL (4 STL),,Davis Lost Ball Turnover (P5.T14),,,5,1729,Ricky Davis,1610612739.0,Cleveland,Cavaliers,CLE,4,977,Kobe Bryant,1610612747.0,Los Angeles,Lakers,LAL,0,0,,,,,,0
0020200516,296,7,2,3,12:08 PM,7:46,,,Davis Violation:Defensive Goaltending,,,5,1729,Ricky Davis,1610612739.0,Cleveland,Cavaliers,CLE,0,0,,,,,,1,0,,,,,,0
0020200516,295,1,5,3,12:08 PM,7:46,Fox  Layup (9 PTS) (Bryant 11 AST),,,53 - 79,26,4,296,Rick Fox,1610612747.0,Los Angeles,Lakers,LAL,4,977,Kobe Bryant,1610612747.0,Los Angeles,Lakers,LAL,0,0,,,,,,0
0020200516,297,9,1,3,12:08 PM,7:46,,,Cavaliers Timeout: Regular (Reg.3 Short 1),,,3,1610612739,,,,,,0,0,,,,,,0,0,,,,,,0
0020200516,299,8,0,3,12:10 PM,7:46,,,SUB: Wagner FOR Parker,,,5,2470,Smush Parker,1610612739.0,Cleveland,Cavaliers,CLE,5,2402,Dajuan Wagner,1610612739.0,Cleveland,Cavaliers,CLE,0,0,,,,,,0
0020200516,300,8,0,3,12:10 PM,7:46,,,SUB: Jones FOR Miles,,,5,2032,Darius Miles,1610612739.0,Cleveland,Cavaliers,CLE,5,1908,Jumaine Jones,1610612739.0,Cleveland,Cavaliers,CLE,0,0,,,,,,0
0020200516,302,2,1,3,12:11 PM,7:28,,,MISS Davis  3PT Jump Shot,,,5,1729,Ricky Davis,1610612739.0,Cleveland,Cavaliers,CLE,0,0,,,,,,0,0,,,,,,0
0020200516,303,4,0,3,12:11 PM,7:26,O'Neal REBOUND (Off:2 Def:4),,,,,4,406,Shaquille O'Neal,1610612747.0,Los Angeles,Lakers,LAL,0,0,,,,,,0,0,,,,,,0
0020200516,304,5,1,3,12:11 PM,7:20,Bryant Bad Pass Turnover (P4.T12),,Wagner STEAL (1 STL),,,4,977,Kobe Bryant,1610612747.0,Los Angeles,Lakers,LAL,5,2402,Dajuan Wagner,1610612739.0,Cleveland,Cavaliers,CLE,0,0,,,,,,0
0020200516,307,6,2,3,12:11 PM,7:20,Horry S.FOUL (P2.T4),,,,,4,109,Robert Horry,1610612747.0,Los Angeles,Lakers,LAL,0,0,,,,,,1,0,,,,,,0
0020200516,308,3,11,3,12:12 PM,7:20,,,Wagner Free Throw 1 of 2 (3 PTS),54 - 79,25,5,2402,Dajuan Wagner,1610612739.0,Cleveland,Cavaliers,CLE,0,0,,,,,,0,0,,,,,,0
0020200516,309,3,12,3,12:12 PM,7:20,,,Wagner Free Throw 2 of 2 (4 PTS),55 - 79,24,5,2402,Dajuan Wagner,1610612739.0,Cleveland,Cavaliers,CLE,0,0,,,,,,0,0,,,,,,0
0020200516,310,6,1,3,12:12 PM,7:05,,,Ilgauskas P.FOUL (P3.PN),,,5,980,Zydrunas Ilgauskas,1610612739.0,Cleveland,Cavaliers,CLE,0,0,,,,,,1,0,,,,,,0
0020200516,312,3,11,3,12:12 PM,7:05,O'Neal Free Throw 1 of 2 (21 PTS),,,55 - 80,25,4,406,Shaquille O'Neal,1610612747.0,Los Angeles,Lakers,LAL,0,0,,,,,,0,0,,,,,,0
0020200516,313,3,12,3,12:12 PM,7:05,MISS O'Neal Free Throw 2 of 2,,,,,4,406,Shaquille O'Neal,1610612747.0,Los Angeles,Lakers,LAL,0,0,,,,,,0,0,,,,,,0
0020200516,314,4,0,3,12:13 PM,7:05,,,Jones REBOUND (Off:0 Def:1),,,5,1908,Jumaine Jones,1610612739.0,Cleveland,Cavaliers,CLE,0,0,,,,,,0,0,,,,,,0
0020200516,315,6,1,3,12:13 PM,7:00,Bryant P.FOUL (P2.PN),,,,,4,977,Kobe Bryant,1610612747.0,Los Angeles,Lakers,LAL,0,0,,,,,,1,0,,,,,,0
0020200516,316,3,11,3,12:13 PM,7:00,,,Davis Free Throw 1 of 2 (17 PTS),56 - 80,24,5,1729,Ricky Davis,1610612739.0,Cleveland,Cavaliers,CLE,0,0,,,,,,0,0,,,,,,0
0020200516,317,3,12,3,12:13 PM,7:00,,,Davis Free Throw 2 of 2 (18 PTS),57 - 80,23,5,1729,Ricky Davis,1610612739.0,Cleveland,Cavaliers,CLE,0,0,,,,,,0,0,,,,,,0
0020200516,318,1,49,3,12:13 PM,6:49,Bryant  Driving Dunk (17 PTS) (Horry 1 AST),,,57 - 82,25,4,977,Kobe Bryant,1610612747.0,Los Angeles,Lakers,LAL,4,109,Robert Horry,1610612747.0,Los Angeles,Lakers,LAL,0,0,,,,,,0
0020200516,319,6,1,3,12:14 PM,6:35,Fox P.FOUL (P1.PN),,,,,4,296,Rick Fox,1610612747.0,Los Angeles,Lakers,LAL,0,0,,,,,,1,0,,,,,,0
0020200516,320,3,11,3,12:14 PM,6:35,,,MISS Ilgauskas Free Throw 1 of 2,,,5,980,Zydrunas Ilgauskas,1610612739.0,Cleveland,Cavaliers,CLE,0,0,,,,,,0,0,,,,,,0
0020200516,321,4,1,3,12:14 PM,6:35,,,Cavaliers Rebound,,,3,1610612739,,,,,,0,0,,,,,,0,0,,,,,,0
0020200516,322,3,12,3,12:14 PM,6:35,,,Ilgauskas Free Throw 2 of 2 (20 PTS),58 - 82,24,5,980,Zydrunas Ilgauskas,1610612739.0,Cleveland,Cavaliers,CLE,0,0,,,,,,0,0,,,,,,0
0020200516,323,2,1,3,12:15 PM,6:25,MISS Fox 24' 3PT Jump Shot,,,,,4,296,Rick Fox,1610612747.0,Los Angeles,Lakers,LAL,0,0,,,,,,0,0,,,,,,0
0020200516,324,4,0,3,12:15 PM,6:23,,,Ilgauskas REBOUND (Off:1 Def:1),,,5,980,Zydrunas Ilgauskas,1610612739.0,Cleveland,Cavaliers,CLE,0,0,,,,,,0,0,,,,,,0
0020200516,325,1,1,3,12:15 PM,6:18,,,Davis 17' Jump Shot (20 PTS),60 - 82,22,5,1729,Ricky Davis,1610612739.0,Cleveland,Cavaliers,CLE,0,0,,,,,,0,0,,,,,,0
0020200516,326,2,1,3,12:15 PM,6:05,MISS O'Neal 8' Jump Shot,,,,,4,406,Shaquille O'Neal,1610612747.0,Los Angeles,Lakers,LAL,0,0,,,,,,0,0,,,,,,0
0020200516,327,4,0,3,12:15 PM,6:02,O'Neal REBOUND (Off:3 Def:4),,,,,4,406,Shaquille O'Neal,1610612747.0,Los Angeles,Lakers,LAL,0,0,,,,,,0,0,,,,,,0
0020200516,328,6,1,3,12:15 PM,6:01,,,Mihm P.FOUL (P1.PN),,,5,2036,Chris Mihm,1610612739.0,Cleveland,Cavaliers,CLE,0,0,,,,,,1,0,,,,,,0
0020200516,329,3,11,3,12:15 PM,6:01,MISS O'Neal Free Throw 1 of 2,,,,,4,406,Shaquille O'Neal,1610612747.0,Los Angeles,Lakers,LAL,0,0,,,,,,0,0,,,,,,0
0020200516,330,4,1,3,12:15 PM,6:01,LAKERS Rebound,,,,,2,1610612747,,,,,,0,0,,,,,,0,0,,,,,,0
0020200516,331,3,12,3,12:15 PM,6:01,O'Neal Free Throw 2 of 2 (22 PTS),,,60 - 83,23,4,406,Shaquille O'Neal,1610612747.0,Los Angeles,Lakers,LAL,0,0,,,,,,0,0,,,,,,0
0020200516,332,1,1,3,12:16 PM,5:50,,,Jones 9' Jump Shot (2 PTS) (Davis 3 AST),62 - 83,21,5,1908,Jumaine Jones,1610612739.0,Cleveland,Cavaliers,CLE,5,1729,Ricky Davis,1610612739.0,Cleveland,Cavaliers,CLE,0,0,,,,,,0
0020200516,333,5,2,3,12:16 PM,5:33,Bryant Lost Ball Turnover (P5.T13),,Jones STEAL (1 STL),,,4,977,Kobe Bryant,1610612747.0,Los Angeles,Lakers,LAL,5,1908,Jumaine Jones,1610612739.0,Cleveland,Cavaliers,CLE,0,0,,,,,,0
0020200516,334,2,1,3,12:16 PM,5:28,,,MISS Davis 21' Jump Shot,,,5,1729,Ricky Davis,1610612739.0,Cleveland,Cavaliers,CLE,0,0,,,,,,0,0,,,,,,0
0020200516,335,4,0,3,12:16 PM,5:27,LAKERS Rebound,,,,,2,1610612747,,,,,,0,0,,,,,,0,0,,,,,,0
0020200516,336,1,5,3,12:17 PM,5:20,O'Neal  Layup (24 PTS) (Fox 4 AST),,,62 - 85,23,4,406,Shaquille O'Neal,1610612747.0,Los Angeles,Lakers,LAL,4,296,Rick Fox,1610612747.0,Los Angeles,Lakers,LAL,0,0,,,,,,0
0020200516,337,5,1,3,12:17 PM,5:08,Fox STEAL (1 STL),,Wagner Bad Pass Turnover (P1.T15),,,5,2402,Dajuan Wagner,1610612739.0,Cleveland,Cavaliers,CLE,4,296,Rick Fox,1610612747.0,Los Angeles,Lakers,LAL,0,0,,,,,,0
0020200516,338,6,2,3,12:17 PM,5:08,,,Wagner S.FOUL (P1.PN),,,5,2402,Dajuan Wagner,1610612739.0,Cleveland,Cavaliers,CLE,0,0,,,,,,1,0,,,,,,0
0020200516,339,3,11,3,12:17 PM,5:08,Fox Free Throw 1 of 2 (10 PTS),,,62 - 86,24,4,296,Rick Fox,1610612747.0,Los Angeles,Lakers,LAL,0,0,,,,,,0,0,,,,,,0
0020200516,340,8,0,3,12:17 PM,5:08,,,SUB: Palacio FOR Davis,,,5,1729,Ricky Davis,1610612739.0,Cleveland,Cavaliers,CLE,5,1960,Milt Palacio,1610612739.0,Cleveland,Cavaliers,CLE,0,0,,,,,,0
0020200516,341,3,12,3,12:17 PM,5:08,Fox Free Throw 2 of 2 (11 PTS),,,62 - 87,25,4,296,Rick Fox,1610612747.0,Los Angeles,Lakers,LAL,0,0,,,,,,0,0,,,,,,0
0020200516,342,6,4,3,12:18 PM,4:54,,,Jones OFF.Foul (P1),,,5,1908,Jumaine Jones,1610612739.0,Cleveland,Cavaliers,CLE,0,0,,,,,,1,0,,,,,,0
0020200516,343,5,5,3,12:18 PM,4:54,,,Jones Foul Turnover (P1.T16),,,5,1908,Jumaine Jones,1610612739.0,Cleveland,Cavaliers,CLE,0,0,,,,,,0,0,,,,,,0
0020200516,345,1,42,3,12:18 PM,4:45,Fox  Driving Layup (13 PTS) (O'Neal 6 AST),,,62 - 89,27,4,296,Rick Fox,1610612747.0,Los Angeles,Lakers,LAL,4,406,Shaquille O'Neal,1610612747.0,Los Angeles,Lakers,LAL,0,0,,,,,,0
0020200516,346,7,5,3,12:18 PM,4:35,Fox Violation:Kicked Ball,,,,,4,296,Rick Fox,1610612747.0,Los Angeles,Lakers,LAL,0,0,,,,,,1,0,,,,,,0
0020200516,347,6,1,3,12:19 PM,4:29,Horry P.FOUL (P3.PN),,,,,4,109,Robert Horry,1610612747.0,Los Angeles,Lakers,LAL,0,0,,,,,,1,0,,,,,,0
0020200516,348,3,11,3,12:19 PM,4:29,,,Mihm Free Throw 1 of 2 (1 PTS),63 - 89,26,5,2036,Chris Mihm,1610612739.0,Cleveland,Cavaliers,CLE,0,0,,,,,,0,0,,,,,,0
0020200516,349,3,12,3,12:19 PM,4:29,,,Mihm Free Throw 2 of 2 (2 PTS),64 - 89,25,5,2036,Chris Mihm,1610612739.0,Cleveland,Cavaliers,CLE,0,0,,,,,,0,0,,,,,,0
0020200516,350,6,1,3,12:20 PM,4:11,,,Mihm P.FOUL (P2.PN),,,5,2036,Chris Mihm,1610612739.0,Cleveland,Cavaliers,CLE,0,0,,,,,,1,0,,,,,,0
0020200516,351,3,11,3,12:20 PM,4:11,Horry Free Throw 1 of 2 (6 PTS),,,64 - 90,26,4,109,Robert Horry,1610612747.0,Los Angeles,Lakers,LAL,0,0,,,,,,0,0,,,,,,0
0020200516,352,3,12,3,12:20 PM,4:11,Horry Free Throw 2 of 2 (7 PTS),,,64 - 91,27,4,109,Robert Horry,1610612747.0,Los Angeles,Lakers,LAL,0,0,,,,,,0,0,,,,,,0
0020200516,353,2,3,3,12:21 PM,3:51,,,MISS Ilgauskas 9' Hook Shot,,,5,980,Zydrunas Ilgauskas,1610612739.0,Cleveland,Cavaliers,CLE,0,0,,,,,,0,0,,,,,,0
0020200516,354,4,0,3,12:21 PM,3:46,Fisher REBOUND (Off:0 Def:2),,,,,4,965,Derek Fisher,1610612747.0,Los Angeles,Lakers,LAL,0,0,,,,,,0,0,,,,,,0
0020200516,355,5,1,3,12:21 PM,3:39,O'Neal Bad Pass Turnover (P2.T14),,Mihm STEAL (1 STL),,,4,406,Shaquille O'Neal,1610612747.0,Los Angeles,Lakers,LAL,5,2036,Chris Mihm,1610612739.0,Cleveland,Cavaliers,CLE,0,0,,,,,,0
0020200516,356,5,2,3,12:21 PM,3:32,,,Palacio Lost Ball Turnover (P2.T17),,,5,1960,Milt Palacio,1610612739.0,Cleveland,Cavaliers,CLE,0,0,,,,,,0,0,,,,,,0
0020200516,357,9,1,3,12:22 PM,3:32,LAKERS Timeout: Regular (Full 3 Short 1),,,,,2,1610612747,,,,,,0,0,,,,,,0,0,,,,,,0
0020200516,358,8,0,3,12:24 PM,3:32,,,SUB: Diop FOR Ilgauskas,,,5,980,Zydrunas Ilgauskas,1610612739.0,Cleveland,Cavaliers,CLE,5,2205,DeSagana Diop,1610612739.0,Cleveland,Cavaliers,CLE,0,0,,,,,,0
0020200516,359,8,0,3,12:24 PM,3:32,SUB: Rush FOR Fox,,,,,4,296,Rick Fox,1610612747.0,Los Angeles,Lakers,LAL,4,2416,Kareem Rush,1610612747.0,Los Angeles,Lakers,LAL,0,0,,,,,,0
0020200516,360,8,0,3,12:24 PM,3:32,SUB: George FOR Fisher,,,,,4,965,Derek Fisher,1610612747.0,Los Angeles,Lakers,LAL,4,1904,Devean George,1610612747.0,Los Angeles,Lakers,LAL,0,0,,,,,,0
0020200516,361,6,2,3,12:24 PM,3:23,,,Diop S.FOUL (P3.PN),,,5,2205,DeSagana Diop,1610612739.0,Cleveland,Cavaliers,CLE,0,0,,,,,,1,0,,,,,,0
0020200516,362,3,11,3,12:24 PM,3:23,Bryant Free Throw 1 of 2 (18 PTS),,,64 - 92,28,4,977,Kobe Bryant,1610612747.0,Los Angeles,Lakers,LAL,0,0,,,,,,0,0,,,,,,0
0020200516,363,3,12,3,12:24 PM,3:23,MISS Bryant Free Throw 2 of 2,,,,,4,977,Kobe Bryant,1610612747.0,Los Angeles,Lakers,LAL,0,0,,,,,,0,0,,,,,,0
0020200516,364,4,0,3,12:25 PM,3:22,,,Diop REBOUND (Off:1 Def:2),,,5,2205,DeSagana Diop,1610612739.0,Cleveland,Cavaliers,CLE,0,0,,,,,,0,0,,,,,,0
0020200516,365,1,46,3,12:25 PM,3:11,,,Wagner 10' Running Jump Shot (6 PTS),66 - 92,26,5,2402,Dajuan Wagner,1610612739.0,Cleveland,Cavaliers,CLE,0,0,,,,,,0,0,,,,,,0
0020200516,366,5,2,3,12:25 PM,2:57,O'Neal Lost Ball Turnover (P3.T15),,Mihm STEAL (2 STL),,,4,406,Shaquille O'Neal,1610612747.0,Los Angeles,Lakers,LAL,5,2036,Chris Mihm,1610612739.0,Cleveland,Cavaliers,CLE,0,0,,,,,,0
0020200516,367,1,1,3,12:25 PM,2:48,,,Palacio 17' Jump Shot (6 PTS) (Wagner 2 AST),68 - 92,24,5,1960,Milt Palacio,1610612739.0,Cleveland,Cavaliers,CLE,5,2402,Dajuan Wagner,1610612739.0,Cleveland,Cavaliers,CLE,0,0,,,,,,0
0020200516,368,5,1,3,12:26 PM,2:33,O'Neal Bad Pass Turnover (P4.T16),,Palacio STEAL (1 STL),,,4,406,Shaquille O'Neal,1610612747.0,Los Angeles,Lakers,LAL,5,1960,Milt Palacio,1610612739.0,Cleveland,Cavaliers,CLE,0,0,,,,,,0
0020200516,369,1,1,3,12:26 PM,2:28,,,Jones 15' Jump Shot (4 PTS) (Palacio 2 AST),70 - 92,22,5,1908,Jumaine Jones,1610612739.0,Cleveland,Cavaliers,CLE,5,1960,Milt Palacio,1610612739.0,Cleveland,Cavaliers,CLE,0,0,,,,,,0
0020200516,370,1,49,3,12:26 PM,2:08,Bryant  Driving Dunk (20 PTS),,,70 - 94,24,4,977,Kobe Bryant,1610612747.0,Los Angeles,Lakers,LAL,0,0,,,,,,0,0,,,,,,0
0020200516,371,1,47,3,12:26 PM,1:47,,,Jones 11' Turnaround Jump Shot (6 PTS),72 - 94,22,5,1908,Jumaine Jones,1610612739.0,Cleveland,Cavaliers,CLE,0,0,,,,,,0,0,,,,,,0
0020200516,372,1,8,3,12:27 PM,1:30,O'Neal  Slam Dunk (26 PTS) (George 1 AST),,,72 - 96,24,4,406,Shaquille O'Neal,1610612747.0,Los Angeles,Lakers,LAL,4,1904,Devean George,1610612747.0,Los Angeles,Lakers,LAL,0,0,,,,,,0
0020200516,373,2,1,3,12:27 PM,1:03,,,MISS Palacio 16' Jump Shot,,,5,1960,Milt Palacio,1610612739.0,Cleveland,Cavaliers,CLE,0,0,,,,,,0,0,,,,,,0
0020200516,375,4,0,3,12:27 PM,1:01,,,Mihm REBOUND (Off:1 Def:0),,,5,2036,Chris Mihm,1610612739.0,Cleveland,Cavaliers,CLE,0,0,,,,,,0,0,,,,,,0
0020200516,374,2,5,3,12:27 PM,1:01,,,MISS Mihm  Layup,,,5,2036,Chris Mihm,1610612739.0,Cleveland,Cavaliers,CLE,0,0,,,,,,0,0,,,,,,0
0020200516,377,4,0,3,12:27 PM,0:59,,,Mihm REBOUND (Off:2 Def:0),,,5,2036,Chris Mihm,1610612739.0,Cleveland,Cavaliers,CLE,0,0,,,,,,0,0,,,,,,0
0020200516,376,2,5,3,12:27 PM,0:59,,,MISS Mihm  Layup,,,5,2036,Chris Mihm,1610612739.0,Cleveland,Cavaliers,CLE,0,0,,,,,,0,0,,,,,,0
0020200516,378,4,0,3,12:27 PM,0:59,Bryant REBOUND (Off:3 Def:7),,,,,4,977,Kobe Bryant,1610612747.0,Los Angeles,Lakers,LAL,0,0,,,,,,0,0,,,,,,0
0020200516,379,6,1,3,12:27 PM,0:52,,,Diop P.FOUL (P4.PN),,,5,2205,DeSagana Diop,1610612739.0,Cleveland,Cavaliers,CLE,0,0,,,,,,1,0,,,,,,0
0020200516,381,3,11,3,12:28 PM,0:52,MISS Bryant Free Throw 1 of 2,,,,,4,977,Kobe Bryant,1610612747.0,Los Angeles,Lakers,LAL,0,0,,,,,,0,0,,,,,,0
0020200516,382,4,1,3,12:28 PM,0:52,LAKERS Rebound,,,,,2,1610612747,,,,,,0,0,,,,,,0,0,,,,,,0
0020200516,383,8,0,3,12:28 PM,0:52,SUB: Medvedenko FOR O'Neal,,,,,4,406,Shaquille O'Neal,1610612747.0,Los Angeles,Lakers,LAL,4,2098,Slava Medvedenko,1610612747.0,Los Angeles,Lakers,LAL,0,0,,,,,,0
0020200516,384,3,12,3,12:28 PM,0:52,Bryant Free Throw 2 of 2 (21 PTS),,,72 - 97,25,4,977,Kobe Bryant,1610612747.0,Los Angeles,Lakers,LAL,0,0,,,,,,0,0,,,,,,0
0020200516,385,1,1,3,12:28 PM,0:35,,,Palacio 18' Jump Shot (8 PTS) (Diop 1 AST),74 - 97,23,5,1960,Milt Palacio,1610612739.0,Cleveland,Cavaliers,CLE,5,2205,DeSagana Diop,1610612739.0,Cleveland,Cavaliers,CLE,0,0,,,,,,0
0020200516,386,2,1,3,12:29 PM,0:26,MISS Bryant 21' Jump Shot,,,,,4,977,Kobe Bryant,1610612747.0,Los Angeles,Lakers,LAL,0,0,,,,,,0,0,,,,,,0
0020200516,388,4,0,3,12:29 PM,0:23,LAKERS Rebound,,,,,2,1610612747,,,,,,0,0,,,,,,0,0,,,,,,0
0020200516,389,2,1,3,12:29 PM,0:08,MISS George 25' 3PT Jump Shot,,,,,4,1904,Devean George,1610612747.0,Los Angeles,Lakers,LAL,0,0,,,,,,0,0,,,,,,0
0020200516,391,4,0,3,12:29 PM,0:05,Horry REBOUND (Off:2 Def:2),,,,,4,109,Robert Horry,1610612747.0,Los Angeles,Lakers,LAL,0,0,,,,,,0,0,,,,,,0
0020200516,390,2,4,3,12:29 PM,0:05,MISS Horry  Tip Shot,,,,,4,109,Robert Horry,1610612747.0,Los Angeles,Lakers,LAL,0,0,,,,,,0,0,,,,,,0
0020200516,392,4,0,3,12:29 PM,0:03,Medvedenko REBOUND (Off:1 Def:0),,,,,4,2098,Slava Medvedenko,1610612747.0,Los Angeles,Lakers,LAL,0,0,,,,,,0,0,,,,,,0
0020200516,393,2,5,3,12:29 PM,0:02,MISS Medvedenko  Layup,,,,,4,2098,Slava Medvedenko,1610612747.0,Los Angeles,Lakers,LAL,0,0,,,,,,0,0,,,,,,0
0020200516,394,4,0,3,12:29 PM,0:01,George REBOUND (Off:2 Def:0),,,,,4,1904,Devean George,1610612747.0,Los Angeles,Lakers,LAL,0,0,,,,,,0,0,,,,,,0
0020200516,395,2,5,3,12:29 PM,0:01,MISS George  Layup,,Mihm BLOCK (1 BLK),,,4,1904,Devean George,1610612747.0,Los Angeles,Lakers,LAL,0,0,,,,,,5,2036,Chris Mihm,1610612739.0,Cleveland,Cavaliers,CLE,0
0020200516,396,4,0,3,12:29 PM,0:00,,,Palacio REBOUND (Off:0 Def:2),,,5,1960,Milt Palacio,1610612739.0,Cleveland,Cavaliers,CLE,0,0,,,,,,0,0,,,,,,0
0020200516,398,13,0,3,12:30 PM,0:00,,,,74 - 97,23,0,0,,,,,,0,0,,,,,,0,0,,,,,,0
0020200516,400,12,0,4,12:32 PM,12:00,,,,74 - 97,23,0,0,,,,,,0,0,,,,,,0,0,,,,,,0
0020200516,401,2,1,4,12:33 PM,11:49,,,MISS Wagner 18' Jump Shot,,,5,2402,Dajuan Wagner,1610612739.0,Cleveland,Cavaliers,CLE,0,0,,,,,,0,0,,,,,,0
0020200516,402,4,0,4,12:33 PM,11:47,Rush REBOUND (Off:2 Def:1),,,,,4,2416,Kareem Rush,1610612747.0,Los Angeles,Lakers,LAL,0,0,,,,,,0,0,,,,,,0
0020200516,403,2,1,4,12:33 PM,11:41,MISS Rush 14' Jump Shot,,,,,4,2416,Kareem Rush,1610612747.0,Los Angeles,Lakers,LAL,0,0,,,,,,0,0,,,,,,0
0020200516,405,4,0,4,12:33 PM,11:39,Medvedenko REBOUND (Off:2 Def:0),,,,,4,2098,Slava Medvedenko,1610612747.0,Los Angeles,Lakers,LAL,0,0,,,,,,0,0,,,,,,0
0020200516,404,1,5,4,12:33 PM,11:39,Medvedenko  Layup (4 PTS),,,74 - 99,25,4,2098,Slava Medvedenko,1610612747.0,Los Angeles,Lakers,LAL,0,0,,,,,,0,0,,,,,,0
0020200516,406,2,1,4,12:33 PM,11:20,George BLOCK (1 BLK),,MISS Jones 11' Jump Shot,,,5,1908,Jumaine Jones,1610612739.0,Cleveland,Cavaliers,CLE,0,0,,,,,,4,1904,Devean George,1610612747.0,Los Angeles,Lakers,LAL,0
0020200516,407,4,0,4,12:33 PM,11:17,Walker REBOUND (Off:1 Def:5),,,,,4,955,Samaki Walker,1610612747.0,Los Angeles,Lakers,LAL,0,0,,,,,,0,0,,,,,,0
0020200516,408,5,1,4,12:33 PM,11:11,Shaw Bad Pass Turnover (P1.T17),,Mihm STEAL (3 STL),,,4,216,Brian Shaw,1610612747.0,Los Angeles,Lakers,LAL,5,2036,Chris Mihm,1610612739.0,Cleveland,Cavaliers,CLE,0,0,,,,,,0
0020200516,409,1,42,4,12:33 PM,11:02,,,Wagner  Driving Layup (8 PTS),76 - 99,23,5,2402,Dajuan Wagner,1610612739.0,Cleveland,Cavaliers,CLE,0,0,,,,,,0,0,,,,,,0
0020200516,410,1,42,4,12:34 PM,10:41,George  Driving Layup (7 PTS) (Shaw 1 AST),,,76 - 101,25,4,1904,Devean George,1610612747.0,Los Angeles,Lakers,LAL,4,216,Brian Shaw,1610612747.0,Los Angeles,Lakers,LAL,0,0,,,,,,0
0020200516,411,2,1,4,12:34 PM,10:30,,,MISS Wagner 13' Jump Shot,,,5,2402,Dajuan Wagner,1610612739.0,Cleveland,Cavaliers,CLE,0,0,,,,,,0,0,,,,,,0
0020200516,412,4,0,4,12:34 PM,10:27,,,Mihm REBOUND (Off:3 Def:0),,,5,2036,Chris Mihm,1610612739.0,Cleveland,Cavaliers,CLE,0,0,,,,,,0,0,,,,,,0
0020200516,413,6,2,4,12:34 PM,10:27,Medvedenko S.FOUL (P2.T1),,,,,4,2098,Slava Medvedenko,1610612747.0,Los Angeles,Lakers,LAL,0,0,,,,,,1,0,,,,,,0
0020200516,414,3,11,4,12:34 PM,10:27,,,Mihm Free Throw 1 of 2 (3 PTS),77 - 101,24,5,2036,Chris Mihm,1610612739.0,Cleveland,Cavaliers,CLE,0,0,,,,,,0,0,,,,,,0
0020200516,415,3,12,4,12:34 PM,10:27,,,Mihm Free Throw 2 of 2 (4 PTS),78 - 101,23,5,2036,Chris Mihm,1610612739.0,Cleveland,Cavaliers,CLE,0,0,,,,,,0,0,,,,,,0
0020200516,416,6,2,4,12:35 PM,10:15,,,Diop S.FOUL (P5.T1),,,5,2205,DeSagana Diop,1610612739.0,Cleveland,Cavaliers,CLE,0,0,,,,,,1,0,,,,,,0
0020200516,417,3,11,4,12:35 PM,10:15,Medvedenko Free Throw 1 of 2 (5 PTS),,,78 - 102,24,4,2098,Slava Medvedenko,1610612747.0,Los Angeles,Lakers,LAL,0,0,,,,,,0,0,,,,,,0
0020200516,418,8,0,4,12:35 PM,10:15,,,SUB: Boozer FOR Diop,,,5,2205,DeSagana Diop,1610612739.0,Cleveland,Cavaliers,CLE,5,2430,Carlos Boozer,1610612739.0,Cleveland,Cavaliers,CLE,0,0,,,,,,0
0020200516,419,8,0,4,12:36 PM,10:15,,,SUB: Davis FOR Jones,,,5,1908,Jumaine Jones,1610612739.0,Cleveland,Cavaliers,CLE,5,1729,Ricky Davis,1610612739.0,Cleveland,Cavaliers,CLE,0,0,,,,,,0
0020200516,420,3,12,4,12:36 PM,10:15,MISS Medvedenko Free Throw 2 of 2,,,,,4,2098,Slava Medvedenko,1610612747.0,Los Angeles,Lakers,LAL,0,0,,,,,,0,0,,,,,,0
0020200516,421,4,0,4,12:36 PM,10:13,,,Davis REBOUND (Off:0 Def:2),,,5,1729,Ricky Davis,1610612739.0,Cleveland,Cavaliers,CLE,0,0,,,,,,0,0,,,,,,0
0020200516,422,1,46,4,12:36 PM,9:55,,,Wagner 7' Running Jump Shot (10 PTS),80 - 102,22,5,2402,Dajuan Wagner,1610612739.0,Cleveland,Cavaliers,CLE,0,0,,,,,,0,0,,,,,,0
0020200516,423,1,1,4,12:36 PM,9:42,Medvedenko 14' Jump Shot (7 PTS),,,80 - 104,24,4,2098,Slava Medvedenko,1610612747.0,Los Angeles,Lakers,LAL,0,0,,,,,,0,0,,,,,,0
0020200516,424,1,1,4,12:37 PM,9:22,,,Boozer 18' Jump Shot (4 PTS) (Mihm 1 AST),82 - 104,22,5,2430,Carlos Boozer,1610612739.0,Cleveland,Cavaliers,CLE,5,2036,Chris Mihm,1610612739.0,Cleveland,Cavaliers,CLE,0,0,,,,,,0
0020200516,425,2,1,4,12:37 PM,9:05,MISS Rush 15' Jump Shot,,,,,4,2416,Kareem Rush,1610612747.0,Los Angeles,Lakers,LAL,0,0,,,,,,0,0,,,,,,0
0020200516,426,4,0,4,12:37 PM,9:02,,,Mihm REBOUND (Off:3 Def:1),,,5,2036,Chris Mihm,1610612739.0,Cleveland,Cavaliers,CLE,0,0,,,,,,0,0,,,,,,0
0020200516,427,2,5,4,12:37 PM,8:46,,,MISS Palacio  Layup,,,5,1960,Milt Palacio,1610612739.0,Cleveland,Cavaliers,CLE,0,0,,,,,,0,0,,,,,,0
0020200516,428,4,0,4,12:37 PM,8:45,Medvedenko REBOUND (Off:2 Def:1),,,,,4,2098,Slava Medvedenko,1610612747.0,Los Angeles,Lakers,LAL,0,0,,,,,,0,0,,,,,,0
0020200516,429,1,8,4,12:37 PM,8:41,Walker  Slam Dunk (12 PTS) (Medvedenko 1 AST),,,82 - 106,24,4,955,Samaki Walker,1610612747.0,Los Angeles,Lakers,LAL,4,2098,Slava Medvedenko,1610612747.0,Los Angeles,Lakers,LAL,0,0,,,,,,0
0020200516,430,2,1,4,12:38 PM,8:27,,,MISS Wagner 10' Jump Shot,,,5,2402,Dajuan Wagner,1610612739.0,Cleveland,Cavaliers,CLE,0,0,,,,,,0,0,,,,,,0
0020200516,431,4,0,4,12:38 PM,8:25,Medvedenko REBOUND (Off:2 Def:2),,,,,4,2098,Slava Medvedenko,1610612747.0,Los Angeles,Lakers,LAL,0,0,,,,,,0,0,,,,,,0
0020200516,432,2,1,4,12:38 PM,8:14,MISS George 16' Jump Shot,,,,,4,1904,Devean George,1610612747.0,Los Angeles,Lakers,LAL,0,0,,,,,,0,0,,,,,,0
0020200516,433,4,0,4,12:38 PM,8:12,,,Boozer REBOUND (Off:0 Def:1),,,5,2430,Carlos Boozer,1610612739.0,Cleveland,Cavaliers,CLE,0,0,,,,,,0,0,,,,,,0
0020200516,434,2,1,4,12:38 PM,8:05,,,MISS Wagner 25' 3PT Jump Shot,,,5,2402,Dajuan Wagner,1610612739.0,Cleveland,Cavaliers,CLE,0,0,,,,,,0,0,,,,,,0
0020200516,435,4,0,4,12:38 PM,8:04,,,Cavaliers Rebound,,,3,1610612739,,,,,,0,0,,,,,,0,0,,,,,,0
0020200516,436,9,4,4,12:38 PM,8:04,,,,,,1,0,,,,,,0,0,,,,,,0,0,,,,,,0
0020200516,438,8,0,4,12:40 PM,8:04,SUB: Madsen FOR Walker,,,,,4,955,Samaki Walker,1610612747.0,Los Angeles,Lakers,LAL,4,2058,Mark Madsen,1610612747.0,Los Angeles,Lakers,LAL,0,0,,,,,,0
0020200516,439,2,1,4,12:41 PM,8:00,,,MISS Davis 13' Jump Shot,,,5,1729,Ricky Davis,1610612739.0,Cleveland,Cavaliers,CLE,0,0,,,,,,0,0,,,,,,0
0020200516,440,4,0,4,12:41 PM,7:58,Madsen REBOUND (Off:0 Def:1),,,,,4,2058,Mark Madsen,1610612747.0,Los Angeles,Lakers,LAL,0,0,,,,,,0,0,,,,,,0
0020200516,441,6,4,4,12:41 PM,7:47,Medvedenko OFF.Foul (P3),,,,,4,2098,Slava Medvedenko,1610612747.0,Los Angeles,Lakers,LAL,0,0,,,,,,1,0,,,,,,0
0020200516,442,5,5,4,12:41 PM,7:47,Medvedenko Foul Turnover (P1.T18),,,,,4,2098,Slava Medvedenko,1610612747.0,Los Angeles,Lakers,LAL,0,0,,,,,,0,0,,,,,,0
0020200516,443,6,2,4,12:41 PM,7:34,George S.FOUL (P1.T2),,,,,4,1904,Devean George,1610612747.0,Los Angeles,Lakers,LAL,0,0,,,,,,1,0,,,,,,0
0020200516,444,3,11,4,12:42 PM,7:34,,,Davis Free Throw 1 of 2 (21 PTS),83 - 106,23,5,1729,Ricky Davis,1610612739.0,Cleveland,Cavaliers,CLE,0,0,,,,,,0,0,,,,,,0
0020200516,445,3,12,4,12:42 PM,7:34,,,MISS Davis Free Throw 2 of 2,,,5,1729,Ricky Davis,1610612739.0,Cleveland,Cavaliers,CLE,0,0,,,,,,0,0,,,,,,0
0020200516,446,4,0,4,12:42 PM,7:32,George REBOUND (Off:2 Def:1),,,,,4,1904,Devean George,1610612747.0,Los Angeles,Lakers,LAL,0,0,,,,,,0,0,,,,,,0
0020200516,447,1,46,4,12:42 PM,7:16,George 9' Running Jump Shot (9 PTS) (Shaw 2 AST),,,83 - 108,25,4,1904,Devean George,1610612747.0,Los Angeles,Lakers,LAL,4,216,Brian Shaw,1610612747.0,Los Angeles,Lakers,LAL,0,0,,,,,,0
0020200516,448,6,2,4,12:42 PM,7:16,,,Mihm S.FOUL (P3.T2),,,5,2036,Chris Mihm,1610612739.0,Cleveland,Cavaliers,CLE,0,0,,,,,,1,0,,,,,,0
0020200516,449,3,10,4,12:42 PM,7:16,George Free Throw 1 of 1 (10 PTS),,,83 - 109,26,4,1904,Devean George,1610612747.0,Los Angeles,Lakers,LAL,0,0,,,,,,0,0,,,,,,0
0020200516,450,6,2,4,12:43 PM,6:56,George S.FOUL (P2.T3),,,,,4,1904,Devean George,1610612747.0,Los Angeles,Lakers,LAL,0,0,,,,,,1,0,,,,,,0
0020200516,451,3,11,4,12:43 PM,6:56,,,Davis Free Throw 1 of 2 (22 PTS),84 - 109,25,5,1729,Ricky Davis,1610612739.0,Cleveland,Cavaliers,CLE,0,0,,,,,,0,0,,,,,,0
0020200516,453,8,0,4,12:43 PM,6:56,,,SUB: Parker FOR Palacio,,,5,1960,Milt Palacio,1610612739.0,Cleveland,Cavaliers,CLE,5,2470,Smush Parker,1610612739.0,Cleveland,Cavaliers,CLE,0,0,,,,,,0
0020200516,454,3,12,4,12:43 PM,6:56,,,Davis Free Throw 2 of 2 (23 PTS),85 - 109,24,5,1729,Ricky Davis,1610612739.0,Cleveland,Cavaliers,CLE,0,0,,,,,,0,0,,,,,,0
0020200516,455,2,3,4,12:44 PM,6:41,MISS Madsen 6' Hook Shot,,,,,4,2058,Mark Madsen,1610612747.0,Los Angeles,Lakers,LAL,0,0,,,,,,0,0,,,,,,0
0020200516,456,4,0,4,12:44 PM,6:37,,,Mihm REBOUND (Off:3 Def:2),,,5,2036,Chris Mihm,1610612739.0,Cleveland,Cavaliers,CLE,0,0,,,,,,0,0,,,,,,0
0020200516,457,6,1,4,12:44 PM,6:34,George P.FOUL (P3.T4),,,,,4,1904,Devean George,1610612747.0,Los Angeles,Lakers,LAL,0,0,,,,,,1,0,,,,,,0
0020200516,458,2,5,4,12:45 PM,6:27,Madsen BLOCK (1 BLK),,MISS Davis  Layup,,,5,1729,Ricky Davis,1610612739.0,Cleveland,Cavaliers,CLE,0,0,,,,,,4,2058,Mark Madsen,1610612747.0,Los Angeles,Lakers,LAL,0
0020200516,459,4,0,4,12:45 PM,6:24,George REBOUND (Off:2 Def:2),,,,,4,1904,Devean George,1610612747.0,Los Angeles,Lakers,LAL,0,0,,,,,,0,0,,,,,,0
0020200516,460,6,2,4,12:45 PM,6:17,,,Davis S.FOUL (P2.T3),,,5,1729,Ricky Davis,1610612739.0,Cleveland,Cavaliers,CLE,0,0,,,,,,1,0,,,,,,0
0020200516,461,3,11,4,12:45 PM,6:17,Shaw Free Throw 1 of 2 (1 PTS),,,85 - 110,25,4,216,Brian Shaw,1610612747.0,Los Angeles,Lakers,LAL,0,0,,,,,,0,0,,,,,,0
0020200516,462,3,12,4,12:45 PM,6:17,Shaw Free Throw 2 of 2 (2 PTS),,,85 - 111,26,4,216,Brian Shaw,1610612747.0,Los Angeles,Lakers,LAL,0,0,,,,,,0,0,,,,,,0
0020200516,464,2,1,4,12:46 PM,6:00,George BLOCK (2 BLK),,MISS Davis 11' Jump Shot,,,5,1729,Ricky Davis,1610612739.0,Cleveland,Cavaliers,CLE,0,0,,,,,,4,1904,Devean George,1610612747.0,Los Angeles,Lakers,LAL,0
0020200516,465,4,0,4,12:46 PM,5:58,George REBOUND (Off:2 Def:3),,,,,4,1904,Devean George,1610612747.0,Los Angeles,Lakers,LAL,0,0,,,,,,0,0,,,,,,0
0020200516,466,2,1,4,12:46 PM,5:53,MISS Rush 26' 3PT Jump Shot,,,,,4,2416,Kareem Rush,1610612747.0,Los Angeles,Lakers,LAL,0,0,,,,,,0,0,,,,,,0
0020200516,467,4,0,4,12:46 PM,5:51,,,Mihm REBOUND (Off:3 Def:3),,,5,2036,Chris Mihm,1610612739.0,Cleveland,Cavaliers,CLE,0,0,,,,,,0,0,,,,,,0
0020200516,468,1,42,4,12:46 PM,5:48,,,Parker  Driving Layup (6 PTS),87 - 111,24,5,2470,Smush Parker,1610612739.0,Cleveland,Cavaliers,CLE,0,0,,,,,,0,0,,,,,,0
0020200516,469,6,2,4,12:46 PM,5:48,Rush S.FOUL (P2.PN),,,,,4,2416,Kareem Rush,1610612747.0,Los Angeles,Lakers,LAL,0,0,,,,,,1,0,,,,,,0
0020200516,470,9,1,4,12:46 PM,5:48,LAKERS Timeout: Regular (Full 4 Short 1),,,,,2,1610612747,,,,,,0,0,,,,,,0,0,,,,,,0
0020200516,473,8,0,4,12:48 PM,5:48,SUB: Murray FOR Medvedenko,,,,,4,2098,Slava Medvedenko,1610612747.0,Los Angeles,Lakers,LAL,4,145,Tracy Murray,1610612747.0,Los Angeles,Lakers,LAL,0,0,,,,,,0
0020200516,474,3,10,4,12:49 PM,5:48,,,MISS Parker Free Throw 1 of 1,,,5,2470,Smush Parker,1610612739.0,Cleveland,Cavaliers,CLE,0,0,,,,,,0,0,,,,,,0
0020200516,475,4,0,4,12:49 PM,5:46,Madsen REBOUND (Off:0 Def:2),,,,,4,2058,Mark Madsen,1610612747.0,Los Angeles,Lakers,LAL,0,0,,,,,,0,0,,,,,,0
0020200516,476,2,1,4,12:49 PM,5:30,MISS Shaw 21' Jump Shot,,,,,4,216,Brian Shaw,1610612747.0,Los Angeles,Lakers,LAL,0,0,,,,,,0,0,,,,,,0
0020200516,477,4,0,4,12:49 PM,5:28,,,Mihm REBOUND (Off:3 Def:4),,,5,2036,Chris Mihm,1610612739.0,Cleveland,Cavaliers,CLE,0,0,,,,,,0,0,,,,,,0
0020200516,478,5,1,4,12:49 PM,5:20,,,Parker Bad Pass Turnover (P2.T18),,,5,2470,Smush Parker,1610612739.0,Cleveland,Cavaliers,CLE,0,0,,,,,,0,0,,,,,,0
0020200516,479,2,1,4,12:50 PM,5:14,MISS Murray 25' 3PT Jump Shot,,,,,4,145,Tracy Murray,1610612747.0,Los Angeles,Lakers,LAL,0,0,,,,,,0,0,,,,,,0
0020200516,480,4,0,4,12:50 PM,5:12,,,Boozer REBOUND (Off:0 Def:2),,,5,2430,Carlos Boozer,1610612739.0,Cleveland,Cavaliers,CLE,0,0,,,,,,0,0,,,,,,0
0020200516,481,2,1,4,12:50 PM,5:02,Rush BLOCK (1 BLK),,MISS Wagner 6' Jump Shot,,,5,2402,Dajuan Wagner,1610612739.0,Cleveland,Cavaliers,CLE,0,0,,,,,,4,2416,Kareem Rush,1610612747.0,Los Angeles,Lakers,LAL,0
0020200516,483,4,0,4,12:50 PM,5:02,LAKERS Rebound,,,,,2,1610612747,,,,,,0,0,,,,,,0,0,,,,,,0
0020200516,482,8,0,4,12:50 PM,5:02,,,SUB: Palacio FOR Parker,,,5,2470,Smush Parker,1610612739.0,Cleveland,Cavaliers,CLE,5,1960,Milt Palacio,1610612739.0,Cleveland,Cavaliers,CLE,0,0,,,,,,0
0020200516,484,10,0,4,12:50 PM,5:02,Jump Ball Murray vs. Wagner: Tip to Rush,,,,,4,145,Tracy Murray,1610612747.0,Los Angeles,Lakers,LAL,5,2402,Dajuan Wagner,1610612739.0,Cleveland,Cavaliers,CLE,4,2416,Kareem Rush,1610612747.0,Los Angeles,Lakers,LAL,0
0020200516,486,2,1,4,12:50 PM,4:47,MISS Rush 9' Jump Shot,,,,,4,2416,Kareem Rush,1610612747.0,Los Angeles,Lakers,LAL,0,0,,,,,,0,0,,,,,,0
0020200516,487,4,0,4,12:50 PM,4:47,LAKERS Rebound,,,,,2,1610612747,,,,,,0,0,,,,,,0,0,,,,,,0
0020200516,488,5,1,4,12:51 PM,4:45,Shaw Bad Pass Turnover (P2.T19),,Boozer STEAL (1 STL),,,4,216,Brian Shaw,1610612747.0,Los Angeles,Lakers,LAL,5,2430,Carlos Boozer,1610612739.0,Cleveland,Cavaliers,CLE,0,0,,,,,,0
0020200516,490,1,1,4,12:51 PM,4:43,,,Davis 10' Jump Shot (25 PTS) (Boozer 1 AST),89 - 111,22,5,1729,Ricky Davis,1610612739.0,Cleveland,Cavaliers,CLE,5,2430,Carlos Boozer,1610612739.0,Cleveland,Cavaliers,CLE,0,0,,,,,,0
0020200516,491,6,2,4,12:51 PM,4:43,George S.FOUL (P4.PN),,,,,4,1904,Devean George,1610612747.0,Los Angeles,Lakers,LAL,0,0,,,,,,1,0,,,,,,0
0020200516,492,3,10,4,12:51 PM,4:43,,,Davis Free Throw 1 of 1 (26 PTS),90 - 111,21,5,1729,Ricky Davis,1610612739.0,Cleveland,Cavaliers,CLE,0,0,,,,,,0,0,,,,,,0
0020200516,493,2,1,4,12:52 PM,4:26,MISS George 21' Jump Shot,,,,,4,1904,Devean George,1610612747.0,Los Angeles,Lakers,LAL,0,0,,,,,,0,0,,,,,,0
0020200516,494,4,0,4,12:52 PM,4:24,,,Davis REBOUND (Off:0 Def:3),,,5,1729,Ricky Davis,1610612739.0,Cleveland,Cavaliers,CLE,0,0,,,,,,0,0,,,,,,0
0020200516,495,6,2,4,12:52 PM,4:18,Rush S.FOUL (P3.PN),,,,,4,2416,Kareem Rush,1610612747.0,Los Angeles,Lakers,LAL,0,0,,,,,,1,0,,,,,,0
0020200516,496,3,11,4,12:52 PM,4:18,,,MISS Davis Free Throw 1 of 2,,,5,1729,Ricky Davis,1610612739.0,Cleveland,Cavaliers,CLE,0,0,,,,,,0,0,,,,,,0
0020200516,497,4,1,4,12:52 PM,4:18,,,Cavaliers Rebound,,,3,1610612739,,,,,,0,0,,,,,,0,0,,,,,,0
0020200516,498,3,12,4,12:52 PM,4:18,,,Davis Free Throw 2 of 2 (27 PTS),91 - 111,20,5,1729,Ricky Davis,1610612739.0,Cleveland,Cavaliers,CLE,0,0,,,,,,0,0,,,,,,0
0020200516,499,2,1,4,12:53 PM,3:57,MISS Madsen 10' Jump Shot,,,,,4,2058,Mark Madsen,1610612747.0,Los Angeles,Lakers,LAL,0,0,,,,,,0,0,,,,,,0
0020200516,501,4,0,4,12:53 PM,3:55,Murray REBOUND (Off:1 Def:0),,,,,4,145,Tracy Murray,1610612747.0,Los Angeles,Lakers,LAL,0,0,,,,,,0,0,,,,,,0
0020200516,500,1,5,4,12:53 PM,3:55,Murray  Layup (2 PTS),,,91 - 113,22,4,145,Tracy Murray,1610612747.0,Los Angeles,Lakers,LAL,0,0,,,,,,0,0,,,,,,0
0020200516,502,1,8,4,12:53 PM,3:42,,,Boozer  Slam Dunk (6 PTS) (Wagner 3 AST),93 - 113,20,5,2430,Carlos Boozer,1610612739.0,Cleveland,Cavaliers,CLE,5,2402,Dajuan Wagner,1610612739.0,Cleveland,Cavaliers,CLE,0,0,,,,,,0
0020200516,503,5,1,4,12:53 PM,3:33,George Bad Pass Turnover (P1.T20),,Palacio STEAL (2 STL),,,4,1904,Devean George,1610612747.0,Los Angeles,Lakers,LAL,5,1960,Milt Palacio,1610612739.0,Cleveland,Cavaliers,CLE,0,0,,,,,,0
0020200516,504,8,0,4,12:53 PM,3:27,,,SUB: Miles FOR Davis,,,5,1729,Ricky Davis,1610612739.0,Cleveland,Cavaliers,CLE,5,2032,Darius Miles,1610612739.0,Cleveland,Cavaliers,CLE,0,0,,,,,,0
0020200516,505,8,0,4,12:53 PM,3:27,,,SUB: Stewart FOR Mihm,,,5,2036,Chris Mihm,1610612739.0,Cleveland,Cavaliers,CLE,5,1565,Michael Stewart,1610612739.0,Cleveland,Cavaliers,CLE,0,0,,,,,,0
0020200516,506,6,2,4,12:54 PM,3:23,Rush S.FOUL (P4.PN),,,,,4,2416,Kareem Rush,1610612747.0,Los Angeles,Lakers,LAL,0,0,,,,,,1,0,,,,,,0
0020200516,507,3,11,4,12:54 PM,3:23,,,Wagner Free Throw 1 of 2 (11 PTS),94 - 113,19,5,2402,Dajuan Wagner,1610612739.0,Cleveland,Cavaliers,CLE,0,0,,,,,,0,0,,,,,,0
0020200516,508,3,12,4,12:54 PM,3:23,,,Wagner Free Throw 2 of 2 (12 PTS),95 - 113,18,5,2402,Dajuan Wagner,1610612739.0,Cleveland,Cavaliers,CLE,0,0,,,,,,0,0,,,,,,0
0020200516,509,5,1,4,12:55 PM,3:10,Shaw Bad Pass Turnover (P3.T21),,,,,4,216,Brian Shaw,1610612747.0,Los Angeles,Lakers,LAL,0,0,,,,,,0,0,,,,,,0
0020200516,510,5,1,4,12:55 PM,2:55,George STEAL (2 STL),,Wagner Bad Pass Turnover (P2.T19),,,5,2402,Dajuan Wagner,1610612739.0,Cleveland,Cavaliers,CLE,4,1904,Devean George,1610612747.0,Los Angeles,Lakers,LAL,0,0,,,,,,0
0020200516,511,2,1,4,12:55 PM,2:43,MISS Murray 17' Jump Shot,,,,,4,145,Tracy Murray,1610612747.0,Los Angeles,Lakers,LAL,0,0,,,,,,0,0,,,,,,0
0020200516,512,4,0,4,12:55 PM,2:41,,,Stewart REBOUND (Off:0 Def:1),,,5,1565,Michael Stewart,1610612739.0,Cleveland,Cavaliers,CLE,0,0,,,,,,0,0,,,,,,0
0020200516,513,2,1,4,12:55 PM,2:27,,,MISS Miles 15' Jump Shot,,,5,2032,Darius Miles,1610612739.0,Cleveland,Cavaliers,CLE,0,0,,,,,,0,0,,,,,,0
0020200516,514,4,0,4,12:55 PM,2:26,Murray REBOUND (Off:1 Def:1),,,,,4,145,Tracy Murray,1610612747.0,Los Angeles,Lakers,LAL,0,0,,,,,,0,0,,,,,,0
0020200516,515,2,1,4,12:56 PM,2:06,MISS Rush 25' 3PT Jump Shot,,,,,4,2416,Kareem Rush,1610612747.0,Los Angeles,Lakers,LAL,0,0,,,,,,0,0,,,,,,0
0020200516,516,4,0,4,12:56 PM,2:04,,,Boozer REBOUND (Off:0 Def:3),,,5,2430,Carlos Boozer,1610612739.0,Cleveland,Cavaliers,CLE,0,0,,,,,,0,0,,,,,,0
0020200516,517,6,1,4,12:56 PM,1:58,George P.FOUL (P5.PN),,,,,4,1904,Devean George,1610612747.0,Los Angeles,Lakers,LAL,0,0,,,,,,1,0,,,,,,0
0020200516,518,9,1,4,12:56 PM,1:58,,,Cavaliers Timeout: Regular (Reg.4 Short 1),,,3,1610612739,,,,,,0,0,,,,,,0,0,,,,,,0
0020200516,519,8,0,4,12:58 PM,1:58,SUB: Medvedenko FOR George,,,,,4,1904,Devean George,1610612747.0,Los Angeles,Lakers,LAL,4,2098,Slava Medvedenko,1610612747.0,Los Angeles,Lakers,LAL,0,0,,,,,,0
0020200516,521,3,11,4,12:59 PM,1:58,,,MISS Wagner Free Throw 1 of 2,,,5,2402,Dajuan Wagner,1610612739.0,Cleveland,Cavaliers,CLE,0,0,,,,,,0,0,,,,,,0
0020200516,522,4,1,4,12:59 PM,1:58,,,Cavaliers Rebound,,,3,1610612739,,,,,,0,0,,,,,,0,0,,,,,,0
0020200516,523,3,12,4,12:59 PM,1:58,,,MISS Wagner Free Throw 2 of 2,,,5,2402,Dajuan Wagner,1610612739.0,Cleveland,Cavaliers,CLE,0,0,,,,,,0,0,,,,,,0
0020200516,524,4,0,4,12:59 PM,1:57,Madsen REBOUND (Off:0 Def:3),,,,,4,2058,Mark Madsen,1610612747.0,Los Angeles,Lakers,LAL,0,0,,,,,,0,0,,,,,,0
0020200516,525,5,2,4,12:59 PM,1:42,Madsen Lost Ball Turnover (P1.T22),,,,,4,2058,Mark Madsen,1610612747.0,Los Angeles,Lakers,LAL,0,0,,,,,,0,0,,,,,,0
0020200516,526,2,1,4,13:00 PM,1:23,,,MISS Miles 15' Jump Shot,,,5,2032,Darius Miles,1610612739.0,Cleveland,Cavaliers,CLE,0,0,,,,,,0,0,,,,,,0
0020200516,527,4,0,4,13:00 PM,1:21,Madsen REBOUND (Off:0 Def:4),,,,,4,2058,Mark Madsen,1610612747.0,Los Angeles,Lakers,LAL,0,0,,,,,,0,0,,,,,,0
0020200516,528,5,1,4,13:00 PM,1:15,Murray Bad Pass Turnover (P1.T23),,Boozer STEAL (2 STL),,,4,145,Tracy Murray,1610612747.0,Los Angeles,Lakers,LAL,5,2430,Carlos Boozer,1610612739.0,Cleveland,Cavaliers,CLE,0,0,,,,,,0
0020200516,529,1,5,4,13:00 PM,1:06,,,Stewart  Layup (2 PTS) (Palacio 3 AST),97 - 113,16,5,1565,Michael Stewart,1610612739.0,Cleveland,Cavaliers,CLE,5,1960,Milt Palacio,1610612739.0,Cleveland,Cavaliers,CLE,0,0,,,,,,0
0020200516,530,2,1,4,13:00 PM,0:52,MISS Medvedenko 13' Jump Shot,,,,,4,2098,Slava Medvedenko,1610612747.0,Los Angeles,Lakers,LAL,0,0,,,,,,0,0,,,,,,0
0020200516,531,4,0,4,13:00 PM,0:50,,,Palacio REBOUND (Off:0 Def:3),,,5,1960,Milt Palacio,1610612739.0,Cleveland,Cavaliers,CLE,0,0,,,,,,0,0,,,,,,0
0020200516,532,1,49,4,13:00 PM,0:47,,,Miles  Driving Dunk (4 PTS) (Palacio 4 AST),99 - 113,14,5,2032,Darius Miles,1610612739.0,Cleveland,Cavaliers,CLE,5,1960,Milt Palacio,1610612739.0,Cleveland,Cavaliers,CLE,0,0,,,,,,0
0020200516,533,2,1,4,13:01 PM,0:39,MISS Murray 18' Jump Shot,,,,,4,145,Tracy Murray,1610612747.0,Los Angeles,Lakers,LAL,0,0,,,,,,0,0,,,,,,0
0020200516,534,4,0,4,13:01 PM,0:37,,,Boozer REBOUND (Off:0 Def:4),,,5,2430,Carlos Boozer,1610612739.0,Cleveland,Cavaliers,CLE,0,0,,,,,,0,0,,,,,,0
0020200516,535,2,1,4,13:01 PM,0:23,,,MISS Palacio 27' 3PT Jump Shot,,,5,1960,Milt Palacio,1610612739.0,Cleveland,Cavaliers,CLE,0,0,,,,,,0,0,,,,,,0
0020200516,536,4,0,4,13:01 PM,0:22,Shaw REBOUND (Off:0 Def:1),,,,,4,216,Brian Shaw,1610612747.0,Los Angeles,Lakers,LAL,0,0,,,,,,0,0,,,,,,0
0020200516,537,2,5,4,13:01 PM,0:13,MISS Murray  Layup,,,,,4,145,Tracy Murray,1610612747.0,Los Angeles,Lakers,LAL,0,0,,,,,,0,0,,,,,,0
0020200516,539,4,0,4,13:01 PM,0:12,LAKERS Rebound,,,,,2,1610612747,,,,,,0,0,,,,,,0,0,,,,,,0
0020200516,538,2,5,4,13:01 PM,0:12,MISS Murray  Layup,,,,,4,145,Tracy Murray,1610612747.0,Los Angeles,Lakers,LAL,0,0,,,,,,0,0,,,,,,0
0020200516,541,4,0,4,13:02 PM,0:10,Medvedenko REBOUND (Off:3 Def:2),,,,,4,2098,Slava Medvedenko,1610612747.0,Los Angeles,Lakers,LAL,0,0,,,,,,0,0,,,,,,0
0020200516,540,1,3,4,13:02 PM,0:10,Medvedenko 5' Hook Shot (9 PTS),,,99 - 115,16,4,2098,Slava Medvedenko,1610612747.0,Los Angeles,Lakers,LAL,0,0,,,,,,0,0,,,,,,0
0020200516,542,13,0,4,13:02 PM,0:00,,,,99 - 115,16,0,0,,,,,,0,0,,,,,,0,0,,,,,,0
