GAME_ID,EVENTNUM,EVENTMSGTYPE,EVENTMSGACTIONTYPE,PERIOD,WCTIMESTRING,PCTIMESTRING,HOMEDESCRIPTION,NEUTRALDESCRIPTION,VISITORDESCRIPTION,SCORE,SCOREMARGIN,PERSON1TYPE,PLAYER1_ID,PLAYER1_NAME,PLAYER1_TEAM_ID,PLAYER1_TEAM_CITY,PLAYER1_TEAM_NICKNAME,PLAYER1_TEAM_ABBREVIATION,PERSON2TYPE,PLAYER2_ID,PLAYER2_NAME,PLAYER2_TEAM_ID,PLAYER2_TEAM_CITY,PLAYER2_TEAM_NICKNAME,PLAYER2_TEAM_ABBREVIATION,PERSON3TYPE,PLAYER3_ID,PLAYER3_NAME,PLAYER3_TEAM_ID,PLAYER3_TEAM_CITY,PLAYER3_TEAM_NICKNAME,PLAYER3_TEAM_ABBREVIATION,VIDEO_AVAILABLE_FLAG
0020001157,0,12,0,1,6:09 PM,12:00,,,,,,0,0,,,,,,0,0,,,,,,0,0,,,,,,0
0020001157,1,10,0,1,6:09 PM,12:00,Jump Ball Mourning vs. DeClercq: Tip to Mason,,,,,4,297,Alonzo Mourning,1610612748.0,Miami,Heat,MIA,5,692,Andrew DeClercq,1610612753.0,Orlando,Magic,ORL,4,193,Anthony Mason,1610612748.0,Miami,Heat,MIA,0
0020001157,2,1,1,1,6:10 PM,11:41,Mason 5' Jump Shot (2 PTS),,,0 - 2,2,4,193,Anthony Mason,1610612748.0,Miami,Heat,MIA,0,0,,,,,,0,0,,,,,,0
0020001157,3,2,1,1,6:11 PM,11:13,,,MISS Miller 25' 3PT Jump Shot,,,5,2034,Mike Miller,1610612753.0,Orlando,Magic,ORL,0,0,,,,,,0,0,,,,,,0
0020001157,4,4,0,1,6:11 PM,11:12,Mourning REBOUND (Off:0 Def:1),,,,,4,297,Alonzo Mourning,1610612748.0,Miami,Heat,MIA,0,0,,,,,,0,0,,,,,,0
0020001157,5,1,42,1,6:11 PM,11:04,Mourning  Driving Layup (2 PTS),,,0 - 4,4,4,297,Alonzo Mourning,1610612748.0,Miami,Heat,MIA,0,0,,,,,,0,0,,,,,,0
0020001157,6,2,1,1,6:11 PM,10:51,,,MISS McGrady 14' Jump Shot,,,5,1503,Tracy McGrady,1610612753.0,Orlando,Magic,ORL,0,0,,,,,,0,0,,,,,,0
0020001157,7,4,0,1,6:11 PM,10:49,Mason REBOUND (Off:0 Def:1),,,,,4,193,Anthony Mason,1610612748.0,Miami,Heat,MIA,0,0,,,,,,0,0,,,,,,0
0020001157,8,1,3,1,6:11 PM,10:42,Mourning 5' Hook Shot (4 PTS) (Mason 1 AST),,,0 - 6,6,4,297,Alonzo Mourning,1610612748.0,Miami,Heat,MIA,4,193,Anthony Mason,1610612748.0,Miami,Heat,MIA,0,0,,,,,,0
0020001157,9,1,3,1,6:12 PM,10:18,,,McGrady 5' Hook Shot (2 PTS) (Miller 1 AST),2 - 6,4,5,1503,Tracy McGrady,1610612753.0,Orlando,Magic,ORL,5,2034,Mike Miller,1610612753.0,Orlando,Magic,ORL,0,0,,,,,,0
0020001157,10,6,1,1,6:12 PM,10:07,,,DeClercq P.FOUL (P1.T1),,,5,692,Andrew DeClercq,1610612753.0,Orlando,Magic,ORL,0,0,,,,,,1,0,,,,,,0
0020001157,11,5,1,1,6:12 PM,9:55,Mourning Bad Pass Turnover (P1.T1),,,,,4,297,Alonzo Mourning,1610612748.0,Miami,Heat,MIA,0,0,,,,,,0,0,,,,,,0
0020001157,12,1,1,1,6:12 PM,9:44,,,Miller 21' Jump Shot (2 PTS) (Outlaw 1 AST),4 - 6,2,5,2034,Mike Miller,1610612753.0,Orlando,Magic,ORL,5,448,Bo Outlaw,1610612753.0,Orlando,Magic,ORL,0,0,,,,,,0
0020001157,13,2,5,1,6:13 PM,9:28,MISS Mourning  Layup,,Outlaw BLOCK (1 BLK),,,4,297,Alonzo Mourning,1610612748.0,Miami,Heat,MIA,0,0,,,,,,5,448,Bo Outlaw,1610612753.0,Orlando,Magic,ORL,0
0020001157,14,4,0,1,6:13 PM,9:26,Mourning REBOUND (Off:1 Def:1),,,,,4,297,Alonzo Mourning,1610612748.0,Miami,Heat,MIA,0,0,,,,,,0,0,,,,,,0
0020001157,15,1,1,1,6:13 PM,9:24,Mourning 9' Jump Shot (6 PTS),,,4 - 8,4,4,297,Alonzo Mourning,1610612748.0,Miami,Heat,MIA,0,0,,,,,,0,0,,,,,,0
0020001157,16,1,56,1,6:13 PM,9:18,,,Hudson 5' Running Hook Shot (2 PTS),6 - 8,2,5,1607,Troy Hudson,1610612753.0,Orlando,Magic,ORL,0,0,,,,,,0,0,,,,,,0
0020001157,17,6,1,1,6:13 PM,9:08,,,DeClercq P.FOUL (P2.T2),,,5,692,Andrew DeClercq,1610612753.0,Orlando,Magic,ORL,0,0,,,,,,1,0,,,,,,0
0020001157,18,8,0,1,6:13 PM,9:08,,,SUB: Reid FOR DeClercq,,,5,692,Andrew DeClercq,1610612753.0,Orlando,Magic,ORL,5,690,Don Reid,1610612753.0,Orlando,Magic,ORL,0,0,,,,,,0
0020001157,19,1,5,1,6:14 PM,8:59,Carter  Layup (2 PTS) (Mason 2 AST),,,6 - 10,4,4,1853,Anthony Carter,1610612748.0,Miami,Heat,MIA,4,193,Anthony Mason,1610612748.0,Miami,Heat,MIA,0,0,,,,,,0
0020001157,20,1,1,1,6:14 PM,8:44,,,McGrady 16' Jump Shot (4 PTS) (Hudson 1 AST),8 - 10,2,5,1503,Tracy McGrady,1610612753.0,Orlando,Magic,ORL,5,1607,Troy Hudson,1610612753.0,Orlando,Magic,ORL,0,0,,,,,,0
0020001157,21,1,3,1,6:14 PM,8:30,Mason 5' Hook Shot (4 PTS),,,8 - 12,4,4,193,Anthony Mason,1610612748.0,Miami,Heat,MIA,0,0,,,,,,0,0,,,,,,0
0020001157,22,2,1,1,6:14 PM,8:16,Mourning BLOCK (1 BLK),,MISS McGrady 5' Jump Shot,,,5,1503,Tracy McGrady,1610612753.0,Orlando,Magic,ORL,0,0,,,,,,4,297,Alonzo Mourning,1610612748.0,Miami,Heat,MIA,0
0020001157,23,4,0,1,6:15 PM,8:14,Mourning REBOUND (Off:1 Def:2),,,,,4,297,Alonzo Mourning,1610612748.0,Miami,Heat,MIA,0,0,,,,,,0,0,,,,,,0
0020001157,24,6,4,1,6:15 PM,8:03,Carter OFF.Foul (P1),,,,,4,1853,Anthony Carter,1610612748.0,Miami,Heat,MIA,0,0,,,,,,1,0,,,,,,0
0020001157,25,5,5,1,6:15 PM,8:03,Carter Foul Turnover (P1.T2),,,,,4,1853,Anthony Carter,1610612748.0,Miami,Heat,MIA,0,0,,,,,,0,0,,,,,,0
0020001157,26,2,42,1,6:15 PM,7:47,,,MISS McGrady  Driving Layup,,,5,1503,Tracy McGrady,1610612753.0,Orlando,Magic,ORL,0,0,,,,,,0,0,,,,,,0
0020001157,27,4,0,1,6:15 PM,7:45,Mason REBOUND (Off:0 Def:2),,,,,4,193,Anthony Mason,1610612748.0,Miami,Heat,MIA,0,0,,,,,,0,0,,,,,,0
0020001157,28,2,1,1,6:15 PM,7:33,MISS Carter 20' Jump Shot,,,,,4,1853,Anthony Carter,1610612748.0,Miami,Heat,MIA,0,0,,,,,,0,0,,,,,,0
0020001157,29,4,0,1,6:16 PM,7:31,Mason REBOUND (Off:1 Def:2),,,,,4,193,Anthony Mason,1610612748.0,Miami,Heat,MIA,0,0,,,,,,0,0,,,,,,0
0020001157,30,2,1,1,6:16 PM,7:26,MISS Mourning 19' Jump Shot,,,,,4,297,Alonzo Mourning,1610612748.0,Miami,Heat,MIA,0,0,,,,,,0,0,,,,,,0
0020001157,31,4,0,1,6:16 PM,7:25,Mason REBOUND (Off:2 Def:2),,,,,4,193,Anthony Mason,1610612748.0,Miami,Heat,MIA,0,0,,,,,,0,0,,,,,,0
0020001157,32,5,2,1,6:16 PM,7:19,Mourning Lost Ball Turnover (P2.T3),,McGrady STEAL (1 STL),,,4,297,Alonzo Mourning,1610612748.0,Miami,Heat,MIA,5,1503,Tracy McGrady,1610612753.0,Orlando,Magic,ORL,0,0,,,,,,0
0020001157,33,6,1,1,6:16 PM,7:19,Carter P.FOUL (P2.T1),,,,,4,1853,Anthony Carter,1610612748.0,Miami,Heat,MIA,0,0,,,,,,1,0,,,,,,0
0020001157,35,8,0,1,6:16 PM,7:19,SUB: Grant FOR Mourning,,,,,4,297,Alonzo Mourning,1610612748.0,Miami,Heat,MIA,4,258,Brian Grant,1610612748.0,Miami,Heat,MIA,0,0,,,,,,0
0020001157,36,8,0,1,6:16 PM,7:19,SUB: House FOR Carter,,,,,4,1853,Anthony Carter,1610612748.0,Miami,Heat,MIA,4,2067,Eddie House,1610612748.0,Miami,Heat,MIA,0,0,,,,,,0
0020001157,37,1,42,1,6:17 PM,7:08,,,McGrady  Driving Layup (6 PTS),10 - 12,2,5,1503,Tracy McGrady,1610612753.0,Orlando,Magic,ORL,0,0,,,,,,0,0,,,,,,0
0020001157,38,5,1,1,6:17 PM,6:55,Majerle Bad Pass Turnover (P1.T4),,,,,4,105,Dan Majerle,1610612748.0,Miami,Heat,MIA,0,0,,,,,,0,0,,,,,,0
0020001157,39,6,1,1,6:17 PM,6:41,Bowen P.FOUL (P1.T2),,,,,4,1477,Bruce Bowen,1610612748.0,Miami,Heat,MIA,0,0,,,,,,1,0,,,,,,0
0020001157,40,6,1,1,6:18 PM,6:33,Bowen P.FOUL (P2.T3),,,,,4,1477,Bruce Bowen,1610612748.0,Miami,Heat,MIA,0,0,,,,,,1,0,,,,,,0
0020001157,41,1,1,1,6:18 PM,6:28,,,Miller 25' 3PT Jump Shot (5 PTS) (Hudson 2 AST),13 - 12,-1,5,2034,Mike Miller,1610612753.0,Orlando,Magic,ORL,5,1607,Troy Hudson,1610612753.0,Orlando,Magic,ORL,0,0,,,,,,0
0020001157,42,5,1,1,6:18 PM,6:16,House Bad Pass Turnover (P1.T5),,McGrady STEAL (2 STL),,,4,2067,Eddie House,1610612748.0,Miami,Heat,MIA,5,1503,Tracy McGrady,1610612753.0,Orlando,Magic,ORL,0,0,,,,,,0
0020001157,43,1,51,1,6:18 PM,6:10,,,McGrady  Reverse Dunk (8 PTS),15 - 12,-3,5,1503,Tracy McGrady,1610612753.0,Orlando,Magic,ORL,0,0,,,,,,0,0,,,,,,0
0020001157,44,9,1,1,6:18 PM,6:00,HEAT Timeout: Regular (Full 1 Short 0),,,,,2,1610612748,,,,,,0,0,,,,,,0,0,,,,,,0
0020001157,46,8,0,1,6:21 PM,6:00,SUB: Jones FOR Bowen,,,,,4,1477,Bruce Bowen,1610612748.0,Miami,Heat,MIA,4,224,Eddie Jones,1610612748.0,Miami,Heat,MIA,0,0,,,,,,0
0020001157,47,1,3,1,6:21 PM,5:47,Mason 6' Hook Shot (6 PTS),,,15 - 14,-1,4,193,Anthony Mason,1610612748.0,Miami,Heat,MIA,0,0,,,,,,0,0,,,,,,0
0020001157,48,1,46,1,6:21 PM,5:31,,,McGrady 9' Running Jump Shot (10 PTS),17 - 14,-3,5,1503,Tracy McGrady,1610612753.0,Orlando,Magic,ORL,0,0,,,,,,0,0,,,,,,0
0020001157,49,6,1,1,6:22 PM,5:16,,,Reid P.FOUL (P1.T3),,,5,690,Don Reid,1610612753.0,Orlando,Magic,ORL,0,0,,,,,,1,0,,,,,,0
0020001157,50,6,1,1,6:22 PM,5:04,,,Reid P.FOUL (P2.T4),,,5,690,Don Reid,1610612753.0,Orlando,Magic,ORL,0,0,,,,,,1,0,,,,,,0
0020001157,51,2,3,1,6:23 PM,4:57,MISS Mason 7' Hook Shot,,,,,4,193,Anthony Mason,1610612748.0,Miami,Heat,MIA,0,0,,,,,,0,0,,,,,,0
0020001157,52,4,0,1,6:23 PM,4:55,,,Outlaw REBOUND (Off:0 Def:1),,,5,448,Bo Outlaw,1610612753.0,Orlando,Magic,ORL,0,0,,,,,,0,0,,,,,,0
0020001157,53,2,1,1,6:23 PM,4:49,,,MISS Hudson 17' Jump Shot,,,5,1607,Troy Hudson,1610612753.0,Orlando,Magic,ORL,0,0,,,,,,0,0,,,,,,0
0020001157,54,4,0,1,6:23 PM,4:47,Grant REBOUND (Off:0 Def:1),,,,,4,258,Brian Grant,1610612748.0,Miami,Heat,MIA,0,0,,,,,,0,0,,,,,,0
0020001157,55,5,1,1,6:23 PM,4:47,Grant Bad Pass Turnover (P1.T6),,,,,4,258,Brian Grant,1610612748.0,Miami,Heat,MIA,0,0,,,,,,0,0,,,,,,0
0020001157,56,1,3,1,6:23 PM,4:27,,,Hudson 5' Hook Shot (4 PTS),19 - 14,-5,5,1607,Troy Hudson,1610612753.0,Orlando,Magic,ORL,0,0,,,,,,0,0,,,,,,0
0020001157,57,7,6,1,6:24 PM,4:24,,,Outlaw Violation:Double Lane,,,5,448,Bo Outlaw,1610612753.0,Orlando,Magic,ORL,0,0,,,,,,1,0,,,,,,0
0020001157,58,6,16,1,6:24 PM,4:24,,,,,,4,193,Anthony Mason,1610612748.0,Miami,Heat,MIA,5,448,Bo Outlaw,1610612753.0,Orlando,Magic,ORL,1,0,,,,,,0
0020001157,60,2,1,1,6:25 PM,4:10,MISS House 21' Jump Shot,,,,,4,2067,Eddie House,1610612748.0,Miami,Heat,MIA,0,0,,,,,,0,0,,,,,,0
0020001157,61,4,0,1,6:25 PM,4:07,,,Reid REBOUND (Off:0 Def:1),,,5,690,Don Reid,1610612753.0,Orlando,Magic,ORL,0,0,,,,,,0,0,,,,,,0
0020001157,62,1,7,1,6:25 PM,4:00,,,Reid  Dunk (2 PTS) (McGrady 1 AST),21 - 14,-7,5,690,Don Reid,1610612753.0,Orlando,Magic,ORL,5,1503,Tracy McGrady,1610612753.0,Orlando,Magic,ORL,0,0,,,,,,0
0020001157,63,5,1,1,6:25 PM,3:40,Majerle Bad Pass Turnover (P2.T7),,Miller STEAL (1 STL),,,4,105,Dan Majerle,1610612748.0,Miami,Heat,MIA,5,2034,Mike Miller,1610612753.0,Orlando,Magic,ORL,0,0,,,,,,0
0020001157,64,6,1,1,6:25 PM,3:40,Jones P.FOUL (P1.T4),,,,,4,224,Eddie Jones,1610612748.0,Miami,Heat,MIA,0,0,,,,,,1,0,,,,,,0
0020001157,65,8,0,1,6:25 PM,3:40,SUB: Mourning FOR Majerle,,,,,4,105,Dan Majerle,1610612748.0,Miami,Heat,MIA,4,297,Alonzo Mourning,1610612748.0,Miami,Heat,MIA,0,0,,,,,,0
0020001157,66,6,4,1,6:26 PM,3:33,,,Reid OFF.Foul (P3),,,5,690,Don Reid,1610612753.0,Orlando,Magic,ORL,0,0,,,,,,1,0,,,,,,0
0020001157,67,5,5,1,6:26 PM,3:33,,,Reid Foul Turnover (P1.T1),,,5,690,Don Reid,1610612753.0,Orlando,Magic,ORL,0,0,,,,,,0,0,,,,,,0
0020001157,68,8,0,1,6:26 PM,3:33,,,SUB: Amaechi FOR Reid,,,5,690,Don Reid,1610612753.0,Orlando,Magic,ORL,5,680,John Amaechi,1610612753.0,Orlando,Magic,ORL,0,0,,,,,,0
0020001157,73,2,45,1,6:26 PM,3:20,MISS House 22' Jump Shot,,,,,4,2067,Eddie House,1610612748.0,Miami,Heat,MIA,0,0,,,,,,0,0,,,,,,0
0020001157,79,4,0,1,6:26 PM,3:19,Grant REBOUND (Off:1 Def:1),,,,,4,258,Brian Grant,1610612748.0,Miami,Heat,MIA,0,0,,,,,,0,0,,,,,,0
0020001157,70,6,2,1,6:27 PM,3:10,,,Amaechi S.FOUL (P1.PN),,,5,680,John Amaechi,1610612753.0,Orlando,Magic,ORL,0,0,,,,,,1,0,,,,,,0
0020001157,71,8,0,1,6:27 PM,3:10,,,SUB: Garrity FOR Miller,,,5,2034,Mike Miller,1610612753.0,Orlando,Magic,ORL,5,1727,Pat Garrity,1610612753.0,Orlando,Magic,ORL,0,0,,,,,,0
0020001157,72,3,11,1,6:27 PM,3:10,Grant Free Throw 1 of 2 (1 PTS),,,21 - 15,-6,4,258,Brian Grant,1610612748.0,Miami,Heat,MIA,0,0,,,,,,0,0,,,,,,0
0020001157,74,3,12,1,6:27 PM,3:10,Grant Free Throw 2 of 2 (2 PTS),,,21 - 16,-5,4,258,Brian Grant,1610612748.0,Miami,Heat,MIA,0,0,,,,,,0,0,,,,,,0
0020001157,75,2,1,1,6:28 PM,2:55,,,MISS McGrady 25' 3PT Jump Shot,,,5,1503,Tracy McGrady,1610612753.0,Orlando,Magic,ORL,0,0,,,,,,0,0,,,,,,0
0020001157,77,4,0,1,6:28 PM,2:52,House REBOUND (Off:0 Def:1),,,,,4,2067,Eddie House,1610612748.0,Miami,Heat,MIA,0,0,,,,,,0,0,,,,,,0
0020001157,78,9,1,1,6:28 PM,2:46,,,Magic Timeout: Regular (Reg.1 Short 0),,,3,1610612753,,,,,,0,0,,,,,,0,0,,,,,,0
0020001157,80,8,0,1,6:30 PM,2:46,,,SUB: Brown FOR Hudson,,,5,1607,Troy Hudson,1610612753.0,Orlando,Magic,ORL,5,244,Dee Brown,1610612753.0,Orlando,Magic,ORL,0,0,,,,,,0
0020001157,81,2,1,1,6:30 PM,2:36,MISS House 21' Jump Shot,,,,,4,2067,Eddie House,1610612748.0,Miami,Heat,MIA,0,0,,,,,,0,0,,,,,,0
0020001157,82,4,0,1,6:30 PM,2:34,,,McGrady REBOUND (Off:0 Def:1),,,5,1503,Tracy McGrady,1610612753.0,Orlando,Magic,ORL,0,0,,,,,,0,0,,,,,,0
0020001157,83,6,2,1,6:31 PM,2:15,Grant S.FOUL (P1.PN),,,,,4,258,Brian Grant,1610612748.0,Miami,Heat,MIA,0,0,,,,,,1,0,,,,,,0
0020001157,84,3,11,1,6:31 PM,2:15,,,MISS Amaechi Free Throw 1 of 2,,,5,680,John Amaechi,1610612753.0,Orlando,Magic,ORL,0,0,,,,,,0,0,,,,,,0
0020001157,85,4,1,1,6:31 PM,2:15,,,Magic Rebound,,,3,1610612753,,,,,,0,0,,,,,,0,0,,,,,,0
0020001157,87,3,12,1,6:31 PM,2:15,,,Amaechi Free Throw 2 of 2 (1 PTS),22 - 16,-6,5,680,John Amaechi,1610612753.0,Orlando,Magic,ORL,0,0,,,,,,0,0,,,,,,0
0020001157,88,2,1,1,6:32 PM,1:54,MISS Grant 20' Jump Shot,,,,,4,258,Brian Grant,1610612748.0,Miami,Heat,MIA,0,0,,,,,,0,0,,,,,,0
0020001157,89,4,0,1,6:32 PM,1:53,HEAT Rebound,,,,,2,1610612748,,,,,,0,0,,,,,,0,0,,,,,,0
0020001157,90,6,1,1,6:32 PM,1:53,,,Garrity P.FOUL (P1.PN),,,5,1727,Pat Garrity,1610612753.0,Orlando,Magic,ORL,0,0,,,,,,1,0,,,,,,0
0020001157,91,3,10,1,6:32 PM,1:53,Mason Free Throw 1 of 1 (7 PTS),,,22 - 17,-5,4,193,Anthony Mason,1610612748.0,Miami,Heat,MIA,0,0,,,,,,0,0,,,,,,0
0020001157,93,7,4,1,6:33 PM,1:53,Grant Violation:Jump Ball,,,,,4,258,Brian Grant,1610612748.0,Miami,Heat,MIA,0,0,,,,,,1,0,,,,,,0
0020001157,98,7,4,1,6:33 PM,1:53,,,Outlaw Violation:Jump Ball,,,5,448,Bo Outlaw,1610612753.0,Orlando,Magic,ORL,0,0,,,,,,1,0,,,,,,0
0020001157,94,10,0,1,6:33 PM,1:52,Jump Ball Mourning vs. Outlaw: Tip to Mason,,,,,4,297,Alonzo Mourning,1610612748.0,Miami,Heat,MIA,5,448,Bo Outlaw,1610612753.0,Orlando,Magic,ORL,4,193,Anthony Mason,1610612748.0,Miami,Heat,MIA,0
0020001157,95,1,1,1,6:34 PM,1:42,House 15' Jump Shot (2 PTS),,,22 - 19,-3,4,2067,Eddie House,1610612748.0,Miami,Heat,MIA,0,0,,,,,,0,0,,,,,,0
0020001157,96,7,2,1,6:34 PM,1:27,HEAT Violation: Def. Goaltending Violation,,,,,2,1610612748,,,,,,0,0,,,,,,1,0,,,,,,0
0020001157,97,8,0,1,6:34 PM,1:27,,,SUB: Miller FOR McGrady,,,5,1503,Tracy McGrady,1610612753.0,Orlando,Magic,ORL,5,2034,Mike Miller,1610612753.0,Orlando,Magic,ORL,0,0,,,,,,0
0020001157,113,6,17,1,6:34 PM,1:16,HEAT Foul,,,,,2,1610612748,,,,,,0,0,,,,,,1,0,,,,,,0
0020001157,100,3,16,1,6:35 PM,1:16,,,Brown Free Throw Technical (1 PTS),23 - 19,-4,5,244,Dee Brown,1610612753.0,Orlando,Magic,ORL,0,0,,,,,,0,0,,,,,,0
0020001157,102,6,2,1,6:35 PM,1:04,House S.FOUL (P1.PN),,,,,4,2067,Eddie House,1610612748.0,Miami,Heat,MIA,0,0,,,,,,1,0,,,,,,0
0020001157,104,3,11,1,6:36 PM,1:04,,,Amaechi Free Throw 1 of 2 (2 PTS),24 - 19,-5,5,680,John Amaechi,1610612753.0,Orlando,Magic,ORL,0,0,,,,,,0,0,,,,,,0
0020001157,105,3,12,1,6:36 PM,1:04,,,MISS Amaechi Free Throw 2 of 2,,,5,680,John Amaechi,1610612753.0,Orlando,Magic,ORL,0,0,,,,,,0,0,,,,,,0
0020001157,106,4,0,1,6:36 PM,1:02,Mourning REBOUND (Off:1 Def:3),,,,,4,297,Alonzo Mourning,1610612748.0,Miami,Heat,MIA,0,0,,,,,,0,0,,,,,,0
0020001157,108,2,1,1,6:36 PM,0:40,MISS Mourning 15' Jump Shot,,,,,4,297,Alonzo Mourning,1610612748.0,Miami,Heat,MIA,0,0,,,,,,0,0,,,,,,0
0020001157,109,4,0,1,6:36 PM,0:37,,,Outlaw REBOUND (Off:0 Def:2),,,5,448,Bo Outlaw,1610612753.0,Orlando,Magic,ORL,0,0,,,,,,0,0,,,,,,0
0020001157,110,1,1,1,6:36 PM,0:30,,,Miller 21' Jump Shot (7 PTS),26 - 19,-7,5,2034,Mike Miller,1610612753.0,Orlando,Magic,ORL,0,0,,,,,,0,0,,,,,,0
0020001157,111,1,1,1,6:37 PM,0:15,Mason 18' Jump Shot (9 PTS) (Jones 1 AST),,,26 - 21,-5,4,193,Anthony Mason,1610612748.0,Miami,Heat,MIA,4,224,Eddie Jones,1610612748.0,Miami,Heat,MIA,0,0,,,,,,0
0020001157,112,13,0,1,6:37 PM,0:00,,,,26 - 21,-5,0,0,,,,,,0,0,,,,,,0,0,,,,,,0
0020001157,115,12,0,2,6:40 PM,12:00,,,,26 - 21,-5,0,0,,,,,,0,0,,,,,,0,0,,,,,,0
0020001157,116,1,1,2,6:40 PM,11:43,,,Brown 19' Jump Shot (3 PTS),28 - 21,-7,5,244,Dee Brown,1610612753.0,Orlando,Magic,ORL,0,0,,,,,,0,0,,,,,,0
0020001157,117,2,1,2,6:41 PM,11:25,MISS Grant 20' Jump Shot,,,,,4,258,Brian Grant,1610612748.0,Miami,Heat,MIA,0,0,,,,,,0,0,,,,,,0
0020001157,118,4,0,2,6:41 PM,11:22,,,Miller REBOUND (Off:0 Def:1),,,5,2034,Mike Miller,1610612753.0,Orlando,Magic,ORL,0,0,,,,,,0,0,,,,,,0
0020001157,119,1,1,2,6:41 PM,11:20,,,Miller 25' 3PT Jump Shot (10 PTS),31 - 21,-10,5,2034,Mike Miller,1610612753.0,Orlando,Magic,ORL,0,0,,,,,,0,0,,,,,,0
0020001157,120,1,1,2,6:41 PM,10:57,House 24' 3PT Jump Shot (5 PTS) (Mourning 1 AST),,,31 - 24,-7,4,2067,Eddie House,1610612748.0,Miami,Heat,MIA,4,297,Alonzo Mourning,1610612748.0,Miami,Heat,MIA,0,0,,,,,,0
0020001157,121,2,3,2,6:41 PM,10:43,,,MISS Amaechi 5' Hook Shot,,,5,680,John Amaechi,1610612753.0,Orlando,Magic,ORL,0,0,,,,,,0,0,,,,,,0
0020001157,122,4,0,2,6:42 PM,10:41,,,Miller REBOUND (Off:1 Def:1),,,5,2034,Mike Miller,1610612753.0,Orlando,Magic,ORL,0,0,,,,,,0,0,,,,,,0
0020001157,123,2,1,2,6:42 PM,10:33,,,MISS Brown 17' Jump Shot,,,5,244,Dee Brown,1610612753.0,Orlando,Magic,ORL,0,0,,,,,,0,0,,,,,,0
0020001157,124,4,0,2,6:42 PM,10:31,Mourning REBOUND (Off:1 Def:4),,,,,4,297,Alonzo Mourning,1610612748.0,Miami,Heat,MIA,0,0,,,,,,0,0,,,,,,0
0020001157,125,5,1,2,6:42 PM,10:25,Mourning Bad Pass Turnover (P3.T8),,,,,4,297,Alonzo Mourning,1610612748.0,Miami,Heat,MIA,0,0,,,,,,0,0,,,,,,0
0020001157,126,8,0,2,6:42 PM,10:25,SUB: Carter FOR Mason,,,,,4,193,Anthony Mason,1610612748.0,Miami,Heat,MIA,4,1853,Anthony Carter,1610612748.0,Miami,Heat,MIA,0,0,,,,,,0
0020001157,127,2,1,2,6:42 PM,10:12,,,MISS Amaechi 17' Jump Shot,,,5,680,John Amaechi,1610612753.0,Orlando,Magic,ORL,0,0,,,,,,0,0,,,,,,0
0020001157,128,4,0,2,6:42 PM,10:10,Jones REBOUND (Off:0 Def:1),,,,,4,224,Eddie Jones,1610612748.0,Miami,Heat,MIA,0,0,,,,,,0,0,,,,,,0
0020001157,129,1,5,2,6:42 PM,9:57,House  Layup (7 PTS),,,31 - 26,-5,4,2067,Eddie House,1610612748.0,Miami,Heat,MIA,0,0,,,,,,0,0,,,,,,0
0020001157,130,6,1,2,6:43 PM,9:49,Grant P.FOUL (P2.T1),,,,,4,258,Brian Grant,1610612748.0,Miami,Heat,MIA,0,0,,,,,,1,0,,,,,,0
0020001157,131,1,1,2,6:43 PM,9:35,,,Brown 24' 3PT Jump Shot (6 PTS) (Garrity 1 AST),34 - 26,-8,5,244,Dee Brown,1610612753.0,Orlando,Magic,ORL,5,1727,Pat Garrity,1610612753.0,Orlando,Magic,ORL,0,0,,,,,,0
0020001157,132,2,1,2,6:43 PM,9:17,MISS House 20' Jump Shot,,,,,4,2067,Eddie House,1610612748.0,Miami,Heat,MIA,0,0,,,,,,0,0,,,,,,0
0020001157,133,4,0,2,6:44 PM,9:16,HEAT Rebound,,,,,2,1610612748,,,,,,0,0,,,,,,0,0,,,,,,0
0020001157,134,6,2,2,6:44 PM,9:10,,,Outlaw S.FOUL (P1.T1),,,5,448,Bo Outlaw,1610612753.0,Orlando,Magic,ORL,0,0,,,,,,1,0,,,,,,0
0020001157,135,3,11,2,6:44 PM,9:10,Carter Free Throw 1 of 2 (3 PTS),,,34 - 27,-7,4,1853,Anthony Carter,1610612748.0,Miami,Heat,MIA,0,0,,,,,,0,0,,,,,,0
0020001157,136,3,12,2,6:44 PM,9:10,MISS Carter Free Throw 2 of 2,,,,,4,1853,Anthony Carter,1610612748.0,Miami,Heat,MIA,0,0,,,,,,0,0,,,,,,0
0020001157,137,4,0,2,6:44 PM,9:09,,,Outlaw REBOUND (Off:0 Def:3),,,5,448,Bo Outlaw,1610612753.0,Orlando,Magic,ORL,0,0,,,,,,0,0,,,,,,0
0020001157,138,1,3,2,6:45 PM,8:49,,,Amaechi 11' Hook Shot (4 PTS),36 - 27,-9,5,680,John Amaechi,1610612753.0,Orlando,Magic,ORL,0,0,,,,,,0,0,,,,,,0
0020001157,139,5,2,2,6:45 PM,8:30,Grant Lost Ball Turnover (P2.T9),,Miller STEAL (2 STL),,,4,258,Brian Grant,1610612748.0,Miami,Heat,MIA,5,2034,Mike Miller,1610612753.0,Orlando,Magic,ORL,0,0,,,,,,0
0020001157,140,2,1,2,6:45 PM,8:26,,,MISS Miller 22' Jump Shot,,,5,2034,Mike Miller,1610612753.0,Orlando,Magic,ORL,0,0,,,,,,0,0,,,,,,0
0020001157,141,4,0,2,6:45 PM,8:25,,,Magic Rebound,,,3,1610612753,,,,,,0,0,,,,,,0,0,,,,,,0
0020001157,142,6,1,2,6:45 PM,8:25,Jones P.FOUL (P2.T2),,,,,4,224,Eddie Jones,1610612748.0,Miami,Heat,MIA,0,0,,,,,,1,0,,,,,,0
0020001157,144,9,4,2,6:45 PM,8:25,,,,,,1,0,,,,,,0,0,,,,,,0,0,,,,,,0
0020001157,146,1,1,2,6:48 PM,8:10,,,Garrity 17' Jump Shot (2 PTS),38 - 27,-11,5,1727,Pat Garrity,1610612753.0,Orlando,Magic,ORL,0,0,,,,,,0,0,,,,,,0
0020001157,148,2,1,2,6:48 PM,7:45,MISS House 26' 3PT Jump Shot,,,,,4,2067,Eddie House,1610612748.0,Miami,Heat,MIA,0,0,,,,,,0,0,,,,,,0
0020001157,150,4,0,2,6:48 PM,7:42,,,Amaechi REBOUND (Off:0 Def:1),,,5,680,John Amaechi,1610612753.0,Orlando,Magic,ORL,0,0,,,,,,0,0,,,,,,0
0020001157,151,1,1,2,6:49 PM,7:29,,,Garrity 14' Jump Shot (4 PTS) (Brown 1 AST),40 - 27,-13,5,1727,Pat Garrity,1610612753.0,Orlando,Magic,ORL,5,244,Dee Brown,1610612753.0,Orlando,Magic,ORL,0,0,,,,,,0
0020001157,153,2,1,2,6:49 PM,7:08,MISS Carter 14' Jump Shot,,,,,4,1853,Anthony Carter,1610612748.0,Miami,Heat,MIA,0,0,,,,,,0,0,,,,,,0
0020001157,154,4,0,2,6:49 PM,7:05,,,Miller REBOUND (Off:1 Def:2),,,5,2034,Mike Miller,1610612753.0,Orlando,Magic,ORL,0,0,,,,,,0,0,,,,,,0
0020001157,155,1,1,2,6:49 PM,7:00,,,Garrity 24' 3PT Jump Shot (7 PTS) (Brown 2 AST),43 - 27,-16,5,1727,Pat Garrity,1610612753.0,Orlando,Magic,ORL,5,244,Dee Brown,1610612753.0,Orlando,Magic,ORL,0,0,,,,,,0
0020001157,156,9,1,2,6:49 PM,6:51,HEAT Timeout: Regular (Full 2 Short 0),,,,,2,1610612748,,,,,,0,0,,,,,,0,0,,,,,,0
0020001157,157,8,0,2,6:51 PM,6:51,SUB: Bowen FOR Grant,,,,,4,258,Brian Grant,1610612748.0,Miami,Heat,MIA,4,1477,Bruce Bowen,1610612748.0,Miami,Heat,MIA,0,0,,,,,,0
0020001157,158,8,0,2,6:51 PM,6:51,SUB: Majerle FOR House,,,,,4,2067,Eddie House,1610612748.0,Miami,Heat,MIA,4,105,Dan Majerle,1610612748.0,Miami,Heat,MIA,0,0,,,,,,0
0020001157,159,8,0,2,6:51 PM,6:51,SUB: Mason FOR Jones,,,,,4,224,Eddie Jones,1610612748.0,Miami,Heat,MIA,4,193,Anthony Mason,1610612748.0,Miami,Heat,MIA,0,0,,,,,,0
0020001157,160,2,1,2,6:52 PM,6:31,MISS Mourning 15' Jump Shot,,,,,4,297,Alonzo Mourning,1610612748.0,Miami,Heat,MIA,0,0,,,,,,0,0,,,,,,0
0020001157,161,4,0,2,6:52 PM,6:29,,,Miller REBOUND (Off:1 Def:3),,,5,2034,Mike Miller,1610612753.0,Orlando,Magic,ORL,0,0,,,,,,0,0,,,,,,0
0020001157,162,2,1,2,6:52 PM,6:11,,,MISS Garrity 21' Jump Shot,,,5,1727,Pat Garrity,1610612753.0,Orlando,Magic,ORL,0,0,,,,,,0,0,,,,,,0
0020001157,163,4,0,2,6:52 PM,6:10,Bowen REBOUND (Off:0 Def:1),,,,,4,1477,Bruce Bowen,1610612748.0,Miami,Heat,MIA,0,0,,,,,,0,0,,,,,,0
0020001157,164,2,1,2,6:52 PM,5:55,MISS Carter 22' Jump Shot,,,,,4,1853,Anthony Carter,1610612748.0,Miami,Heat,MIA,0,0,,,,,,0,0,,,,,,0
0020001157,165,4,0,2,6:53 PM,5:53,,,Garrity REBOUND (Off:0 Def:1),,,5,1727,Pat Garrity,1610612753.0,Orlando,Magic,ORL,0,0,,,,,,0,0,,,,,,0
0020001157,166,6,2,2,6:53 PM,5:47,Mourning S.FOUL (P1.T3),,,,,4,297,Alonzo Mourning,1610612748.0,Miami,Heat,MIA,0,0,,,,,,1,0,,,,,,0
0020001157,167,3,11,2,6:53 PM,5:47,,,MISS Amaechi Free Throw 1 of 2,,,5,680,John Amaechi,1610612753.0,Orlando,Magic,ORL,0,0,,,,,,0,0,,,,,,0
0020001157,168,4,1,2,6:53 PM,5:47,,,Magic Rebound,,,3,1610612753,,,,,,0,0,,,,,,0,0,,,,,,0
0020001157,169,3,12,2,6:53 PM,5:47,,,Amaechi Free Throw 2 of 2 (5 PTS),44 - 27,-17,5,680,John Amaechi,1610612753.0,Orlando,Magic,ORL,0,0,,,,,,0,0,,,,,,0
0020001157,170,6,2,2,6:54 PM,5:32,,,Amaechi S.FOUL (P2.T2),,,5,680,John Amaechi,1610612753.0,Orlando,Magic,ORL,0,0,,,,,,1,0,,,,,,0
0020001157,171,3,11,2,6:54 PM,5:32,Mason Free Throw 1 of 2 (10 PTS),,,44 - 28,-16,4,193,Anthony Mason,1610612748.0,Miami,Heat,MIA,0,0,,,,,,0,0,,,,,,0
0020001157,172,3,12,2,6:54 PM,5:32,MISS Mason Free Throw 2 of 2,,,,,4,193,Anthony Mason,1610612748.0,Miami,Heat,MIA,0,0,,,,,,0,0,,,,,,0
0020001157,173,4,0,2,6:54 PM,5:31,,,Amaechi REBOUND (Off:0 Def:2),,,5,680,John Amaechi,1610612753.0,Orlando,Magic,ORL,0,0,,,,,,0,0,,,,,,0
0020001157,174,2,1,2,6:54 PM,5:19,,,MISS Brown 25' 3PT Jump Shot,,,5,244,Dee Brown,1610612753.0,Orlando,Magic,ORL,0,0,,,,,,0,0,,,,,,0
0020001157,175,4,0,2,6:55 PM,5:17,Mason REBOUND (Off:2 Def:3),,,,,4,193,Anthony Mason,1610612748.0,Miami,Heat,MIA,0,0,,,,,,0,0,,,,,,0
0020001157,176,2,1,2,6:55 PM,5:09,MISS Mourning 5' Jump Shot,,Outlaw BLOCK (2 BLK),,,4,297,Alonzo Mourning,1610612748.0,Miami,Heat,MIA,0,0,,,,,,5,448,Bo Outlaw,1610612753.0,Orlando,Magic,ORL,0
0020001157,177,4,0,2,6:55 PM,5:07,,,Amaechi REBOUND (Off:0 Def:3),,,5,680,John Amaechi,1610612753.0,Orlando,Magic,ORL,0,0,,,,,,0,0,,,,,,0
0020001157,178,2,1,2,6:55 PM,4:55,,,MISS Amaechi 22' Jump Shot,,,5,680,John Amaechi,1610612753.0,Orlando,Magic,ORL,0,0,,,,,,0,0,,,,,,0
0020001157,179,4,0,2,6:55 PM,4:53,,,Garrity REBOUND (Off:1 Def:1),,,5,1727,Pat Garrity,1610612753.0,Orlando,Magic,ORL,0,0,,,,,,0,0,,,,,,0
0020001157,180,2,7,2,6:55 PM,4:45,Mourning BLOCK (2 BLK),,MISS Amaechi  Dunk,,,5,680,John Amaechi,1610612753.0,Orlando,Magic,ORL,0,0,,,,,,4,297,Alonzo Mourning,1610612748.0,Miami,Heat,MIA,0
0020001157,181,4,0,2,6:55 PM,4:43,,,Amaechi REBOUND (Off:1 Def:3),,,5,680,John Amaechi,1610612753.0,Orlando,Magic,ORL,0,0,,,,,,0,0,,,,,,0
0020001157,182,2,1,2,6:55 PM,4:40,,,MISS Amaechi 11' Jump Shot,,,5,680,John Amaechi,1610612753.0,Orlando,Magic,ORL,0,0,,,,,,0,0,,,,,,0
0020001157,183,4,0,2,6:55 PM,4:37,Bowen REBOUND (Off:0 Def:2),,,,,4,1477,Bruce Bowen,1610612748.0,Miami,Heat,MIA,0,0,,,,,,0,0,,,,,,0
0020001157,184,2,1,2,6:55 PM,4:28,MISS Bowen 25' 3PT Jump Shot,,,,,4,1477,Bruce Bowen,1610612748.0,Miami,Heat,MIA,0,0,,,,,,0,0,,,,,,0
0020001157,185,4,0,2,6:55 PM,4:26,Mourning REBOUND (Off:2 Def:4),,,,,4,297,Alonzo Mourning,1610612748.0,Miami,Heat,MIA,0,0,,,,,,0,0,,,,,,0
0020001157,186,2,42,2,6:55 PM,4:22,MISS Carter  Driving Layup,,,,,4,1853,Anthony Carter,1610612748.0,Miami,Heat,MIA,0,0,,,,,,0,0,,,,,,0
0020001157,187,4,0,2,6:55 PM,4:20,Carter REBOUND (Off:1 Def:0),,,,,4,1853,Anthony Carter,1610612748.0,Miami,Heat,MIA,0,0,,,,,,0,0,,,,,,0
0020001157,188,6,4,2,6:56 PM,4:19,Mason OFF.Foul (P1),,,,,4,193,Anthony Mason,1610612748.0,Miami,Heat,MIA,0,0,,,,,,1,0,,,,,,0
0020001157,189,5,5,2,6:56 PM,4:19,Mason Foul Turnover (P1.T10),,,,,4,193,Anthony Mason,1610612748.0,Miami,Heat,MIA,0,0,,,,,,0,0,,,,,,0
0020001157,190,8,0,2,6:56 PM,4:19,SUB: Grant FOR Mourning,,,,,4,297,Alonzo Mourning,1610612748.0,Miami,Heat,MIA,4,258,Brian Grant,1610612748.0,Miami,Heat,MIA,0,0,,,,,,0
0020001157,191,9,1,2,6:56 PM,4:19,,,Magic Timeout: Regular (Reg.2 Short 0),,,3,1610612753,,,,,,0,0,,,,,,0,0,,,,,,0
0020001157,193,8,0,2,6:58 PM,4:19,,,SUB: McGrady FOR Garrity,,,5,1727,Pat Garrity,1610612753.0,Orlando,Magic,ORL,5,1503,Tracy McGrady,1610612753.0,Orlando,Magic,ORL,0,0,,,,,,0
0020001157,194,6,4,2,6:58 PM,4:12,,,Amaechi OFF.Foul (P3),,,5,680,John Amaechi,1610612753.0,Orlando,Magic,ORL,0,0,,,,,,1,0,,,,,,0
0020001157,195,5,5,2,6:58 PM,4:12,,,Amaechi Foul Turnover (P1.T2),,,5,680,John Amaechi,1610612753.0,Orlando,Magic,ORL,0,0,,,,,,0,0,,,,,,0
0020001157,196,6,11,2,6:58 PM,4:12,,,Amaechi T.FOUL (P3.T2),,,5,680,John Amaechi,1610612753.0,Orlando,Magic,ORL,0,0,,,,,,1,0,,,,,,0
0020001157,197,3,16,2,6:59 PM,4:12,MISS Majerle Free Throw Technical,,,,,4,105,Dan Majerle,1610612748.0,Miami,Heat,MIA,0,0,,,,,,0,0,,,,,,0
0020001157,198,4,1,2,6:59 PM,4:12,HEAT Rebound,,,,,2,1610612748,,,,,,0,0,,,,,,0,0,,,,,,0
0020001157,199,8,0,2,6:59 PM,4:12,,,SUB: Hudson FOR Brown,,,5,244,Dee Brown,1610612753.0,Orlando,Magic,ORL,5,1607,Troy Hudson,1610612753.0,Orlando,Magic,ORL,0,0,,,,,,0
0020001157,200,8,0,2,6:59 PM,4:12,,,SUB: DeClercq FOR Amaechi,,,5,680,John Amaechi,1610612753.0,Orlando,Magic,ORL,5,692,Andrew DeClercq,1610612753.0,Orlando,Magic,ORL,0,0,,,,,,0
0020001157,202,2,1,2,6:59 PM,4:00,MISS Majerle 27' 3PT Jump Shot,,,,,4,105,Dan Majerle,1610612748.0,Miami,Heat,MIA,0,0,,,,,,0,0,,,,,,0
0020001157,203,4,0,2,6:59 PM,3:57,,,Outlaw REBOUND (Off:0 Def:4),,,5,448,Bo Outlaw,1610612753.0,Orlando,Magic,ORL,0,0,,,,,,0,0,,,,,,0
0020001157,204,2,46,2,6:59 PM,3:50,,,MISS Hudson 10' Running Jump Shot,,,5,1607,Troy Hudson,1610612753.0,Orlando,Magic,ORL,0,0,,,,,,0,0,,,,,,0
0020001157,205,4,0,2,6:59 PM,3:47,Mason REBOUND (Off:2 Def:4),,,,,4,193,Anthony Mason,1610612748.0,Miami,Heat,MIA,0,0,,,,,,0,0,,,,,,0
0020001157,206,6,2,2,7:00 PM,3:41,,,Hudson S.FOUL (P1.T3),,,5,1607,Troy Hudson,1610612753.0,Orlando,Magic,ORL,0,0,,,,,,1,0,,,,,,0
0020001157,207,3,11,2,7:00 PM,3:41,Grant Free Throw 1 of 2 (3 PTS),,,44 - 29,-15,4,258,Brian Grant,1610612748.0,Miami,Heat,MIA,0,0,,,,,,0,0,,,,,,0
0020001157,208,3,12,2,7:00 PM,3:41,Grant Free Throw 2 of 2 (4 PTS),,,44 - 30,-14,4,258,Brian Grant,1610612748.0,Miami,Heat,MIA,0,0,,,,,,0,0,,,,,,0
0020001157,209,1,1,2,7:00 PM,3:26,,,Miller 20' Jump Shot (12 PTS) (Outlaw 2 AST),46 - 30,-16,5,2034,Mike Miller,1610612753.0,Orlando,Magic,ORL,5,448,Bo Outlaw,1610612753.0,Orlando,Magic,ORL,0,0,,,,,,0
0020001157,210,6,4,2,7:01 PM,3:15,Grant OFF.Foul (P3),,,,,4,258,Brian Grant,1610612748.0,Miami,Heat,MIA,0,0,,,,,,1,0,,,,,,0
0020001157,211,5,5,2,7:01 PM,3:15,Grant Foul Turnover (P3.T11),,,,,4,258,Brian Grant,1610612748.0,Miami,Heat,MIA,0,0,,,,,,0,0,,,,,,0
0020001157,212,6,11,2,7:01 PM,3:15,,,,,,6,836,,,,,,0,0,,,,,,1,0,,,,,,0
0020001157,213,3,16,2,7:01 PM,3:15,,,Hudson Free Throw Technical (5 PTS),47 - 30,-17,5,1607,Troy Hudson,1610612753.0,Orlando,Magic,ORL,0,0,,,,,,0,0,,,,,,0
0020001157,215,1,1,2,7:02 PM,3:01,,,McGrady 19' Jump Shot (12 PTS) (Miller 2 AST),49 - 30,-19,5,1503,Tracy McGrady,1610612753.0,Orlando,Magic,ORL,5,2034,Mike Miller,1610612753.0,Orlando,Magic,ORL,0,0,,,,,,0
0020001157,216,5,1,2,7:02 PM,2:43,Grant Bad Pass Turnover (P4.T12),,DeClercq STEAL (1 STL),,,4,258,Brian Grant,1610612748.0,Miami,Heat,MIA,5,692,Andrew DeClercq,1610612753.0,Orlando,Magic,ORL,0,0,,,,,,0
0020001157,217,6,3,2,7:02 PM,2:43,Carter L.B.FOUL (P3.T4),,,,,4,1853,Anthony Carter,1610612748.0,Miami,Heat,MIA,0,0,,,,,,1,0,,,,,,0
0020001157,218,8,0,2,7:02 PM,2:43,SUB: House FOR Carter,,,,,4,1853,Anthony Carter,1610612748.0,Miami,Heat,MIA,4,2067,Eddie House,1610612748.0,Miami,Heat,MIA,0,0,,,,,,0
0020001157,219,2,1,2,7:03 PM,2:28,,,MISS McGrady 18' Jump Shot,,,5,1503,Tracy McGrady,1610612753.0,Orlando,Magic,ORL,0,0,,,,,,0,0,,,,,,0
0020001157,220,4,0,2,7:03 PM,2:27,Mason REBOUND (Off:2 Def:5),,,,,4,193,Anthony Mason,1610612748.0,Miami,Heat,MIA,0,0,,,,,,0,0,,,,,,0
0020001157,221,1,7,2,7:03 PM,2:19,Mason  Dunk (12 PTS),,,49 - 32,-17,4,193,Anthony Mason,1610612748.0,Miami,Heat,MIA,0,0,,,,,,0,0,,,,,,0
0020001157,223,1,5,2,7:03 PM,1:54,,,DeClercq  Layup (2 PTS) (McGrady 2 AST),51 - 32,-19,5,692,Andrew DeClercq,1610612753.0,Orlando,Magic,ORL,5,1503,Tracy McGrady,1610612753.0,Orlando,Magic,ORL,0,0,,,,,,0
0020001157,224,2,1,2,7:04 PM,1:27,MISS Bowen 24' 3PT Jump Shot,,,,,4,1477,Bruce Bowen,1610612748.0,Miami,Heat,MIA,0,0,,,,,,0,0,,,,,,0
0020001157,225,4,0,2,7:04 PM,1:24,,,Outlaw REBOUND (Off:0 Def:5),,,5,448,Bo Outlaw,1610612753.0,Orlando,Magic,ORL,0,0,,,,,,0,0,,,,,,0
0020001157,226,5,2,2,7:04 PM,1:11,Bowen STEAL (1 STL),,McGrady Lost Ball Turnover (P1.T3),,,5,1503,Tracy McGrady,1610612753.0,Orlando,Magic,ORL,4,1477,Bruce Bowen,1610612748.0,Miami,Heat,MIA,0,0,,,,,,0
0020001157,227,1,5,2,7:04 PM,1:05,Mason  Layup (14 PTS) (Bowen 1 AST),,,51 - 34,-17,4,193,Anthony Mason,1610612748.0,Miami,Heat,MIA,4,1477,Bruce Bowen,1610612748.0,Miami,Heat,MIA,0,0,,,,,,0
0020001157,228,1,1,2,7:04 PM,0:48,,,McGrady 12' Jump Shot (14 PTS) (Hudson 3 AST),53 - 34,-19,5,1503,Tracy McGrady,1610612753.0,Orlando,Magic,ORL,5,1607,Troy Hudson,1610612753.0,Orlando,Magic,ORL,0,0,,,,,,0
0020001157,229,2,1,2,7:05 PM,0:33,MISS Majerle 25' 3PT Jump Shot,,,,,4,105,Dan Majerle,1610612748.0,Miami,Heat,MIA,0,0,,,,,,0,0,,,,,,0
0020001157,230,4,0,2,7:05 PM,0:31,,,Miller REBOUND (Off:1 Def:4),,,5,2034,Mike Miller,1610612753.0,Orlando,Magic,ORL,0,0,,,,,,0,0,,,,,,0
0020001157,231,9,2,2,7:05 PM,0:28,,,Magic Timeout: Short (Reg.2 Short 1),,,3,1610612753,,,,,,0,0,,,,,,0,0,,,,,,0
0020001157,238,8,0,2,7:07 PM,0:28,SUB: Jones FOR Grant,,,,,4,258,Brian Grant,1610612748.0,Miami,Heat,MIA,4,224,Eddie Jones,1610612748.0,Miami,Heat,MIA,0,0,,,,,,0
0020001157,232,5,2,2,7:07 PM,0:15,Jones STEAL (1 STL),,Outlaw Lost Ball Turnover (P1.T4),,,5,448,Bo Outlaw,1610612753.0,Orlando,Magic,ORL,4,224,Eddie Jones,1610612748.0,Miami,Heat,MIA,0,0,,,,,,0
0020001157,233,2,1,2,7:07 PM,0:02,MISS House 21' Jump Shot,,,,,4,2067,Eddie House,1610612748.0,Miami,Heat,MIA,0,0,,,,,,0,0,,,,,,0
0020001157,234,4,0,2,7:07 PM,0:01,,,Outlaw REBOUND (Off:0 Def:6),,,5,448,Bo Outlaw,1610612753.0,Orlando,Magic,ORL,0,0,,,,,,0,0,,,,,,0
0020001157,235,2,1,2,7:07 PM,0:00,,,MISS Hudson 21' Jump Shot,,,5,1607,Troy Hudson,1610612753.0,Orlando,Magic,ORL,0,0,,,,,,0,0,,,,,,0
0020001157,236,4,0,2,7:07 PM,0:00,,,Magic Rebound,,,3,1610612753,,,,,,0,0,,,,,,0,0,,,,,,0
0020001157,237,13,0,2,7:07 PM,0:00,,,,53 - 34,-19,0,0,,,,,,0,0,,,,,,0,0,,,,,,0
0020001157,242,12,0,3,7:25 PM,12:00,,,,53 - 34,-19,0,0,,,,,,0,0,,,,,,0,0,,,,,,0
0020001157,243,2,1,3,7:25 PM,11:38,,,MISS Hudson 19' Jump Shot,,,5,1607,Troy Hudson,1610612753.0,Orlando,Magic,ORL,0,0,,,,,,0,0,,,,,,0
0020001157,244,4,0,3,7:25 PM,11:36,Bowen REBOUND (Off:0 Def:3),,,,,4,1477,Bruce Bowen,1610612748.0,Miami,Heat,MIA,0,0,,,,,,0,0,,,,,,0
0020001157,245,2,5,3,7:26 PM,11:22,MISS Mourning  Layup,,Outlaw BLOCK (3 BLK),,,4,297,Alonzo Mourning,1610612748.0,Miami,Heat,MIA,0,0,,,,,,5,448,Bo Outlaw,1610612753.0,Orlando,Magic,ORL,0
0020001157,246,10,0,3,7:26 PM,11:22,Jump Ball Mourning vs. Outlaw: Tip to Bowen,,,,,4,297,Alonzo Mourning,1610612748.0,Miami,Heat,MIA,5,448,Bo Outlaw,1610612753.0,Orlando,Magic,ORL,4,1477,Bruce Bowen,1610612748.0,Miami,Heat,MIA,0
0020001157,247,4,0,3,7:26 PM,11:22,HEAT Rebound,,,,,2,1610612748,,,,,,0,0,,,,,,0,0,,,,,,0
0020001157,248,2,1,3,7:26 PM,11:09,MISS Mourning 19' Jump Shot,,,,,4,297,Alonzo Mourning,1610612748.0,Miami,Heat,MIA,0,0,,,,,,0,0,,,,,,0
0020001157,249,4,0,3,7:26 PM,11:07,,,DeClercq REBOUND (Off:0 Def:1),,,5,692,Andrew DeClercq,1610612753.0,Orlando,Magic,ORL,0,0,,,,,,0,0,,,,,,0
0020001157,250,1,44,3,7:26 PM,11:00,,,Hudson  Reverse Layup (7 PTS),55 - 34,-21,5,1607,Troy Hudson,1610612753.0,Orlando,Magic,ORL,0,0,,,,,,0,0,,,,,,0
0020001157,252,1,1,3,7:27 PM,10:36,Carter 19' Jump Shot (5 PTS) (Majerle 1 AST),,,55 - 36,-19,4,1853,Anthony Carter,1610612748.0,Miami,Heat,MIA,4,105,Dan Majerle,1610612748.0,Miami,Heat,MIA,0,0,,,,,,0
0020001157,253,6,4,3,7:27 PM,10:17,,,Outlaw OFF.Foul (P2),,,5,448,Bo Outlaw,1610612753.0,Orlando,Magic,ORL,0,0,,,,,,1,0,,,,,,0
0020001157,254,5,5,3,7:27 PM,10:17,,,Outlaw Foul Turnover (P2.T5),,,5,448,Bo Outlaw,1610612753.0,Orlando,Magic,ORL,0,0,,,,,,0,0,,,,,,0
0020001157,255,5,1,3,7:27 PM,10:05,Majerle Bad Pass Turnover (P3.T13),,DeClercq STEAL (2 STL),,,4,105,Dan Majerle,1610612748.0,Miami,Heat,MIA,5,692,Andrew DeClercq,1610612753.0,Orlando,Magic,ORL,0,0,,,,,,0
0020001157,256,6,1,3,7:28 PM,9:58,Majerle P.FOUL (P1.T1),,,,,4,105,Dan Majerle,1610612748.0,Miami,Heat,MIA,0,0,,,,,,1,0,,,,,,0
0020001157,257,2,1,3,7:28 PM,9:49,,,MISS Miller 26' 3PT Jump Shot,,,5,2034,Mike Miller,1610612753.0,Orlando,Magic,ORL,0,0,,,,,,0,0,,,,,,0
0020001157,258,4,0,3,7:28 PM,9:47,Mason REBOUND (Off:2 Def:6),,,,,4,193,Anthony Mason,1610612748.0,Miami,Heat,MIA,0,0,,,,,,0,0,,,,,,0
0020001157,259,2,1,3,7:28 PM,9:31,MISS Carter 21' Jump Shot,,,,,4,1853,Anthony Carter,1610612748.0,Miami,Heat,MIA,0,0,,,,,,0,0,,,,,,0
0020001157,260,4,0,3,7:29 PM,9:28,,,Miller REBOUND (Off:1 Def:5),,,5,2034,Mike Miller,1610612753.0,Orlando,Magic,ORL,0,0,,,,,,0,0,,,,,,0
0020001157,261,5,1,3,7:29 PM,9:20,,,Outlaw Bad Pass Turnover (P3.T6),,,5,448,Bo Outlaw,1610612753.0,Orlando,Magic,ORL,0,0,,,,,,0,0,,,,,,0
0020001157,262,6,1,3,7:29 PM,9:11,,,Hudson P.FOUL (P2.T1),,,5,1607,Troy Hudson,1610612753.0,Orlando,Magic,ORL,0,0,,,,,,1,0,,,,,,0
0020001157,263,2,1,3,7:29 PM,8:56,MISS Majerle 24' 3PT Jump Shot,,,,,4,105,Dan Majerle,1610612748.0,Miami,Heat,MIA,0,0,,,,,,0,0,,,,,,0
0020001157,264,4,0,3,7:30 PM,8:54,,,Miller REBOUND (Off:1 Def:6),,,5,2034,Mike Miller,1610612753.0,Orlando,Magic,ORL,0,0,,,,,,0,0,,,,,,0
0020001157,265,1,1,3,7:30 PM,8:36,,,McGrady 21' Jump Shot (16 PTS),57 - 36,-21,5,1503,Tracy McGrady,1610612753.0,Orlando,Magic,ORL,0,0,,,,,,0,0,,,,,,0
0020001157,266,6,1,3,7:30 PM,8:28,,,DeClercq P.FOUL (P3.T2),,,5,692,Andrew DeClercq,1610612753.0,Orlando,Magic,ORL,0,0,,,,,,1,0,,,,,,0
0020001157,268,9,1,3,7:30 PM,8:28,HEAT Timeout: Regular (Full 3 Short 0),,,,,2,1610612748,,,,,,0,0,,,,,,0,0,,,,,,0
0020001157,269,2,7,3,7:33 PM,8:19,MISS Mourning  Dunk,,,,,4,297,Alonzo Mourning,1610612748.0,Miami,Heat,MIA,0,0,,,,,,0,0,,,,,,0
0020001157,270,4,0,3,7:33 PM,8:18,Mourning REBOUND (Off:3 Def:4),,,,,4,297,Alonzo Mourning,1610612748.0,Miami,Heat,MIA,0,0,,,,,,0,0,,,,,,0
0020001157,271,5,2,3,7:33 PM,8:17,Mourning Lost Ball Turnover (P4.T14),,Miller STEAL (3 STL),,,4,297,Alonzo Mourning,1610612748.0,Miami,Heat,MIA,5,2034,Mike Miller,1610612753.0,Orlando,Magic,ORL,0,0,,,,,,0
0020001157,272,2,1,3,7:33 PM,7:52,,,MISS McGrady 26' 3PT Jump Shot,,,5,1503,Tracy McGrady,1610612753.0,Orlando,Magic,ORL,0,0,,,,,,0,0,,,,,,0
0020001157,273,4,0,3,7:33 PM,7:50,Carter REBOUND (Off:1 Def:1),,,,,4,1853,Anthony Carter,1610612748.0,Miami,Heat,MIA,0,0,,,,,,0,0,,,,,,0
0020001157,274,2,1,3,7:33 PM,7:42,MISS Mason 19' Jump Shot,,,,,4,193,Anthony Mason,1610612748.0,Miami,Heat,MIA,0,0,,,,,,0,0,,,,,,0
0020001157,275,4,0,3,7:33 PM,7:41,,,Hudson REBOUND (Off:0 Def:1),,,5,1607,Troy Hudson,1610612753.0,Orlando,Magic,ORL,0,0,,,,,,0,0,,,,,,0
0020001157,276,6,2,3,7:34 PM,7:34,Mason S.FOUL (P2.T2),,,,,4,193,Anthony Mason,1610612748.0,Miami,Heat,MIA,0,0,,,,,,1,0,,,,,,0
0020001157,277,3,11,3,7:34 PM,7:34,,,McGrady Free Throw 1 of 2 (17 PTS),58 - 36,-22,5,1503,Tracy McGrady,1610612753.0,Orlando,Magic,ORL,0,0,,,,,,0,0,,,,,,0
0020001157,278,8,0,3,7:34 PM,7:34,SUB: Jones FOR Majerle,,,,,4,105,Dan Majerle,1610612748.0,Miami,Heat,MIA,4,224,Eddie Jones,1610612748.0,Miami,Heat,MIA,0,0,,,,,,0
0020001157,279,8,0,3,7:34 PM,7:34,SUB: House FOR Carter,,,,,4,1853,Anthony Carter,1610612748.0,Miami,Heat,MIA,4,2067,Eddie House,1610612748.0,Miami,Heat,MIA,0,0,,,,,,0
0020001157,280,8,0,3,7:34 PM,7:34,SUB: Grant FOR Mourning,,,,,4,297,Alonzo Mourning,1610612748.0,Miami,Heat,MIA,4,258,Brian Grant,1610612748.0,Miami,Heat,MIA,0,0,,,,,,0
0020001157,281,3,12,3,7:35 PM,7:34,,,McGrady Free Throw 2 of 2 (18 PTS),59 - 36,-23,5,1503,Tracy McGrady,1610612753.0,Orlando,Magic,ORL,0,0,,,,,,0,0,,,,,,0
0020001157,282,2,1,3,7:35 PM,7:13,MISS House 24' 3PT Jump Shot,,,,,4,2067,Eddie House,1610612748.0,Miami,Heat,MIA,0,0,,,,,,0,0,,,,,,0
0020001157,283,4,0,3,7:35 PM,7:09,,,Outlaw REBOUND (Off:0 Def:7),,,5,448,Bo Outlaw,1610612753.0,Orlando,Magic,ORL,0,0,,,,,,0,0,,,,,,0
0020001157,284,6,4,3,7:35 PM,6:58,,,McGrady OFF.Foul (P1),,,5,1503,Tracy McGrady,1610612753.0,Orlando,Magic,ORL,0,0,,,,,,1,0,,,,,,0
0020001157,285,5,5,3,7:35 PM,6:58,,,McGrady Foul Turnover (P2.T7),,,5,1503,Tracy McGrady,1610612753.0,Orlando,Magic,ORL,0,0,,,,,,0,0,,,,,,0
0020001157,287,6,1,3,7:36 PM,6:44,,,McGrady P.FOUL (P2.T3),,,5,1503,Tracy McGrady,1610612753.0,Orlando,Magic,ORL,0,0,,,,,,1,0,,,,,,0
0020001157,288,3,11,3,7:36 PM,6:44,Mason Free Throw 1 of 2 (15 PTS),,,59 - 37,-22,4,193,Anthony Mason,1610612748.0,Miami,Heat,MIA,0,0,,,,,,0,0,,,,,,0
0020001157,289,3,12,3,7:36 PM,6:44,Mason Free Throw 2 of 2 (16 PTS),,,59 - 38,-21,4,193,Anthony Mason,1610612748.0,Miami,Heat,MIA,0,0,,,,,,0,0,,,,,,0
0020001157,290,5,1,3,7:37 PM,6:36,,,Outlaw Bad Pass Turnover (P4.T8),,,5,448,Bo Outlaw,1610612753.0,Orlando,Magic,ORL,0,0,,,,,,0,0,,,,,,0
0020001157,291,6,1,3,7:37 PM,6:27,,,Outlaw P.FOUL (P3.T4),,,5,448,Bo Outlaw,1610612753.0,Orlando,Magic,ORL,0,0,,,,,,1,0,,,,,,0
0020001157,292,2,1,3,7:37 PM,6:16,MISS Bowen 19' Jump Shot,,,,,4,1477,Bruce Bowen,1610612748.0,Miami,Heat,MIA,0,0,,,,,,0,0,,,,,,0
0020001157,293,4,0,3,7:38 PM,6:14,Mason REBOUND (Off:3 Def:6),,,,,4,193,Anthony Mason,1610612748.0,Miami,Heat,MIA,0,0,,,,,,0,0,,,,,,0
0020001157,294,1,1,3,7:38 PM,6:09,Mason 7' Jump Shot (18 PTS),,,59 - 40,-19,4,193,Anthony Mason,1610612748.0,Miami,Heat,MIA,0,0,,,,,,0,0,,,,,,0
0020001157,295,1,1,3,7:38 PM,5:52,,,McGrady 20' Jump Shot (20 PTS) (DeClercq 1 AST),61 - 40,-21,5,1503,Tracy McGrady,1610612753.0,Orlando,Magic,ORL,5,692,Andrew DeClercq,1610612753.0,Orlando,Magic,ORL,0,0,,,,,,0
0020001157,296,5,1,3,7:38 PM,5:38,Grant Bad Pass Turnover (P5.T15),,Hudson STEAL (1 STL),,,4,258,Brian Grant,1610612748.0,Miami,Heat,MIA,5,1607,Troy Hudson,1610612753.0,Orlando,Magic,ORL,0,0,,,,,,0
0020001157,297,6,1,3,7:38 PM,5:37,House P.FOUL (P2.T3),,,,,4,2067,Eddie House,1610612748.0,Miami,Heat,MIA,0,0,,,,,,1,0,,,,,,0
0020001157,299,1,42,3,7:39 PM,5:29,,,Miller  Driving Layup (14 PTS),63 - 40,-23,5,2034,Mike Miller,1610612753.0,Orlando,Magic,ORL,0,0,,,,,,0,0,,,,,,0
0020001157,300,2,1,3,7:39 PM,5:03,MISS Grant 10' Jump Shot,,McGrady BLOCK (1 BLK),,,4,258,Brian Grant,1610612748.0,Miami,Heat,MIA,0,0,,,,,,5,1503,Tracy McGrady,1610612753.0,Orlando,Magic,ORL,0
0020001157,301,4,0,3,7:39 PM,5:01,,,Outlaw REBOUND (Off:0 Def:8),,,5,448,Bo Outlaw,1610612753.0,Orlando,Magic,ORL,0,0,,,,,,0,0,,,,,,0
0020001157,302,5,2,3,7:39 PM,4:51,Jones STEAL (2 STL),,Miller Lost Ball Turnover (P1.T9),,,5,2034,Mike Miller,1610612753.0,Orlando,Magic,ORL,4,224,Eddie Jones,1610612748.0,Miami,Heat,MIA,0,0,,,,,,0
0020001157,303,2,1,3,7:39 PM,4:43,MISS Grant 5' Jump Shot,,Outlaw BLOCK (4 BLK),,,4,258,Brian Grant,1610612748.0,Miami,Heat,MIA,0,0,,,,,,5,448,Bo Outlaw,1610612753.0,Orlando,Magic,ORL,0
0020001157,304,10,0,3,7:40 PM,4:43,Jump Ball Grant vs. Outlaw: Tip to McGrady,,,,,4,258,Brian Grant,1610612748.0,Miami,Heat,MIA,5,448,Bo Outlaw,1610612753.0,Orlando,Magic,ORL,5,1503,Tracy McGrady,1610612753.0,Orlando,Magic,ORL,0
0020001157,305,4,0,3,7:40 PM,4:43,,,Magic Rebound,,,3,1610612753,,,,,,0,0,,,,,,0,0,,,,,,0
0020001157,306,1,1,3,7:40 PM,4:29,,,Miller 25' 3PT Jump Shot (17 PTS) (DeClercq 2 AST),66 - 40,-26,5,2034,Mike Miller,1610612753.0,Orlando,Magic,ORL,5,692,Andrew DeClercq,1610612753.0,Orlando,Magic,ORL,0,0,,,,,,0
0020001157,308,9,1,3,7:40 PM,4:23,HEAT Timeout: Regular (Full 4 Short 0),,,,,2,1610612748,,,,,,0,0,,,,,,0,0,,,,,,0
0020001157,309,6,1,3,7:43 PM,4:13,,,DeClercq P.FOUL (P4.PN),,,5,692,Andrew DeClercq,1610612753.0,Orlando,Magic,ORL,0,0,,,,,,1,0,,,,,,0
0020001157,310,3,11,3,7:43 PM,4:13,Mason Free Throw 1 of 2 (19 PTS),,,66 - 41,-25,4,193,Anthony Mason,1610612748.0,Miami,Heat,MIA,0,0,,,,,,0,0,,,,,,0
0020001157,311,8,0,3,7:44 PM,4:13,,,SUB: Reid FOR DeClercq,,,5,692,Andrew DeClercq,1610612753.0,Orlando,Magic,ORL,5,690,Don Reid,1610612753.0,Orlando,Magic,ORL,0,0,,,,,,0
0020001157,312,8,0,3,7:44 PM,4:13,SUB: Davis FOR Bowen,,,,,4,1477,Bruce Bowen,1610612748.0,Miami,Heat,MIA,4,1729,Ricky Davis,1610612748.0,Miami,Heat,MIA,0,0,,,,,,0
0020001157,313,3,12,3,7:44 PM,4:13,Mason Free Throw 2 of 2 (20 PTS),,,66 - 42,-24,4,193,Anthony Mason,1610612748.0,Miami,Heat,MIA,0,0,,,,,,0,0,,,,,,0
0020001157,314,2,1,3,7:44 PM,3:57,,,MISS McGrady 26' 3PT Jump Shot,,,5,1503,Tracy McGrady,1610612753.0,Orlando,Magic,ORL,0,0,,,,,,0,0,,,,,,0
0020001157,315,4,0,3,7:44 PM,3:54,Mason REBOUND (Off:3 Def:7),,,,,4,193,Anthony Mason,1610612748.0,Miami,Heat,MIA,0,0,,,,,,0,0,,,,,,0
0020001157,316,5,2,3,7:44 PM,3:53,Mason Lost Ball Turnover (P2.T16),,McGrady STEAL (3 STL),,,4,193,Anthony Mason,1610612748.0,Miami,Heat,MIA,5,1503,Tracy McGrady,1610612753.0,Orlando,Magic,ORL,0,0,,,,,,0
0020001157,317,1,5,3,7:44 PM,3:48,,,Hudson  Layup (9 PTS),68 - 42,-26,5,1607,Troy Hudson,1610612753.0,Orlando,Magic,ORL,0,0,,,,,,0,0,,,,,,0
0020001157,318,1,1,3,7:44 PM,3:38,Davis 25' 3PT Jump Shot (3 PTS),,,68 - 45,-23,4,1729,Ricky Davis,1610612748.0,Miami,Heat,MIA,0,0,,,,,,0,0,,,,,,0
0020001157,319,1,1,3,7:45 PM,3:21,,,McGrady 19' Jump Shot (22 PTS) (Miller 3 AST),70 - 45,-25,5,1503,Tracy McGrady,1610612753.0,Orlando,Magic,ORL,5,2034,Mike Miller,1610612753.0,Orlando,Magic,ORL,0,0,,,,,,0
0020001157,321,1,1,3,7:45 PM,3:04,Jones 15' Jump Shot (2 PTS) (Mason 3 AST),,,70 - 47,-23,4,224,Eddie Jones,1610612748.0,Miami,Heat,MIA,4,193,Anthony Mason,1610612748.0,Miami,Heat,MIA,0,0,,,,,,0
0020001157,322,1,1,3,7:45 PM,2:55,,,Miller 26' 3PT Jump Shot (20 PTS) (Outlaw 3 AST),73 - 47,-26,5,2034,Mike Miller,1610612753.0,Orlando,Magic,ORL,5,448,Bo Outlaw,1610612753.0,Orlando,Magic,ORL,0,0,,,,,,0
0020001157,323,2,1,3,7:46 PM,2:33,MISS Davis 18' Jump Shot,,,,,4,1729,Ricky Davis,1610612748.0,Miami,Heat,MIA,0,0,,,,,,0,0,,,,,,0
0020001157,324,4,0,3,7:46 PM,2:31,,,McGrady REBOUND (Off:0 Def:2),,,5,1503,Tracy McGrady,1610612753.0,Orlando,Magic,ORL,0,0,,,,,,0,0,,,,,,0
0020001157,325,2,5,3,7:46 PM,2:24,Davis BLOCK (1 BLK),,MISS Reid  Layup,,,5,690,Don Reid,1610612753.0,Orlando,Magic,ORL,0,0,,,,,,4,1729,Ricky Davis,1610612748.0,Miami,Heat,MIA,0
0020001157,326,4,0,3,7:46 PM,2:23,,,Magic Rebound,,,3,1610612753,,,,,,0,0,,,,,,0,0,,,,,,0
0020001157,327,8,0,3,7:46 PM,2:23,SUB: Green FOR Mason,,,,,4,193,Anthony Mason,1610612748.0,Miami,Heat,MIA,4,920,A.C. Green,1610612748.0,Miami,Heat,MIA,0,0,,,,,,0
0020001157,328,2,1,3,7:46 PM,2:20,,,MISS Miller 20' Jump Shot,,,5,2034,Mike Miller,1610612753.0,Orlando,Magic,ORL,0,0,,,,,,0,0,,,,,,0
0020001157,329,4,0,3,7:46 PM,2:18,,,Miller REBOUND (Off:2 Def:6),,,5,2034,Mike Miller,1610612753.0,Orlando,Magic,ORL,0,0,,,,,,0,0,,,,,,0
0020001157,330,6,1,3,7:46 PM,2:18,Jones P.FOUL (P3.T4),,,,,4,224,Eddie Jones,1610612748.0,Miami,Heat,MIA,0,0,,,,,,1,0,,,,,,0
0020001157,331,2,1,3,7:47 PM,2:07,,,MISS McGrady 14' Jump Shot,,,5,1503,Tracy McGrady,1610612753.0,Orlando,Magic,ORL,0,0,,,,,,0,0,,,,,,0
0020001157,332,4,0,3,7:47 PM,2:04,Green REBOUND (Off:0 Def:1),,,,,4,920,A.C. Green,1610612748.0,Miami,Heat,MIA,0,0,,,,,,0,0,,,,,,0
0020001157,335,2,1,3,7:47 PM,1:43,MISS House 19' Jump Shot,,,,,4,2067,Eddie House,1610612748.0,Miami,Heat,MIA,0,0,,,,,,0,0,,,,,,0
0020001157,336,4,0,3,7:47 PM,1:42,HEAT Rebound,,,,,2,1610612748,,,,,,0,0,,,,,,0,0,,,,,,0
0020001157,337,5,11,3,7:48 PM,1:42,HEAT Turnover: Shot Clock (T#17),,,,,2,1610612748,,,,,,0,0,,,,,,0,0,,,,,,0
0020001157,338,2,1,3,7:48 PM,1:33,,,MISS McGrady 19' Jump Shot,,,5,1503,Tracy McGrady,1610612753.0,Orlando,Magic,ORL,0,0,,,,,,0,0,,,,,,0
0020001157,339,4,0,3,7:48 PM,1:31,HEAT Rebound,,,,,2,1610612748,,,,,,0,0,,,,,,0,0,,,,,,0
0020001157,340,1,1,3,7:48 PM,1:16,House 25' 3PT Jump Shot (10 PTS) (Jones 2 AST),,,73 - 50,-23,4,2067,Eddie House,1610612748.0,Miami,Heat,MIA,4,224,Eddie Jones,1610612748.0,Miami,Heat,MIA,0,0,,,,,,0
0020001157,341,1,1,3,7:49 PM,0:56,,,McGrady 11' Jump Shot (24 PTS),75 - 50,-25,5,1503,Tracy McGrady,1610612753.0,Orlando,Magic,ORL,0,0,,,,,,0,0,,,,,,0
0020001157,342,2,1,3,7:49 PM,0:39,MISS Grant 20' Jump Shot,,,,,4,258,Brian Grant,1610612748.0,Miami,Heat,MIA,0,0,,,,,,0,0,,,,,,0
0020001157,343,4,0,3,7:49 PM,0:37,,,Reid REBOUND (Off:0 Def:2),,,5,690,Don Reid,1610612753.0,Orlando,Magic,ORL,0,0,,,,,,0,0,,,,,,0
0020001157,344,2,1,3,7:49 PM,0:32,,,MISS Miller 19' Jump Shot,,,5,2034,Mike Miller,1610612753.0,Orlando,Magic,ORL,0,0,,,,,,0,0,,,,,,0
0020001157,345,4,0,3,7:49 PM,0:29,,,Reid REBOUND (Off:1 Def:2),,,5,690,Don Reid,1610612753.0,Orlando,Magic,ORL,0,0,,,,,,0,0,,,,,,0
0020001157,346,6,2,3,7:49 PM,0:29,Green S.FOUL (P1.PN),,,,,4,920,A.C. Green,1610612748.0,Miami,Heat,MIA,0,0,,,,,,1,0,,,,,,0
0020001157,347,8,0,3,7:49 PM,0:29,,,SUB: Brown FOR McGrady,,,5,1503,Tracy McGrady,1610612753.0,Orlando,Magic,ORL,5,244,Dee Brown,1610612753.0,Orlando,Magic,ORL,0,0,,,,,,0
0020001157,348,3,11,3,7:49 PM,0:29,,,Miller Free Throw 1 of 2 (21 PTS),76 - 50,-26,5,2034,Mike Miller,1610612753.0,Orlando,Magic,ORL,0,0,,,,,,0,0,,,,,,0
0020001157,349,8,0,3,7:50 PM,0:29,,,SUB: Williams FOR Hudson,,,5,1607,Troy Hudson,1610612753.0,Orlando,Magic,ORL,5,42,Monty Williams,1610612753.0,Orlando,Magic,ORL,0,0,,,,,,0
0020001157,351,3,12,3,7:50 PM,0:29,,,MISS Miller Free Throw 2 of 2,,,5,2034,Mike Miller,1610612753.0,Orlando,Magic,ORL,0,0,,,,,,0,0,,,,,,0
0020001157,352,4,0,3,7:50 PM,0:27,,,Outlaw REBOUND (Off:1 Def:8),,,5,448,Bo Outlaw,1610612753.0,Orlando,Magic,ORL,0,0,,,,,,0,0,,,,,,0
0020001157,354,5,1,3,7:50 PM,0:08,Davis STEAL (1 STL),,Brown Bad Pass Turnover (P1.T10),,,5,244,Dee Brown,1610612753.0,Orlando,Magic,ORL,4,1729,Ricky Davis,1610612748.0,Miami,Heat,MIA,0,0,,,,,,0
0020001157,355,1,1,3,7:50 PM,0:01,Davis 22' Jump Shot (5 PTS),,,76 - 52,-24,4,1729,Ricky Davis,1610612748.0,Miami,Heat,MIA,0,0,,,,,,0,0,,,,,,0
0020001157,356,2,1,3,7:50 PM,0:00,,,MISS Williams 65' 3PT Jump Shot,,,5,42,Monty Williams,1610612753.0,Orlando,Magic,ORL,0,0,,,,,,0,0,,,,,,0
0020001157,357,4,0,3,7:51 PM,0:00,,,Magic Rebound,,,3,1610612753,,,,,,0,0,,,,,,0,0,,,,,,0
0020001157,358,13,0,3,7:51 PM,0:00,,,,76 - 52,-24,0,0,,,,,,0,0,,,,,,0,0,,,,,,0
0020001157,360,12,0,4,7:53 PM,12:00,,,,76 - 52,-24,0,0,,,,,,0,0,,,,,,0,0,,,,,,0
0020001157,361,2,1,4,7:53 PM,11:42,MISS Davis 18' Jump Shot,,,,,4,1729,Ricky Davis,1610612748.0,Miami,Heat,MIA,0,0,,,,,,0,0,,,,,,0
0020001157,362,4,0,4,7:53 PM,11:40,,,Williams REBOUND (Off:0 Def:1),,,5,42,Monty Williams,1610612753.0,Orlando,Magic,ORL,0,0,,,,,,0,0,,,,,,0
0020001157,363,6,4,4,7:54 PM,11:30,,,Williams OFF.Foul (P1),,,5,42,Monty Williams,1610612753.0,Orlando,Magic,ORL,0,0,,,,,,1,0,,,,,,0
0020001157,364,5,5,4,7:54 PM,11:30,,,Williams Foul Turnover (P1.T11),,,5,42,Monty Williams,1610612753.0,Orlando,Magic,ORL,0,0,,,,,,0,0,,,,,,0
0020001157,365,2,42,4,7:54 PM,11:16,MISS Davis  Driving Layup,,Williams BLOCK (1 BLK),,,4,1729,Ricky Davis,1610612748.0,Miami,Heat,MIA,0,0,,,,,,5,42,Monty Williams,1610612753.0,Orlando,Magic,ORL,0
0020001157,366,4,0,4,7:54 PM,11:15,HEAT Rebound,,,,,2,1610612748,,,,,,0,0,,,,,,0,0,,,,,,0
0020001157,367,6,2,4,7:54 PM,11:15,,,Amaechi S.FOUL (P4.T1),,,5,680,John Amaechi,1610612753.0,Orlando,Magic,ORL,0,0,,,,,,1,0,,,,,,0
0020001157,368,3,11,4,7:54 PM,11:15,Jones Free Throw 1 of 2 (3 PTS),,,76 - 53,-23,4,224,Eddie Jones,1610612748.0,Miami,Heat,MIA,0,0,,,,,,0,0,,,,,,0
0020001157,369,3,12,4,7:55 PM,11:15,Jones Free Throw 2 of 2 (4 PTS),,,76 - 54,-22,4,224,Eddie Jones,1610612748.0,Miami,Heat,MIA,0,0,,,,,,0,0,,,,,,0
0020001157,370,6,1,4,7:55 PM,11:11,Davis P.FOUL (P1.T1),,,,,4,1729,Ricky Davis,1610612748.0,Miami,Heat,MIA,0,0,,,,,,1,0,,,,,,0
0020001157,371,2,3,4,7:55 PM,10:54,,,MISS Amaechi 9' Hook Shot,,,5,680,John Amaechi,1610612753.0,Orlando,Magic,ORL,0,0,,,,,,0,0,,,,,,0
0020001157,372,4,0,4,7:55 PM,10:52,,,Williams REBOUND (Off:1 Def:1),,,5,42,Monty Williams,1610612753.0,Orlando,Magic,ORL,0,0,,,,,,0,0,,,,,,0
0020001157,373,1,5,4,7:55 PM,10:49,,,Williams  Layup (2 PTS),78 - 54,-24,5,42,Monty Williams,1610612753.0,Orlando,Magic,ORL,0,0,,,,,,0,0,,,,,,0
0020001157,374,2,1,4,7:56 PM,10:37,MISS Jones 26' 3PT Jump Shot,,,,,4,224,Eddie Jones,1610612748.0,Miami,Heat,MIA,0,0,,,,,,0,0,,,,,,0
0020001157,376,4,0,4,7:56 PM,10:35,Grant REBOUND (Off:2 Def:1),,,,,4,258,Brian Grant,1610612748.0,Miami,Heat,MIA,0,0,,,,,,0,0,,,,,,0
0020001157,375,2,4,4,7:56 PM,10:33,MISS Grant  Tip Shot,,,,,4,258,Brian Grant,1610612748.0,Miami,Heat,MIA,0,0,,,,,,0,0,,,,,,0
0020001157,377,4,0,4,7:56 PM,10:31,,,Reid REBOUND (Off:1 Def:3),,,5,690,Don Reid,1610612753.0,Orlando,Magic,ORL,0,0,,,,,,0,0,,,,,,0
0020001157,378,6,4,4,7:56 PM,10:26,,,Williams OFF.Foul (P2),,,5,42,Monty Williams,1610612753.0,Orlando,Magic,ORL,0,0,,,,,,1,0,,,,,,0
0020001157,379,5,5,4,7:56 PM,10:26,,,Williams Foul Turnover (P2.T12),,,5,42,Monty Williams,1610612753.0,Orlando,Magic,ORL,0,0,,,,,,0,0,,,,,,0
0020001157,380,8,0,4,7:56 PM,10:26,,,SUB: Hudson FOR Miller,,,5,2034,Mike Miller,1610612753.0,Orlando,Magic,ORL,5,1607,Troy Hudson,1610612753.0,Orlando,Magic,ORL,0,0,,,,,,0
0020001157,381,2,1,4,7:56 PM,10:10,MISS Jones 19' Jump Shot,,,,,4,224,Eddie Jones,1610612748.0,Miami,Heat,MIA,0,0,,,,,,0,0,,,,,,0
0020001157,382,4,0,4,7:56 PM,10:08,Grant REBOUND (Off:3 Def:1),,,,,4,258,Brian Grant,1610612748.0,Miami,Heat,MIA,0,0,,,,,,0,0,,,,,,0
0020001157,383,6,2,4,7:57 PM,10:08,,,Reid S.FOUL (P4.T2),,,5,690,Don Reid,1610612753.0,Orlando,Magic,ORL,0,0,,,,,,1,0,,,,,,0
0020001157,384,3,11,4,7:57 PM,10:08,Grant Free Throw 1 of 2 (5 PTS),,,78 - 55,-23,4,258,Brian Grant,1610612748.0,Miami,Heat,MIA,0,0,,,,,,0,0,,,,,,0
0020001157,385,8,0,4,7:57 PM,10:08,,,SUB: Garrity FOR Reid,,,5,690,Don Reid,1610612753.0,Orlando,Magic,ORL,5,1727,Pat Garrity,1610612753.0,Orlando,Magic,ORL,0,0,,,,,,0
0020001157,386,3,12,4,7:57 PM,10:08,Grant Free Throw 2 of 2 (6 PTS),,,78 - 56,-22,4,258,Brian Grant,1610612748.0,Miami,Heat,MIA,0,0,,,,,,0,0,,,,,,0
0020001157,387,2,1,4,7:58 PM,9:56,,,MISS Brown 26' 3PT Jump Shot,,,5,244,Dee Brown,1610612753.0,Orlando,Magic,ORL,0,0,,,,,,0,0,,,,,,0
0020001157,388,4,0,4,7:58 PM,9:54,Grant REBOUND (Off:3 Def:2),,,,,4,258,Brian Grant,1610612748.0,Miami,Heat,MIA,0,0,,,,,,0,0,,,,,,0
0020001157,389,5,1,4,7:58 PM,9:44,Jones Bad Pass Turnover (P1.T18),,Hudson STEAL (2 STL),,,4,224,Eddie Jones,1610612748.0,Miami,Heat,MIA,5,1607,Troy Hudson,1610612753.0,Orlando,Magic,ORL,0,0,,,,,,0
0020001157,390,6,2,4,7:58 PM,9:38,Green S.FOUL (P2.T2),,,,,4,920,A.C. Green,1610612748.0,Miami,Heat,MIA,0,0,,,,,,1,0,,,,,,0
0020001157,391,3,11,4,7:58 PM,9:38,,,Hudson Free Throw 1 of 2 (10 PTS),79 - 56,-23,5,1607,Troy Hudson,1610612753.0,Orlando,Magic,ORL,0,0,,,,,,0,0,,,,,,0
0020001157,392,3,12,4,7:58 PM,9:38,,,Hudson Free Throw 2 of 2 (11 PTS),80 - 56,-24,5,1607,Troy Hudson,1610612753.0,Orlando,Magic,ORL,0,0,,,,,,0,0,,,,,,0
0020001157,393,5,2,4,7:59 PM,9:27,House Lost Ball Turnover (P2.T19),,Hudson STEAL (3 STL),,,4,2067,Eddie House,1610612748.0,Miami,Heat,MIA,5,1607,Troy Hudson,1610612753.0,Orlando,Magic,ORL,0,0,,,,,,0
0020001157,394,1,5,4,7:59 PM,9:25,,,Hudson  Layup (13 PTS),82 - 56,-26,5,1607,Troy Hudson,1610612753.0,Orlando,Magic,ORL,0,0,,,,,,0,0,,,,,,0
0020001157,395,6,2,4,7:59 PM,9:25,House S.FOUL (P3.T3),,,,,4,2067,Eddie House,1610612748.0,Miami,Heat,MIA,0,0,,,,,,1,0,,,,,,0
0020001157,398,9,2,4,7:59 PM,9:25,HEAT Timeout: Short (Full 4 Short 1),,,,,2,1610612748,,,,,,0,0,,,,,,0,0,,,,,,0
0020001157,399,3,10,4,8:01 PM,9:25,,,Hudson Free Throw 1 of 1 (14 PTS),83 - 56,-27,5,1607,Troy Hudson,1610612753.0,Orlando,Magic,ORL,0,0,,,,,,0,0,,,,,,0
0020001157,400,1,1,4,8:01 PM,9:12,Davis 20' Jump Shot (7 PTS) (House 1 AST),,,83 - 58,-25,4,1729,Ricky Davis,1610612748.0,Miami,Heat,MIA,4,2067,Eddie House,1610612748.0,Miami,Heat,MIA,0,0,,,,,,0
0020001157,401,2,1,4,8:01 PM,8:49,,,MISS Garrity 19' Jump Shot,,,5,1727,Pat Garrity,1610612753.0,Orlando,Magic,ORL,0,0,,,,,,0,0,,,,,,0
0020001157,402,4,0,4,8:01 PM,8:47,Green REBOUND (Off:0 Def:2),,,,,4,920,A.C. Green,1610612748.0,Miami,Heat,MIA,0,0,,,,,,0,0,,,,,,0
0020001157,403,6,1,4,8:02 PM,8:36,,,Brown P.FOUL (P1.T3),,,5,244,Dee Brown,1610612753.0,Orlando,Magic,ORL,0,0,,,,,,1,0,,,,,,0
0020001157,404,9,4,4,8:02 PM,8:36,,,,,,1,0,,,,,,0,0,,,,,,0,0,,,,,,0
0020001157,406,2,1,4,8:05 PM,8:27,MISS Davis 20' Jump Shot,,,,,4,1729,Ricky Davis,1610612748.0,Miami,Heat,MIA,0,0,,,,,,0,0,,,,,,0
0020001157,407,4,0,4,8:05 PM,8:25,Grant REBOUND (Off:4 Def:2),,,,,4,258,Brian Grant,1610612748.0,Miami,Heat,MIA,0,0,,,,,,0,0,,,,,,0
0020001157,408,1,5,4,8:05 PM,8:16,Green  Layup (2 PTS),,,83 - 60,-23,4,920,A.C. Green,1610612748.0,Miami,Heat,MIA,0,0,,,,,,0,0,,,,,,0
0020001157,409,5,1,4,8:05 PM,8:11,Jones STEAL (3 STL),,Garrity Bad Pass Turnover (P1.T13),,,5,1727,Pat Garrity,1610612753.0,Orlando,Magic,ORL,4,224,Eddie Jones,1610612748.0,Miami,Heat,MIA,0,0,,,,,,0
0020001157,410,1,1,4,8:05 PM,8:08,House 13' Jump Shot (12 PTS) (Jones 3 AST),,,83 - 62,-21,4,2067,Eddie House,1610612748.0,Miami,Heat,MIA,4,224,Eddie Jones,1610612748.0,Miami,Heat,MIA,0,0,,,,,,0
0020001157,411,2,1,4,8:05 PM,7:51,,,MISS Garrity 20' Jump Shot,,,5,1727,Pat Garrity,1610612753.0,Orlando,Magic,ORL,0,0,,,,,,0,0,,,,,,0
0020001157,412,4,0,4,8:05 PM,7:49,Jones REBOUND (Off:0 Def:2),,,,,4,224,Eddie Jones,1610612748.0,Miami,Heat,MIA,0,0,,,,,,0,0,,,,,,0
0020001157,413,2,1,4,8:05 PM,7:37,MISS Davis 21' Jump Shot,,,,,4,1729,Ricky Davis,1610612748.0,Miami,Heat,MIA,0,0,,,,,,0,0,,,,,,0
0020001157,414,4,0,4,8:05 PM,7:35,,,Garrity REBOUND (Off:1 Def:2),,,5,1727,Pat Garrity,1610612753.0,Orlando,Magic,ORL,0,0,,,,,,0,0,,,,,,0
0020001157,415,2,1,4,8:06 PM,7:18,,,MISS Brown 26' 3PT Jump Shot,,,5,244,Dee Brown,1610612753.0,Orlando,Magic,ORL,0,0,,,,,,0,0,,,,,,0
0020001157,416,4,0,4,8:06 PM,7:16,,,Williams REBOUND (Off:2 Def:1),,,5,42,Monty Williams,1610612753.0,Orlando,Magic,ORL,0,0,,,,,,0,0,,,,,,0
0020001157,417,2,1,4,8:06 PM,7:11,,,MISS Brown 27' 3PT Jump Shot,,,5,244,Dee Brown,1610612753.0,Orlando,Magic,ORL,0,0,,,,,,0,0,,,,,,0
0020001157,418,4,0,4,8:06 PM,7:09,Grant REBOUND (Off:4 Def:3),,,,,4,258,Brian Grant,1610612748.0,Miami,Heat,MIA,0,0,,,,,,0,0,,,,,,0
0020001157,419,2,1,4,8:06 PM,7:03,MISS House 25' 3PT Jump Shot,,,,,4,2067,Eddie House,1610612748.0,Miami,Heat,MIA,0,0,,,,,,0,0,,,,,,0
0020001157,420,4,0,4,8:06 PM,7:01,,,Amaechi REBOUND (Off:1 Def:4),,,5,680,John Amaechi,1610612753.0,Orlando,Magic,ORL,0,0,,,,,,0,0,,,,,,0
0020001157,421,6,1,4,8:06 PM,7:00,Grant P.FOUL (P4.T4),,,,,4,258,Brian Grant,1610612748.0,Miami,Heat,MIA,0,0,,,,,,1,0,,,,,,0
0020001157,422,8,0,4,8:06 PM,7:00,SUB: Causwell FOR Grant,,,,,4,258,Brian Grant,1610612748.0,Miami,Heat,MIA,4,190,Duane Causwell,1610612748.0,Miami,Heat,MIA,0,0,,,,,,0
0020001157,423,8,0,4,8:06 PM,7:00,SUB: Bowen FOR Jones,,,,,4,224,Eddie Jones,1610612748.0,Miami,Heat,MIA,4,1477,Bruce Bowen,1610612748.0,Miami,Heat,MIA,0,0,,,,,,0
0020001157,424,2,42,4,8:07 PM,6:48,,,MISS Amaechi  Driving Layup,,,5,680,John Amaechi,1610612753.0,Orlando,Magic,ORL,0,0,,,,,,0,0,,,,,,0
0020001157,425,4,0,4,8:07 PM,6:46,Davis REBOUND (Off:0 Def:1),,,,,4,1729,Ricky Davis,1610612748.0,Miami,Heat,MIA,0,0,,,,,,0,0,,,,,,0
0020001157,426,6,1,4,8:07 PM,6:37,,,Amaechi P.FOUL (P5.T4),,,5,680,John Amaechi,1610612753.0,Orlando,Magic,ORL,0,0,,,,,,1,0,,,,,,0
0020001157,427,2,1,4,8:07 PM,6:28,MISS Green 16' Jump Shot,,,,,4,920,A.C. Green,1610612748.0,Miami,Heat,MIA,0,0,,,,,,0,0,,,,,,0
0020001157,428,4,0,4,8:07 PM,6:26,,,Amaechi REBOUND (Off:1 Def:5),,,5,680,John Amaechi,1610612753.0,Orlando,Magic,ORL,0,0,,,,,,0,0,,,,,,0
0020001157,429,5,2,4,8:08 PM,6:14,,,Garrity Lost Ball Turnover (P2.T14),,,5,1727,Pat Garrity,1610612753.0,Orlando,Magic,ORL,0,0,,,,,,0,0,,,,,,0
0020001157,430,1,42,4,8:08 PM,6:01,House  Driving Layup (14 PTS),,,83 - 64,-19,4,2067,Eddie House,1610612748.0,Miami,Heat,MIA,0,0,,,,,,0,0,,,,,,0
0020001157,431,2,1,4,8:08 PM,5:43,,,MISS Amaechi 21' Jump Shot,,,5,680,John Amaechi,1610612753.0,Orlando,Magic,ORL,0,0,,,,,,0,0,,,,,,0
0020001157,432,4,0,4,8:08 PM,5:40,Causwell REBOUND (Off:0 Def:1),,,,,4,190,Duane Causwell,1610612748.0,Miami,Heat,MIA,0,0,,,,,,0,0,,,,,,0
0020001157,433,2,1,4,8:09 PM,5:33,MISS House 19' Jump Shot,,,,,4,2067,Eddie House,1610612748.0,Miami,Heat,MIA,0,0,,,,,,0,0,,,,,,0
0020001157,434,4,0,4,8:09 PM,5:31,,,Garrity REBOUND (Off:1 Def:3),,,5,1727,Pat Garrity,1610612753.0,Orlando,Magic,ORL,0,0,,,,,,0,0,,,,,,0
0020001157,435,9,1,4,8:09 PM,5:25,,,Magic Timeout: Regular (Reg.3 Short 1),,,3,1610612753,,,,,,0,0,,,,,,0,0,,,,,,0
0020001157,437,6,2,4,8:11 PM,5:12,Causwell S.FOUL (P1.PN),,,,,4,190,Duane Causwell,1610612748.0,Miami,Heat,MIA,0,0,,,,,,1,0,,,,,,0
0020001157,438,3,11,4,8:11 PM,5:12,,,MISS Amaechi Free Throw 1 of 2,,,5,680,John Amaechi,1610612753.0,Orlando,Magic,ORL,0,0,,,,,,0,0,,,,,,0
0020001157,439,4,1,4,8:11 PM,5:12,,,Magic Rebound,,,3,1610612753,,,,,,0,0,,,,,,0,0,,,,,,0
0020001157,440,3,12,4,8:12 PM,5:12,,,Amaechi Free Throw 2 of 2 (6 PTS),84 - 64,-20,5,680,John Amaechi,1610612753.0,Orlando,Magic,ORL,0,0,,,,,,0,0,,,,,,0
0020001157,441,2,1,4,8:12 PM,4:56,MISS House 21' Jump Shot,,,,,4,2067,Eddie House,1610612748.0,Miami,Heat,MIA,0,0,,,,,,0,0,,,,,,0
0020001157,442,4,0,4,8:12 PM,4:54,,,Williams REBOUND (Off:2 Def:2),,,5,42,Monty Williams,1610612753.0,Orlando,Magic,ORL,0,0,,,,,,0,0,,,,,,0
0020001157,443,2,1,4,8:12 PM,4:31,,,MISS Williams 20' Jump Shot,,,5,42,Monty Williams,1610612753.0,Orlando,Magic,ORL,0,0,,,,,,0,0,,,,,,0
0020001157,444,4,0,4,8:13 PM,4:29,Causwell REBOUND (Off:0 Def:2),,,,,4,190,Duane Causwell,1610612748.0,Miami,Heat,MIA,0,0,,,,,,0,0,,,,,,0
0020001157,445,5,1,4,8:13 PM,4:18,Causwell Bad Pass Turnover (P1.T20),,Garrity STEAL (1 STL),,,4,190,Duane Causwell,1610612748.0,Miami,Heat,MIA,5,1727,Pat Garrity,1610612753.0,Orlando,Magic,ORL,0,0,,,,,,0
0020001157,446,6,2,4,8:13 PM,4:02,Causwell S.FOUL (P2.PN),,,,,4,190,Duane Causwell,1610612748.0,Miami,Heat,MIA,0,0,,,,,,1,0,,,,,,0
0020001157,447,3,11,4,8:13 PM,4:02,,,Amaechi Free Throw 1 of 2 (7 PTS),85 - 64,-21,5,680,John Amaechi,1610612753.0,Orlando,Magic,ORL,0,0,,,,,,0,0,,,,,,0
0020001157,448,3,12,4,8:14 PM,4:02,,,MISS Amaechi Free Throw 2 of 2,,,5,680,John Amaechi,1610612753.0,Orlando,Magic,ORL,0,0,,,,,,0,0,,,,,,0
0020001157,449,4,0,4,8:14 PM,4:00,Causwell REBOUND (Off:0 Def:3),,,,,4,190,Duane Causwell,1610612748.0,Miami,Heat,MIA,0,0,,,,,,0,0,,,,,,0
0020001157,450,6,2,4,8:14 PM,3:55,,,Williams S.FOUL (P3.PN),,,5,42,Monty Williams,1610612753.0,Orlando,Magic,ORL,0,0,,,,,,1,0,,,,,,0
0020001157,451,3,11,4,8:14 PM,3:55,Davis Free Throw 1 of 2 (8 PTS),,,85 - 65,-20,4,1729,Ricky Davis,1610612748.0,Miami,Heat,MIA,0,0,,,,,,0,0,,,,,,0
0020001157,452,3,12,4,8:14 PM,3:55,Davis Free Throw 2 of 2 (9 PTS),,,85 - 66,-19,4,1729,Ricky Davis,1610612748.0,Miami,Heat,MIA,0,0,,,,,,0,0,,,,,,0
0020001157,453,2,5,4,8:15 PM,3:36,,,MISS Williams  Layup,,,5,42,Monty Williams,1610612753.0,Orlando,Magic,ORL,0,0,,,,,,0,0,,,,,,0
0020001157,454,4,0,4,8:15 PM,3:34,Green REBOUND (Off:0 Def:3),,,,,4,920,A.C. Green,1610612748.0,Miami,Heat,MIA,0,0,,,,,,0,0,,,,,,0
0020001157,455,1,1,4,8:15 PM,3:22,Green 15' Jump Shot (4 PTS) (Causwell 1 AST),,,85 - 68,-17,4,920,A.C. Green,1610612748.0,Miami,Heat,MIA,4,190,Duane Causwell,1610612748.0,Miami,Heat,MIA,0,0,,,,,,0
0020001157,456,2,1,4,8:15 PM,2:59,,,MISS Brown 25' 3PT Jump Shot,,,5,244,Dee Brown,1610612753.0,Orlando,Magic,ORL,0,0,,,,,,0,0,,,,,,0
0020001157,457,4,0,4,8:15 PM,2:58,Causwell REBOUND (Off:0 Def:4),,,,,4,190,Duane Causwell,1610612748.0,Miami,Heat,MIA,0,0,,,,,,0,0,,,,,,0
0020001157,458,6,4,4,8:15 PM,2:53,House OFF.Foul (P4),,,,,4,2067,Eddie House,1610612748.0,Miami,Heat,MIA,0,0,,,,,,1,0,,,,,,0
0020001157,459,5,5,4,8:15 PM,2:53,House Foul Turnover (P3.T21),,,,,4,2067,Eddie House,1610612748.0,Miami,Heat,MIA,0,0,,,,,,0,0,,,,,,0
0020001157,461,9,1,4,8:16 PM,2:53,HEAT Timeout: Regular (Full 5 Short 1),,,,,2,1610612748,,,,,,0,0,,,,,,0,0,,,,,,0
0020001157,462,5,1,4,8:18 PM,2:40,,,Brown Bad Pass Turnover (P2.T15),,,5,244,Dee Brown,1610612753.0,Orlando,Magic,ORL,0,0,,,,,,0,0,,,,,,0
0020001157,463,5,1,4,8:18 PM,2:20,Davis Bad Pass Turnover (P1.T22),,Garrity STEAL (2 STL),,,4,1729,Ricky Davis,1610612748.0,Miami,Heat,MIA,5,1727,Pat Garrity,1610612753.0,Orlando,Magic,ORL,0,0,,,,,,0
0020001157,464,2,1,4,8:19 PM,2:02,,,MISS Hudson 25' 3PT Jump Shot,,,5,1607,Troy Hudson,1610612753.0,Orlando,Magic,ORL,0,0,,,,,,0,0,,,,,,0
0020001157,465,4,0,4,8:19 PM,2:00,Green REBOUND (Off:0 Def:4),,,,,4,920,A.C. Green,1610612748.0,Miami,Heat,MIA,0,0,,,,,,0,0,,,,,,0
0020001157,466,1,1,4,8:19 PM,1:46,Davis 19' Jump Shot (11 PTS) (Causwell 2 AST),,,85 - 70,-15,4,1729,Ricky Davis,1610612748.0,Miami,Heat,MIA,4,190,Duane Causwell,1610612748.0,Miami,Heat,MIA,0,0,,,,,,0
0020001157,467,5,11,4,8:19 PM,1:21,,,Magic Turnover: Shot Clock (T#16),,,3,1610612753,,,,,,0,0,,,,,,0,0,,,,,,0
0020001157,469,1,1,4,8:20 PM,1:04,Bowen 25' 3PT Jump Shot (3 PTS) (Davis 1 AST),,,85 - 73,-12,4,1477,Bruce Bowen,1610612748.0,Miami,Heat,MIA,4,1729,Ricky Davis,1610612748.0,Miami,Heat,MIA,0,0,,,,,,0
0020001157,470,6,1,4,8:20 PM,0:40,Causwell P.FOUL (P3.PN),,,,,4,190,Duane Causwell,1610612748.0,Miami,Heat,MIA,0,0,,,,,,1,0,,,,,,0
0020001157,471,3,11,4,8:21 PM,0:40,,,Amaechi Free Throw 1 of 2 (8 PTS),86 - 73,-13,5,680,John Amaechi,1610612753.0,Orlando,Magic,ORL,0,0,,,,,,0,0,,,,,,0
0020001157,472,3,12,4,8:21 PM,0:40,,,Amaechi Free Throw 2 of 2 (9 PTS),87 - 73,-14,5,680,John Amaechi,1610612753.0,Orlando,Magic,ORL,0,0,,,,,,0,0,,,,,,0
0020001157,473,5,2,4,8:21 PM,0:27,Davis Lost Ball Turnover (P2.T23),,,,,4,1729,Ricky Davis,1610612748.0,Miami,Heat,MIA,0,0,,,,,,0,0,,,,,,0
0020001157,474,1,1,4,8:22 PM,0:03,,,Hudson 25' 3PT Jump Shot (17 PTS),90 - 73,-17,5,1607,Troy Hudson,1610612753.0,Orlando,Magic,ORL,0,0,,,,,,0,0,,,,,,0
0020001157,475,13,0,4,8:22 PM,0:00,,,,90 - 73,-17,0,0,,,,,,0,0,,,,,,0,0,,,,,,0
