GAME_ID,EVENTNUM,EVENTMSGTYPE,EVENTMSGACTIONTYPE,PERIOD,WCTIMESTRING,PCTIMESTRING,HOMEDESCRIPTION,NEUTRALDESCRIPTION,VISITORDESCRIPTION,SCORE,SCOREMARGIN,PERSON1TYPE,PLAYER1_ID,PLAYER1_NAME,PLAYER1_TEAM_ID,PLAYER1_TEAM_CITY,PLAYER1_TEAM_NICKNAME,PLAYER1_TEAM_ABBREVIATION,PERSON2TYPE,PLAYER2_ID,PLAYER2_NAME,PLAYER2_TEAM_ID,PLAYER2_TEAM_CITY,PLAYER2_TEAM_NICKNAME,PLAYER2_TEAM_ABBREVIATION,PERSON3TYPE,PLAYER3_ID,PLAYER3_NAME,PLAYER3_TEAM_ID,PLAYER3_TEAM_CITY,PLAYER3_TEAM_NICKNAME,PLAYER3_TEAM_ABBREVIATION,VIDEO_AVAILABLE_FLAG
0020000504,0,12,0,1,12:11 PM,12:00,,,,,,0,0,,,,,,0,0,,,,,,0,0,,,,,,0
0020000504,1,10,0,1,12:11 PM,12:00,Jump Ball Garnett vs. Nowitzki: Tip to Nash,,,,,4,708,Kevin Garnett,1610612750.0,Minnesota,Timberwolves,MIN,5,1717,Dirk Nowitzki,1610612742.0,Dallas,Mavericks,DAL,5,959,Steve Nash,1610612742.0,Dallas,Mavericks,DAL,0
0020000504,2,1,1,1,12:12 PM,11:41,,,Laettner 18' Jump Shot (2 PTS) (Nash 1 AST),2 - 0,-2,5,363,Christian Laettner,1610612742.0,Dallas,Mavericks,DAL,5,959,Steve Nash,1610612742.0,Dallas,Mavericks,DAL,0,0,,,,,,0
0020000504,3,2,1,1,12:12 PM,11:25,MISS Garnett 21' Jump Shot,,,,,4,708,Kevin Garnett,1610612750.0,Minnesota,Timberwolves,MIN,0,0,,,,,,0,0,,,,,,0
0020000504,4,4,0,1,12:12 PM,11:24,,,Laettner REBOUND (Off:0 Def:1),,,5,363,Christian Laettner,1610612742.0,Dallas,Mavericks,DAL,0,0,,,,,,0,0,,,,,,0
0020000504,5,2,1,1,12:12 PM,11:19,,,MISS Finley 21' Jump Shot,,,5,714,Michael Finley,1610612742.0,Dallas,Mavericks,DAL,0,0,,,,,,0,0,,,,,,0
0020000504,6,4,0,1,12:12 PM,11:18,Brandon REBOUND (Off:0 Def:1),,,,,4,210,Terrell Brandon,1610612750.0,Minnesota,Timberwolves,MIN,0,0,,,,,,0,0,,,,,,0
0020000504,7,2,1,1,12:12 PM,11:09,MISS Ellis 18' Jump Shot,,,,,4,111,LaPhonso Ellis,1610612750.0,Minnesota,Timberwolves,MIN,0,0,,,,,,0,0,,,,,,0
0020000504,8,4,0,1,12:12 PM,11:08,,,Nash REBOUND (Off:0 Def:1),,,5,959,Steve Nash,1610612742.0,Dallas,Mavericks,DAL,0,0,,,,,,0,0,,,,,,0
0020000504,9,1,42,1,12:12 PM,10:59,,,Nash  Driving Layup (2 PTS),4 - 0,-4,5,959,Steve Nash,1610612742.0,Dallas,Mavericks,DAL,0,0,,,,,,0,0,,,,,,0
0020000504,10,1,42,1,12:13 PM,10:44,Peeler  Driving Layup (2 PTS) (Garnett 1 AST),,,4 - 2,-2,4,324,Anthony Peeler,1610612750.0,Minnesota,Timberwolves,MIN,4,708,Kevin Garnett,1610612750.0,Minnesota,Timberwolves,MIN,0,0,,,,,,0
0020000504,11,5,2,1,12:13 PM,10:32,,,Eisley Lost Ball Turnover (P1.T1),,,5,458,Howard Eisley,1610612742.0,Dallas,Mavericks,DAL,0,0,,,,,,0,0,,,,,,0
0020000504,12,2,1,1,12:13 PM,10:22,MISS Brandon 17' Jump Shot,,,,,4,210,Terrell Brandon,1610612750.0,Minnesota,Timberwolves,MIN,0,0,,,,,,0,0,,,,,,0
0020000504,13,4,0,1,12:13 PM,10:21,,,Laettner REBOUND (Off:0 Def:2),,,5,363,Christian Laettner,1610612742.0,Dallas,Mavericks,DAL,0,0,,,,,,0,0,,,,,,0
0020000504,14,2,46,1,12:13 PM,10:15,,,MISS Nash 16' Running Jump Shot,,,5,959,Steve Nash,1610612742.0,Dallas,Mavericks,DAL,0,0,,,,,,0,0,,,,,,0
0020000504,15,4,0,1,12:13 PM,10:11,Ellis REBOUND (Off:0 Def:1),,,,,4,111,LaPhonso Ellis,1610612750.0,Minnesota,Timberwolves,MIN,0,0,,,,,,0,0,,,,,,0
0020000504,16,5,1,1,12:13 PM,10:09,Ellis Bad Pass Turnover (P1.T1),,Laettner STEAL (1 STL),,,4,111,LaPhonso Ellis,1610612750.0,Minnesota,Timberwolves,MIN,5,363,Christian Laettner,1610612742.0,Dallas,Mavericks,DAL,0,0,,,,,,0
0020000504,17,1,1,1,12:13 PM,10:08,,,Nash  3PT Jump Shot (5 PTS) (Laettner 1 AST),7 - 2,-5,5,959,Steve Nash,1610612742.0,Dallas,Mavericks,DAL,5,363,Christian Laettner,1610612742.0,Dallas,Mavericks,DAL,0,0,,,,,,0
0020000504,18,6,2,1,12:14 PM,9:49,,,Nowitzki S.FOUL (P1.T1),,,5,1717,Dirk Nowitzki,1610612742.0,Dallas,Mavericks,DAL,0,0,,,,,,1,0,,,,,,0
0020000504,19,3,11,1,12:14 PM,9:49,Garnett Free Throw 1 of 2 (1 PTS),,,7 - 3,-4,4,708,Kevin Garnett,1610612750.0,Minnesota,Timberwolves,MIN,0,0,,,,,,0,0,,,,,,0
0020000504,20,3,12,1,12:14 PM,9:49,MISS Garnett Free Throw 2 of 2,,,,,4,708,Kevin Garnett,1610612750.0,Minnesota,Timberwolves,MIN,0,0,,,,,,0,0,,,,,,0
0020000504,21,4,0,1,12:15 PM,9:48,,,Laettner REBOUND (Off:0 Def:3),,,5,363,Christian Laettner,1610612742.0,Dallas,Mavericks,DAL,0,0,,,,,,0,0,,,,,,0
0020000504,22,2,1,1,12:15 PM,9:33,,,MISS Finley 18' Jump Shot,,,5,714,Michael Finley,1610612742.0,Dallas,Mavericks,DAL,0,0,,,,,,0,0,,,,,,0
0020000504,23,4,0,1,12:15 PM,9:31,,,Laettner REBOUND (Off:1 Def:3),,,5,363,Christian Laettner,1610612742.0,Dallas,Mavericks,DAL,0,0,,,,,,0,0,,,,,,0
0020000504,24,2,1,1,12:15 PM,9:29,,,MISS Nowitzki 20' Jump Shot,,,5,1717,Dirk Nowitzki,1610612742.0,Dallas,Mavericks,DAL,0,0,,,,,,0,0,,,,,,0
0020000504,25,4,0,1,12:15 PM,9:27,Szczerbiak REBOUND (Off:0 Def:1),,,,,4,1887,Wally Szczerbiak,1610612750.0,Minnesota,Timberwolves,MIN,0,0,,,,,,0,0,,,,,,0
0020000504,26,6,2,1,12:15 PM,9:21,,,Finley S.FOUL (P1.T2),,,5,714,Michael Finley,1610612742.0,Dallas,Mavericks,DAL,0,0,,,,,,1,0,,,,,,0
0020000504,27,3,11,1,12:15 PM,9:21,Garnett Free Throw 1 of 2 (2 PTS),,,7 - 4,-3,4,708,Kevin Garnett,1610612750.0,Minnesota,Timberwolves,MIN,0,0,,,,,,0,0,,,,,,0
0020000504,28,3,12,1,12:15 PM,9:21,Garnett Free Throw 2 of 2 (3 PTS),,,7 - 5,-2,4,708,Kevin Garnett,1610612750.0,Minnesota,Timberwolves,MIN,0,0,,,,,,0,0,,,,,,0
0020000504,29,6,2,1,12:16 PM,9:03,Peeler S.FOUL (P1.T1),,,,,4,324,Anthony Peeler,1610612750.0,Minnesota,Timberwolves,MIN,0,0,,,,,,1,0,,,,,,0
0020000504,30,3,11,1,12:16 PM,9:03,,,Nowitzki Free Throw 1 of 2 (1 PTS),8 - 5,-3,5,1717,Dirk Nowitzki,1610612742.0,Dallas,Mavericks,DAL,0,0,,,,,,0,0,,,,,,0
0020000504,31,3,12,1,12:16 PM,9:03,,,Nowitzki Free Throw 2 of 2 (2 PTS),9 - 5,-4,5,1717,Dirk Nowitzki,1610612742.0,Dallas,Mavericks,DAL,0,0,,,,,,0,0,,,,,,0
0020000504,32,2,5,1,12:17 PM,8:50,MISS Garnett  Layup,,,,,4,708,Kevin Garnett,1610612750.0,Minnesota,Timberwolves,MIN,0,0,,,,,,0,0,,,,,,0
0020000504,33,4,0,1,12:17 PM,8:47,Garnett REBOUND (Off:1 Def:0),,,,,4,708,Kevin Garnett,1610612750.0,Minnesota,Timberwolves,MIN,0,0,,,,,,0,0,,,,,,0
0020000504,34,2,1,1,12:17 PM,8:45,MISS Szczerbiak 20' Jump Shot,,,,,4,1887,Wally Szczerbiak,1610612750.0,Minnesota,Timberwolves,MIN,0,0,,,,,,0,0,,,,,,0
0020000504,35,4,0,1,12:17 PM,8:43,Brandon REBOUND (Off:1 Def:1),,,,,4,210,Terrell Brandon,1610612750.0,Minnesota,Timberwolves,MIN,0,0,,,,,,0,0,,,,,,0
0020000504,36,2,1,1,12:17 PM,8:37,MISS Peeler 25' 3PT Jump Shot,,,,,4,324,Anthony Peeler,1610612750.0,Minnesota,Timberwolves,MIN,0,0,,,,,,0,0,,,,,,0
0020000504,37,4,0,1,12:17 PM,8:35,Ellis REBOUND (Off:1 Def:1),,,,,4,111,LaPhonso Ellis,1610612750.0,Minnesota,Timberwolves,MIN,0,0,,,,,,0,0,,,,,,0
0020000504,38,2,1,1,12:17 PM,8:30,MISS Ellis 6' Jump Shot,,,,,4,111,LaPhonso Ellis,1610612750.0,Minnesota,Timberwolves,MIN,0,0,,,,,,0,0,,,,,,0
0020000504,39,4,0,1,12:17 PM,8:28,,,Nowitzki REBOUND (Off:0 Def:1),,,5,1717,Dirk Nowitzki,1610612742.0,Dallas,Mavericks,DAL,0,0,,,,,,0,0,,,,,,0
0020000504,40,1,1,1,12:17 PM,8:21,,,Eisley 24' 3PT Jump Shot (3 PTS) (Finley 1 AST),12 - 5,-7,5,458,Howard Eisley,1610612742.0,Dallas,Mavericks,DAL,5,714,Michael Finley,1610612742.0,Dallas,Mavericks,DAL,0,0,,,,,,0
0020000504,41,2,1,1,12:18 PM,7:58,MISS Ellis 15' Jump Shot,,,,,4,111,LaPhonso Ellis,1610612750.0,Minnesota,Timberwolves,MIN,0,0,,,,,,0,0,,,,,,0
0020000504,42,4,0,1,12:18 PM,7:57,Ellis REBOUND (Off:2 Def:1),,,,,4,111,LaPhonso Ellis,1610612750.0,Minnesota,Timberwolves,MIN,0,0,,,,,,0,0,,,,,,0
0020000504,43,2,1,1,12:18 PM,7:52,MISS Peeler 8' Jump Shot,,,,,4,324,Anthony Peeler,1610612750.0,Minnesota,Timberwolves,MIN,0,0,,,,,,0,0,,,,,,0
0020000504,44,4,0,1,12:18 PM,7:50,Ellis REBOUND (Off:3 Def:1),,,,,4,111,LaPhonso Ellis,1610612750.0,Minnesota,Timberwolves,MIN,0,0,,,,,,0,0,,,,,,0
0020000504,45,2,5,1,12:18 PM,7:47,MISS Ellis  Layup,,,,,4,111,LaPhonso Ellis,1610612750.0,Minnesota,Timberwolves,MIN,0,0,,,,,,0,0,,,,,,0
0020000504,47,4,0,1,12:18 PM,7:46,Garnett REBOUND (Off:2 Def:0),,,,,4,708,Kevin Garnett,1610612750.0,Minnesota,Timberwolves,MIN,0,0,,,,,,0,0,,,,,,0
0020000504,46,1,4,1,12:18 PM,7:46,Garnett  Tip Shot (5 PTS),,,12 - 7,-5,4,708,Kevin Garnett,1610612750.0,Minnesota,Timberwolves,MIN,0,0,,,,,,0,0,,,,,,0
0020000504,48,2,1,1,12:18 PM,7:34,,,MISS Eisley 25' 3PT Jump Shot,,,5,458,Howard Eisley,1610612742.0,Dallas,Mavericks,DAL,0,0,,,,,,0,0,,,,,,0
0020000504,49,4,0,1,12:18 PM,7:31,,,Laettner REBOUND (Off:2 Def:3),,,5,363,Christian Laettner,1610612742.0,Dallas,Mavericks,DAL,0,0,,,,,,0,0,,,,,,0
0020000504,50,8,0,1,12:18 PM,7:30,,,SUB: Bradley FOR Nowitzki,,,5,1717,Dirk Nowitzki,1610612742.0,Dallas,Mavericks,DAL,5,762,Shawn Bradley,1610612742.0,Dallas,Mavericks,DAL,0,0,,,,,,0
0020000504,51,6,1,1,12:19 PM,7:25,Szczerbiak P.FOUL (P1.T2),,,,,4,1887,Wally Szczerbiak,1610612750.0,Minnesota,Timberwolves,MIN,0,0,,,,,,1,0,,,,,,0
0020000504,52,1,46,1,12:19 PM,7:17,,,Finley 16' Running Jump Shot (2 PTS) (Nash 2 AST),14 - 7,-7,5,714,Michael Finley,1610612742.0,Dallas,Mavericks,DAL,5,959,Steve Nash,1610612742.0,Dallas,Mavericks,DAL,0,0,,,,,,0
0020000504,53,2,1,1,12:19 PM,6:52,MISS Ellis 16' Jump Shot,,,,,4,111,LaPhonso Ellis,1610612750.0,Minnesota,Timberwolves,MIN,0,0,,,,,,0,0,,,,,,0
0020000504,54,4,0,1,12:19 PM,6:50,,,Eisley REBOUND (Off:0 Def:1),,,5,458,Howard Eisley,1610612742.0,Dallas,Mavericks,DAL,0,0,,,,,,0,0,,,,,,0
0020000504,55,1,56,1,12:20 PM,6:34,,,Finley 4' Running Hook Shot (4 PTS),16 - 7,-9,5,714,Michael Finley,1610612742.0,Dallas,Mavericks,DAL,0,0,,,,,,0,0,,,,,,0
0020000504,56,9,1,1,12:20 PM,6:29,TIMBERWOLVES Timeout: Regular (Full 1 Short 0),,,,,2,1610612750,,,,,,0,0,,,,,,0,0,,,,,,0
0020000504,57,8,0,1,12:21 PM,6:29,SUB: Nesterovic FOR Ellis,,,,,4,111,LaPhonso Ellis,1610612750.0,Minnesota,Timberwolves,MIN,4,1725,Rasho Nesterovic,1610612750.0,Minnesota,Timberwolves,MIN,0,0,,,,,,0
0020000504,58,1,47,1,12:22 PM,6:11,Garnett 18' Turnaround Jump Shot (7 PTS),,,16 - 9,-7,4,708,Kevin Garnett,1610612750.0,Minnesota,Timberwolves,MIN,0,0,,,,,,0,0,,,,,,0
0020000504,59,5,2,1,12:22 PM,5:52,,,Nash Lost Ball Turnover (P1.T2),,,5,959,Steve Nash,1610612742.0,Dallas,Mavericks,DAL,0,0,,,,,,0,0,,,,,,0
0020000504,60,8,0,1,12:23 PM,5:52,,,SUB: Nowitzki FOR Nash,,,5,959,Steve Nash,1610612742.0,Dallas,Mavericks,DAL,5,1717,Dirk Nowitzki,1610612742.0,Dallas,Mavericks,DAL,0,0,,,,,,0
0020000504,61,1,1,1,12:23 PM,5:44,Szczerbiak 21' Jump Shot (2 PTS) (Brandon 1 AST),,,16 - 11,-5,4,1887,Wally Szczerbiak,1610612750.0,Minnesota,Timberwolves,MIN,4,210,Terrell Brandon,1610612750.0,Minnesota,Timberwolves,MIN,0,0,,,,,,0
0020000504,62,1,47,1,12:23 PM,5:35,,,Finley 17' Turnaround Jump Shot (6 PTS) (Eisley 1 AST),18 - 11,-7,5,714,Michael Finley,1610612742.0,Dallas,Mavericks,DAL,5,458,Howard Eisley,1610612742.0,Dallas,Mavericks,DAL,0,0,,,,,,0
0020000504,63,5,2,1,12:23 PM,5:21,Szczerbiak Lost Ball Turnover (P1.T2),,Eisley STEAL (1 STL),,,4,1887,Wally Szczerbiak,1610612750.0,Minnesota,Timberwolves,MIN,5,458,Howard Eisley,1610612742.0,Dallas,Mavericks,DAL,0,0,,,,,,0
0020000504,64,6,9,1,12:23 PM,5:19,Brandon C.P.FOUL (P1.T3),,,,,4,210,Terrell Brandon,1610612750.0,Minnesota,Timberwolves,MIN,0,0,,,,,,1,0,,,,,,0
0020000504,65,3,17,1,12:23 PM,5:19,,,Finley Free Throw Clear Path (7 PTS),19 - 11,-8,5,714,Michael Finley,1610612742.0,Dallas,Mavericks,DAL,0,0,,,,,,0,0,,,,,,0
0020000504,66,1,1,1,12:24 PM,5:09,,,Laettner 16' Jump Shot (4 PTS) (Eisley 2 AST),21 - 11,-10,5,363,Christian Laettner,1610612742.0,Dallas,Mavericks,DAL,5,458,Howard Eisley,1610612742.0,Dallas,Mavericks,DAL,0,0,,,,,,0
0020000504,67,1,1,1,12:24 PM,4:54,Nesterovic 20' Jump Shot (2 PTS) (Garnett 2 AST),,,21 - 13,-8,4,1725,Rasho Nesterovic,1610612750.0,Minnesota,Timberwolves,MIN,4,708,Kevin Garnett,1610612750.0,Minnesota,Timberwolves,MIN,0,0,,,,,,0
0020000504,68,5,1,1,12:25 PM,4:32,Garnett STEAL (1 STL),,Laettner Bad Pass Turnover (P1.T3),,,5,363,Christian Laettner,1610612742.0,Dallas,Mavericks,DAL,4,708,Kevin Garnett,1610612750.0,Minnesota,Timberwolves,MIN,0,0,,,,,,0
0020000504,70,2,1,1,12:25 PM,4:21,MISS Peeler 17' Jump Shot,,,,,4,324,Anthony Peeler,1610612750.0,Minnesota,Timberwolves,MIN,0,0,,,,,,0,0,,,,,,0
0020000504,71,4,0,1,12:25 PM,4:19,,,Laettner REBOUND (Off:2 Def:4),,,5,363,Christian Laettner,1610612742.0,Dallas,Mavericks,DAL,0,0,,,,,,0,0,,,,,,0
0020000504,72,2,1,1,12:25 PM,4:06,,,MISS Laettner 17' Jump Shot,,,5,363,Christian Laettner,1610612742.0,Dallas,Mavericks,DAL,0,0,,,,,,0,0,,,,,,0
0020000504,73,4,0,1,12:25 PM,4:03,TIMBERWOLVES Rebound,,,,,2,1610612750,,,,,,0,0,,,,,,0,0,,,,,,0
0020000504,74,1,1,1,12:25 PM,3:52,Brandon 20' Jump Shot (2 PTS),,,21 - 15,-6,4,210,Terrell Brandon,1610612750.0,Minnesota,Timberwolves,MIN,0,0,,,,,,0,0,,,,,,0
0020000504,75,2,1,1,12:26 PM,3:34,,,MISS Finley 19' Jump Shot,,,5,714,Michael Finley,1610612742.0,Dallas,Mavericks,DAL,0,0,,,,,,0,0,,,,,,0
0020000504,76,4,0,1,12:26 PM,3:32,Szczerbiak REBOUND (Off:0 Def:2),,,,,4,1887,Wally Szczerbiak,1610612750.0,Minnesota,Timberwolves,MIN,0,0,,,,,,0,0,,,,,,0
0020000504,77,2,46,1,12:26 PM,3:27,MISS Brandon 9' Running Jump Shot,,,,,4,210,Terrell Brandon,1610612750.0,Minnesota,Timberwolves,MIN,0,0,,,,,,0,0,,,,,,0
0020000504,78,4,0,1,12:26 PM,3:24,,,Nowitzki REBOUND (Off:0 Def:2),,,5,1717,Dirk Nowitzki,1610612742.0,Dallas,Mavericks,DAL,0,0,,,,,,0,0,,,,,,0
0020000504,79,2,1,1,12:26 PM,3:20,,,MISS Nowitzki 8' Jump Shot,,,5,1717,Dirk Nowitzki,1610612742.0,Dallas,Mavericks,DAL,0,0,,,,,,0,0,,,,,,0
0020000504,81,4,0,1,12:26 PM,3:19,,,Laettner REBOUND (Off:3 Def:4),,,5,363,Christian Laettner,1610612742.0,Dallas,Mavericks,DAL,0,0,,,,,,0,0,,,,,,0
0020000504,80,1,4,1,12:26 PM,3:19,,,Laettner  Tip Shot (6 PTS),23 - 15,-8,5,363,Christian Laettner,1610612742.0,Dallas,Mavericks,DAL,0,0,,,,,,0,0,,,,,,0
0020000504,82,1,1,1,12:26 PM,3:10,Peeler 26' 3PT Jump Shot (5 PTS) (Garnett 3 AST),,,23 - 18,-5,4,324,Anthony Peeler,1610612750.0,Minnesota,Timberwolves,MIN,4,708,Kevin Garnett,1610612750.0,Minnesota,Timberwolves,MIN,0,0,,,,,,0
0020000504,83,1,1,1,12:26 PM,2:55,,,Finley 22' Jump Shot (9 PTS) (Eisley 3 AST),25 - 18,-7,5,714,Michael Finley,1610612742.0,Dallas,Mavericks,DAL,5,458,Howard Eisley,1610612742.0,Dallas,Mavericks,DAL,0,0,,,,,,0
0020000504,84,2,1,1,12:27 PM,2:35,MISS Brandon 19' Jump Shot,,,,,4,210,Terrell Brandon,1610612750.0,Minnesota,Timberwolves,MIN,0,0,,,,,,0,0,,,,,,0
0020000504,85,4,0,1,12:27 PM,2:34,,,Bradley REBOUND (Off:0 Def:1),,,5,762,Shawn Bradley,1610612742.0,Dallas,Mavericks,DAL,0,0,,,,,,0,0,,,,,,0
0020000504,88,6,1,1,12:27 PM,2:34,Peeler P.FOUL (P2.T4),,,,,4,324,Anthony Peeler,1610612750.0,Minnesota,Timberwolves,MIN,0,0,,,,,,1,0,,,,,,0
0020000504,89,9,1,1,12:27 PM,2:34,,,Mavericks Timeout: Regular (Reg.1 Short 0),,,3,1610612742,,,,,,0,0,,,,,,0,0,,,,,,0
0020000504,91,8,0,1,12:29 PM,2:34,,,SUB: Trent FOR Laettner,,,5,363,Christian Laettner,1610612742.0,Dallas,Mavericks,DAL,5,718,Gary Trent,1610612742.0,Dallas,Mavericks,DAL,0,0,,,,,,0
0020000504,92,8,0,1,12:29 PM,2:34,SUB: Billups FOR Peeler,,,,,4,324,Anthony Peeler,1610612750.0,Minnesota,Timberwolves,MIN,4,1497,Chauncey Billups,1610612750.0,Minnesota,Timberwolves,MIN,0,0,,,,,,0
0020000504,93,8,0,1,12:29 PM,2:34,SUB: Mitchell FOR Brandon,,,,,4,210,Terrell Brandon,1610612750.0,Minnesota,Timberwolves,MIN,4,417,Sam Mitchell,1610612750.0,Minnesota,Timberwolves,MIN,0,0,,,,,,0
0020000504,94,2,1,1,12:29 PM,2:18,,,MISS Finley 20' Jump Shot,,,5,714,Michael Finley,1610612742.0,Dallas,Mavericks,DAL,0,0,,,,,,0,0,,,,,,0
0020000504,95,4,0,1,12:29 PM,2:16,Mitchell REBOUND (Off:0 Def:1),,,,,4,417,Sam Mitchell,1610612750.0,Minnesota,Timberwolves,MIN,0,0,,,,,,0,0,,,,,,0
0020000504,96,2,3,1,12:30 PM,1:49,MISS Nesterovic 7' Hook Shot,,,,,4,1725,Rasho Nesterovic,1610612750.0,Minnesota,Timberwolves,MIN,0,0,,,,,,0,0,,,,,,0
0020000504,97,4,0,1,12:30 PM,1:46,,,Trent REBOUND (Off:0 Def:1),,,5,718,Gary Trent,1610612742.0,Dallas,Mavericks,DAL,0,0,,,,,,0,0,,,,,,0
0020000504,98,1,46,1,12:30 PM,1:39,,,Finley 19' Running Jump Shot (11 PTS),27 - 18,-9,5,714,Michael Finley,1610612742.0,Dallas,Mavericks,DAL,0,0,,,,,,0,0,,,,,,0
0020000504,99,6,2,1,12:30 PM,1:39,Szczerbiak S.FOUL (P2.PN),,,,,4,1887,Wally Szczerbiak,1610612750.0,Minnesota,Timberwolves,MIN,0,0,,,,,,1,0,,,,,,0
0020000504,100,8,0,1,12:30 PM,1:39,SUB: Day FOR Szczerbiak,,,,,4,1887,Wally Szczerbiak,1610612750.0,Minnesota,Timberwolves,MIN,4,103,Todd Day,1610612750.0,Minnesota,Timberwolves,MIN,0,0,,,,,,0
0020000504,101,3,10,1,12:30 PM,1:39,,,Finley Free Throw 1 of 1 (12 PTS),28 - 18,-10,5,714,Michael Finley,1610612742.0,Dallas,Mavericks,DAL,0,0,,,,,,0,0,,,,,,0
0020000504,102,6,1,1,12:31 PM,1:28,,,Trent P.FOUL (P1.T3),,,5,718,Gary Trent,1610612742.0,Dallas,Mavericks,DAL,0,0,,,,,,1,0,,,,,,0
0020000504,103,2,1,1,12:31 PM,1:20,MISS Garnett 21' Jump Shot,,,,,4,708,Kevin Garnett,1610612750.0,Minnesota,Timberwolves,MIN,0,0,,,,,,0,0,,,,,,0
0020000504,104,4,0,1,12:31 PM,1:18,Billups REBOUND (Off:1 Def:0),,,,,4,1497,Chauncey Billups,1610612750.0,Minnesota,Timberwolves,MIN,0,0,,,,,,0,0,,,,,,0
0020000504,105,1,1,1,12:31 PM,1:05,Garnett 17' Jump Shot (9 PTS),,,28 - 20,-8,4,708,Kevin Garnett,1610612750.0,Minnesota,Timberwolves,MIN,0,0,,,,,,0,0,,,,,,0
0020000504,106,2,1,1,12:32 PM,0:49,,,MISS Bradley 17' Jump Shot,,,5,762,Shawn Bradley,1610612742.0,Dallas,Mavericks,DAL,0,0,,,,,,0,0,,,,,,0
0020000504,107,4,0,1,12:32 PM,0:48,Billups REBOUND (Off:1 Def:1),,,,,4,1497,Chauncey Billups,1610612750.0,Minnesota,Timberwolves,MIN,0,0,,,,,,0,0,,,,,,0
0020000504,108,2,1,1,12:32 PM,0:27,MISS Garnett 15' Jump Shot,,Bradley BLOCK (1 BLK),,,4,708,Kevin Garnett,1610612750.0,Minnesota,Timberwolves,MIN,0,0,,,,,,5,762,Shawn Bradley,1610612742.0,Dallas,Mavericks,DAL,0
0020000504,109,4,0,1,12:32 PM,0:24,,,Trent REBOUND (Off:0 Def:2),,,5,718,Gary Trent,1610612742.0,Dallas,Mavericks,DAL,0,0,,,,,,0,0,,,,,,0
0020000504,110,1,5,1,12:32 PM,0:21,,,Trent  Layup (2 PTS) (Finley 2 AST),30 - 20,-10,5,718,Gary Trent,1610612742.0,Dallas,Mavericks,DAL,5,714,Michael Finley,1610612742.0,Dallas,Mavericks,DAL,0,0,,,,,,0
0020000504,111,2,1,1,12:33 PM,0:00,MISS Mitchell 25' 3PT Jump Shot,,,,,4,417,Sam Mitchell,1610612750.0,Minnesota,Timberwolves,MIN,0,0,,,,,,0,0,,,,,,0
0020000504,112,4,0,1,12:33 PM,0:00,TIMBERWOLVES Rebound,,,,,2,1610612750,,,,,,0,0,,,,,,0,0,,,,,,0
0020000504,113,13,0,1,12:33 PM,0:00,,,,30 - 20,-10,0,0,,,,,,0,0,,,,,,0,0,,,,,,0
0020000504,115,12,0,2,12:35 PM,12:00,,,,30 - 20,-10,0,0,,,,,,0,0,,,,,,0,0,,,,,,0
0020000504,116,2,1,2,12:35 PM,11:46,MISS Day 25' 3PT Jump Shot,,,,,4,103,Todd Day,1610612750.0,Minnesota,Timberwolves,MIN,0,0,,,,,,0,0,,,,,,0
0020000504,117,4,0,2,12:35 PM,11:43,,,Trent REBOUND (Off:0 Def:3),,,5,718,Gary Trent,1610612742.0,Dallas,Mavericks,DAL,0,0,,,,,,0,0,,,,,,0
0020000504,118,2,1,2,12:36 PM,11:29,,,MISS Trent 12' Jump Shot,,,5,718,Gary Trent,1610612742.0,Dallas,Mavericks,DAL,0,0,,,,,,0,0,,,,,,0
0020000504,119,4,0,2,12:36 PM,11:27,Garnett REBOUND (Off:2 Def:1),,,,,4,708,Kevin Garnett,1610612750.0,Minnesota,Timberwolves,MIN,0,0,,,,,,0,0,,,,,,0
0020000504,120,6,1,2,12:36 PM,11:27,,,Bradley P.FOUL (P1.T1),,,5,762,Shawn Bradley,1610612742.0,Dallas,Mavericks,DAL,0,0,,,,,,1,0,,,,,,0
0020000504,121,2,1,2,12:36 PM,11:16,MISS Garnett 15' Jump Shot,,,,,4,708,Kevin Garnett,1610612750.0,Minnesota,Timberwolves,MIN,0,0,,,,,,0,0,,,,,,0
0020000504,122,4,0,2,12:36 PM,11:15,,,Bradley REBOUND (Off:0 Def:2),,,5,762,Shawn Bradley,1610612742.0,Dallas,Mavericks,DAL,0,0,,,,,,0,0,,,,,,0
0020000504,123,2,1,2,12:36 PM,11:03,,,MISS Nowitzki 26' 3PT Jump Shot,,,5,1717,Dirk Nowitzki,1610612742.0,Dallas,Mavericks,DAL,0,0,,,,,,0,0,,,,,,0
0020000504,124,4,0,2,12:36 PM,11:01,Garnett REBOUND (Off:2 Def:2),,,,,4,708,Kevin Garnett,1610612750.0,Minnesota,Timberwolves,MIN,0,0,,,,,,0,0,,,,,,0
0020000504,125,2,42,2,12:37 PM,10:49,MISS Nesterovic  Driving Layup,,,,,4,1725,Rasho Nesterovic,1610612750.0,Minnesota,Timberwolves,MIN,0,0,,,,,,0,0,,,,,,0
0020000504,126,4,0,2,12:37 PM,10:46,,,Bradley REBOUND (Off:0 Def:3),,,5,762,Shawn Bradley,1610612742.0,Dallas,Mavericks,DAL,0,0,,,,,,0,0,,,,,,0
0020000504,127,2,1,2,12:37 PM,10:39,,,MISS Eisley 12' Jump Shot,,,5,458,Howard Eisley,1610612742.0,Dallas,Mavericks,DAL,0,0,,,,,,0,0,,,,,,0
0020000504,128,4,0,2,12:37 PM,10:36,Garnett REBOUND (Off:2 Def:3),,,,,4,708,Kevin Garnett,1610612750.0,Minnesota,Timberwolves,MIN,0,0,,,,,,0,0,,,,,,0
0020000504,129,6,1,2,12:37 PM,10:35,,,Trent P.FOUL (P2.T2),,,5,718,Gary Trent,1610612742.0,Dallas,Mavericks,DAL,0,0,,,,,,1,0,,,,,,0
0020000504,130,8,0,2,12:37 PM,10:35,,,SUB: Nash FOR Eisley,,,5,458,Howard Eisley,1610612742.0,Dallas,Mavericks,DAL,5,959,Steve Nash,1610612742.0,Dallas,Mavericks,DAL,0,0,,,,,,0
0020000504,131,2,3,2,12:37 PM,10:30,MISS Nesterovic 8' Hook Shot,,,,,4,1725,Rasho Nesterovic,1610612750.0,Minnesota,Timberwolves,MIN,0,0,,,,,,0,0,,,,,,0
0020000504,132,4,0,2,12:37 PM,10:28,,,Trent REBOUND (Off:0 Def:4),,,5,718,Gary Trent,1610612742.0,Dallas,Mavericks,DAL,0,0,,,,,,0,0,,,,,,0
0020000504,133,1,1,2,12:37 PM,10:18,,,Finley 20' Jump Shot (14 PTS),32 - 20,-12,5,714,Michael Finley,1610612742.0,Dallas,Mavericks,DAL,0,0,,,,,,0,0,,,,,,0
0020000504,134,6,4,2,12:38 PM,10:06,Day OFF.Foul (P1),,,,,4,103,Todd Day,1610612750.0,Minnesota,Timberwolves,MIN,0,0,,,,,,1,0,,,,,,0
0020000504,135,5,5,2,12:38 PM,10:06,Day Foul Turnover (P1.T3),,,,,4,103,Todd Day,1610612750.0,Minnesota,Timberwolves,MIN,0,0,,,,,,0,0,,,,,,0
0020000504,136,1,1,2,12:38 PM,9:54,,,Finley 21' Jump Shot (16 PTS) (Nash 3 AST),34 - 20,-14,5,714,Michael Finley,1610612742.0,Dallas,Mavericks,DAL,5,959,Steve Nash,1610612742.0,Dallas,Mavericks,DAL,0,0,,,,,,0
0020000504,137,9,1,2,12:38 PM,9:47,TIMBERWOLVES Timeout: Regular (Full 2 Short 0),,,,,2,1610612750,,,,,,0,0,,,,,,0,0,,,,,,0
0020000504,139,8,0,2,12:40 PM,9:47,SUB: Brandon FOR Day,,,,,4,103,Todd Day,1610612750.0,Minnesota,Timberwolves,MIN,4,210,Terrell Brandon,1610612750.0,Minnesota,Timberwolves,MIN,0,0,,,,,,0
0020000504,140,8,0,2,12:40 PM,9:47,SUB: Slater FOR Nesterovic,,,,,4,1725,Rasho Nesterovic,1610612750.0,Minnesota,Timberwolves,MIN,4,1073,Reggie Slater,1610612750.0,Minnesota,Timberwolves,MIN,0,0,,,,,,0
0020000504,141,1,47,2,12:41 PM,9:38,Slater 8' Turnaround Jump Shot (2 PTS) (Garnett 4 AST),,,34 - 22,-12,4,1073,Reggie Slater,1610612750.0,Minnesota,Timberwolves,MIN,4,708,Kevin Garnett,1610612750.0,Minnesota,Timberwolves,MIN,0,0,,,,,,0
0020000504,142,2,46,2,12:41 PM,9:20,,,MISS Nowitzki 8' Running Jump Shot,,,5,1717,Dirk Nowitzki,1610612742.0,Dallas,Mavericks,DAL,0,0,,,,,,0,0,,,,,,0
0020000504,143,4,0,2,12:41 PM,9:18,Garnett REBOUND (Off:2 Def:4),,,,,4,708,Kevin Garnett,1610612750.0,Minnesota,Timberwolves,MIN,0,0,,,,,,0,0,,,,,,0
0020000504,144,1,5,2,12:41 PM,9:15,Mitchell  Layup (2 PTS) (Brandon 2 AST),,,34 - 24,-10,4,417,Sam Mitchell,1610612750.0,Minnesota,Timberwolves,MIN,4,210,Terrell Brandon,1610612750.0,Minnesota,Timberwolves,MIN,0,0,,,,,,0
0020000504,145,6,2,2,12:41 PM,9:15,,,Finley S.FOUL (P2.T3),,,5,714,Michael Finley,1610612742.0,Dallas,Mavericks,DAL,0,0,,,,,,1,0,,,,,,0
0020000504,146,8,0,2,12:41 PM,9:15,,,SUB: Eisley FOR Trent,,,5,718,Gary Trent,1610612742.0,Dallas,Mavericks,DAL,5,458,Howard Eisley,1610612742.0,Dallas,Mavericks,DAL,0,0,,,,,,0
0020000504,147,3,10,2,12:41 PM,9:15,Mitchell Free Throw 1 of 1 (3 PTS),,,34 - 25,-9,4,417,Sam Mitchell,1610612750.0,Minnesota,Timberwolves,MIN,0,0,,,,,,0,0,,,,,,0
0020000504,148,7,6,2,12:42 PM,9:09,Billups Violation:Double Lane,,,,,4,1497,Chauncey Billups,1610612750.0,Minnesota,Timberwolves,MIN,0,0,,,,,,1,0,,,,,,0
0020000504,149,1,1,2,12:42 PM,9:00,,,Eisley 16' Jump Shot (5 PTS) (Nowitzki 1 AST),36 - 25,-11,5,458,Howard Eisley,1610612742.0,Dallas,Mavericks,DAL,5,1717,Dirk Nowitzki,1610612742.0,Dallas,Mavericks,DAL,0,0,,,,,,0
0020000504,150,2,1,2,12:42 PM,8:40,MISS Billups 14' Jump Shot,,,,,4,1497,Chauncey Billups,1610612750.0,Minnesota,Timberwolves,MIN,0,0,,,,,,0,0,,,,,,0
0020000504,151,4,0,2,12:42 PM,8:38,,,Nowitzki REBOUND (Off:0 Def:3),,,5,1717,Dirk Nowitzki,1610612742.0,Dallas,Mavericks,DAL,0,0,,,,,,0,0,,,,,,0
0020000504,152,2,1,2,12:43 PM,8:26,,,MISS Eisley 19' Jump Shot,,,5,458,Howard Eisley,1610612742.0,Dallas,Mavericks,DAL,0,0,,,,,,0,0,,,,,,0
0020000504,153,4,0,2,12:43 PM,8:25,,,Nowitzki REBOUND (Off:1 Def:3),,,5,1717,Dirk Nowitzki,1610612742.0,Dallas,Mavericks,DAL,0,0,,,,,,0,0,,,,,,0
0020000504,154,6,2,2,12:43 PM,8:25,Garnett S.FOUL (P1.T1),,,,,4,708,Kevin Garnett,1610612750.0,Minnesota,Timberwolves,MIN,0,0,,,,,,1,0,,,,,,0
0020000504,155,3,11,2,12:43 PM,8:25,,,Nowitzki Free Throw 1 of 2 (3 PTS),37 - 25,-12,5,1717,Dirk Nowitzki,1610612742.0,Dallas,Mavericks,DAL,0,0,,,,,,0,0,,,,,,0
0020000504,156,3,12,2,12:43 PM,8:25,,,MISS Nowitzki Free Throw 2 of 2,,,5,1717,Dirk Nowitzki,1610612742.0,Dallas,Mavericks,DAL,0,0,,,,,,0,0,,,,,,0
0020000504,157,4,0,2,12:43 PM,8:24,Slater REBOUND (Off:0 Def:1),,,,,4,1073,Reggie Slater,1610612750.0,Minnesota,Timberwolves,MIN,0,0,,,,,,0,0,,,,,,0
0020000504,158,1,42,2,12:43 PM,8:15,Brandon  Driving Layup (4 PTS),,,37 - 27,-10,4,210,Terrell Brandon,1610612750.0,Minnesota,Timberwolves,MIN,0,0,,,,,,0,0,,,,,,0
0020000504,159,1,1,2,12:44 PM,8:02,,,Nowitzki 25' 3PT Jump Shot (6 PTS) (Nash 4 AST),40 - 27,-13,5,1717,Dirk Nowitzki,1610612742.0,Dallas,Mavericks,DAL,5,959,Steve Nash,1610612742.0,Dallas,Mavericks,DAL,0,0,,,,,,0
0020000504,160,2,1,2,12:44 PM,7:49,MISS Slater 6' Jump Shot,,Bradley BLOCK (2 BLK),,,4,1073,Reggie Slater,1610612750.0,Minnesota,Timberwolves,MIN,0,0,,,,,,5,762,Shawn Bradley,1610612742.0,Dallas,Mavericks,DAL,0
0020000504,161,4,0,2,12:44 PM,7:48,Slater REBOUND (Off:1 Def:1),,,,,4,1073,Reggie Slater,1610612750.0,Minnesota,Timberwolves,MIN,0,0,,,,,,0,0,,,,,,0
0020000504,162,5,3,2,12:44 PM,7:47,Slater Out Of Bounds Turnover (P1.T4),,,,,4,1073,Reggie Slater,1610612750.0,Minnesota,Timberwolves,MIN,0,0,,,,,,0,0,,,,,,0
0020000504,163,6,1,2,12:44 PM,7:38,Slater P.FOUL (P1.T2),,,,,4,1073,Reggie Slater,1610612750.0,Minnesota,Timberwolves,MIN,0,0,,,,,,1,0,,,,,,0
0020000504,164,8,0,2,12:44 PM,7:38,SUB: Szczerbiak FOR Mitchell,,,,,4,417,Sam Mitchell,1610612750.0,Minnesota,Timberwolves,MIN,4,1887,Wally Szczerbiak,1610612750.0,Minnesota,Timberwolves,MIN,0,0,,,,,,0
0020000504,165,2,1,2,12:45 PM,7:30,,,MISS Finley 17' Jump Shot,,,5,714,Michael Finley,1610612742.0,Dallas,Mavericks,DAL,0,0,,,,,,0,0,,,,,,0
0020000504,166,4,0,2,12:45 PM,7:28,,,Bradley REBOUND (Off:1 Def:3),,,5,762,Shawn Bradley,1610612742.0,Dallas,Mavericks,DAL,0,0,,,,,,0,0,,,,,,0
0020000504,167,2,1,2,12:45 PM,7:24,,,MISS Nowitzki 24' 3PT Jump Shot,,,5,1717,Dirk Nowitzki,1610612742.0,Dallas,Mavericks,DAL,0,0,,,,,,0,0,,,,,,0
0020000504,168,4,0,2,12:45 PM,7:22,Brandon REBOUND (Off:1 Def:2),,,,,4,210,Terrell Brandon,1610612750.0,Minnesota,Timberwolves,MIN,0,0,,,,,,0,0,,,,,,0
0020000504,169,6,1,2,12:45 PM,7:10,,,Nash P.FOUL (P1.T4),,,5,959,Steve Nash,1610612742.0,Dallas,Mavericks,DAL,0,0,,,,,,1,0,,,,,,0
0020000504,170,2,1,2,12:45 PM,7:04,MISS Billups 20' Jump Shot,,,,,4,1497,Chauncey Billups,1610612750.0,Minnesota,Timberwolves,MIN,0,0,,,,,,0,0,,,,,,0
0020000504,171,4,0,2,12:45 PM,7:02,,,Eisley REBOUND (Off:0 Def:2),,,5,458,Howard Eisley,1610612742.0,Dallas,Mavericks,DAL,0,0,,,,,,0,0,,,,,,0
0020000504,172,6,2,2,12:46 PM,6:52,Slater S.FOUL (P2.T3),,,,,4,1073,Reggie Slater,1610612750.0,Minnesota,Timberwolves,MIN,0,0,,,,,,1,0,,,,,,0
0020000504,173,3,11,2,12:46 PM,6:52,,,MISS Bradley Free Throw 1 of 2,,,5,762,Shawn Bradley,1610612742.0,Dallas,Mavericks,DAL,0,0,,,,,,0,0,,,,,,0
0020000504,174,4,1,2,12:46 PM,6:52,,,Mavericks Rebound,,,3,1610612742,,,,,,0,0,,,,,,0,0,,,,,,0
0020000504,175,3,12,2,12:46 PM,6:52,,,MISS Bradley Free Throw 2 of 2,,,5,762,Shawn Bradley,1610612742.0,Dallas,Mavericks,DAL,0,0,,,,,,0,0,,,,,,0
0020000504,176,4,0,2,12:46 PM,6:51,Szczerbiak REBOUND (Off:0 Def:3),,,,,4,1887,Wally Szczerbiak,1610612750.0,Minnesota,Timberwolves,MIN,0,0,,,,,,0,0,,,,,,0
0020000504,177,1,1,2,12:46 PM,6:38,Slater 21' Jump Shot (4 PTS) (Billups 1 AST),,,40 - 29,-11,4,1073,Reggie Slater,1610612750.0,Minnesota,Timberwolves,MIN,4,1497,Chauncey Billups,1610612750.0,Minnesota,Timberwolves,MIN,0,0,,,,,,0
0020000504,178,1,1,2,12:47 PM,6:14,,,Eisley 16' Jump Shot (7 PTS) (Nowitzki 2 AST),42 - 29,-13,5,458,Howard Eisley,1610612742.0,Dallas,Mavericks,DAL,5,1717,Dirk Nowitzki,1610612742.0,Dallas,Mavericks,DAL,0,0,,,,,,0
0020000504,179,2,1,2,12:47 PM,5:58,MISS Garnett 6' Jump Shot,,,,,4,708,Kevin Garnett,1610612750.0,Minnesota,Timberwolves,MIN,0,0,,,,,,0,0,,,,,,0
0020000504,180,4,0,2,12:47 PM,5:57,,,Nowitzki REBOUND (Off:1 Def:4),,,5,1717,Dirk Nowitzki,1610612742.0,Dallas,Mavericks,DAL,0,0,,,,,,0,0,,,,,,0
0020000504,181,6,1,2,12:47 PM,5:56,Garnett P.FOUL (P2.T4),,,,,4,708,Kevin Garnett,1610612750.0,Minnesota,Timberwolves,MIN,0,0,,,,,,1,0,,,,,,0
0020000504,182,9,4,2,12:47 PM,5:56,,,,,,1,0,,,,,,0,0,,,,,,0,0,,,,,,0
0020000504,184,8,0,2,12:49 PM,5:56,,,SUB: Davis FOR Finley,,,5,714,Michael Finley,1610612742.0,Dallas,Mavericks,DAL,5,93,Hubert Davis,1610612742.0,Dallas,Mavericks,DAL,0,0,,,,,,0
0020000504,187,8,0,2,12:49 PM,5:56,SUB: Ellis FOR Slater,,,,,4,1073,Reggie Slater,1610612750.0,Minnesota,Timberwolves,MIN,4,111,LaPhonso Ellis,1610612750.0,Minnesota,Timberwolves,MIN,0,0,,,,,,0
0020000504,185,1,1,2,12:50 PM,5:40,,,Nowitzki 6' Jump Shot (8 PTS) (Nash 5 AST),44 - 29,-15,5,1717,Dirk Nowitzki,1610612742.0,Dallas,Mavericks,DAL,5,959,Steve Nash,1610612742.0,Dallas,Mavericks,DAL,0,0,,,,,,0
0020000504,186,1,1,2,12:50 PM,5:25,Ellis 12' Jump Shot (2 PTS) (Brandon 3 AST),,,44 - 31,-13,4,111,LaPhonso Ellis,1610612750.0,Minnesota,Timberwolves,MIN,4,210,Terrell Brandon,1610612750.0,Minnesota,Timberwolves,MIN,0,0,,,,,,0
0020000504,188,1,41,2,12:50 PM,5:10,,,Nash  Running Layup (7 PTS),46 - 31,-15,5,959,Steve Nash,1610612742.0,Dallas,Mavericks,DAL,0,0,,,,,,0,0,,,,,,0
0020000504,189,1,46,2,12:50 PM,4:58,Brandon 13' Running Jump Shot (6 PTS),,,46 - 33,-13,4,210,Terrell Brandon,1610612750.0,Minnesota,Timberwolves,MIN,0,0,,,,,,0,0,,,,,,0
0020000504,191,1,1,2,12:51 PM,4:42,,,Davis 19' Jump Shot (2 PTS) (Nash 6 AST),48 - 33,-15,5,93,Hubert Davis,1610612742.0,Dallas,Mavericks,DAL,5,959,Steve Nash,1610612742.0,Dallas,Mavericks,DAL,0,0,,,,,,0
0020000504,192,2,1,2,12:51 PM,4:30,MISS Brandon 13' Jump Shot,,,,,4,210,Terrell Brandon,1610612750.0,Minnesota,Timberwolves,MIN,0,0,,,,,,0,0,,,,,,0
0020000504,193,4,0,2,12:51 PM,4:27,,,Nash REBOUND (Off:0 Def:2),,,5,959,Steve Nash,1610612742.0,Dallas,Mavericks,DAL,0,0,,,,,,0,0,,,,,,0
0020000504,194,1,1,2,12:51 PM,4:10,,,Eisley 17' Jump Shot (9 PTS),50 - 33,-17,5,458,Howard Eisley,1610612742.0,Dallas,Mavericks,DAL,0,0,,,,,,0,0,,,,,,0
0020000504,195,2,1,2,12:51 PM,3:52,MISS Ellis 20' Jump Shot,,,,,4,111,LaPhonso Ellis,1610612750.0,Minnesota,Timberwolves,MIN,0,0,,,,,,0,0,,,,,,0
0020000504,196,4,0,2,12:51 PM,3:50,TIMBERWOLVES Rebound,,,,,2,1610612750,,,,,,0,0,,,,,,0,0,,,,,,0
0020000504,197,6,3,2,12:52 PM,3:50,,,Nowitzki L.B.FOUL (P2.PN),,,5,1717,Dirk Nowitzki,1610612742.0,Dallas,Mavericks,DAL,0,0,,,,,,1,0,,,,,,0
0020000504,198,8,0,2,12:52 PM,3:50,,,SUB: Finley FOR Nash,,,5,959,Steve Nash,1610612742.0,Dallas,Mavericks,DAL,5,714,Michael Finley,1610612742.0,Dallas,Mavericks,DAL,0,0,,,,,,0
0020000504,199,3,11,2,12:52 PM,3:50,Szczerbiak Free Throw 1 of 2 (3 PTS),,,50 - 34,-16,4,1887,Wally Szczerbiak,1610612750.0,Minnesota,Timberwolves,MIN,0,0,,,,,,0,0,,,,,,0
0020000504,200,3,12,2,12:52 PM,3:50,Szczerbiak Free Throw 2 of 2 (4 PTS),,,50 - 35,-15,4,1887,Wally Szczerbiak,1610612750.0,Minnesota,Timberwolves,MIN,0,0,,,,,,0,0,,,,,,0
0020000504,201,5,8,2,12:53 PM,3:27,,,Bradley 3 Second Violation Turnover (P1.T4),,,5,762,Shawn Bradley,1610612742.0,Dallas,Mavericks,DAL,0,0,,,,,,1,0,,,,,,0
0020000504,202,2,46,2,12:53 PM,3:17,MISS Szczerbiak 13' Running Jump Shot,,,,,4,1887,Wally Szczerbiak,1610612750.0,Minnesota,Timberwolves,MIN,0,0,,,,,,0,0,,,,,,0
0020000504,203,4,0,2,12:53 PM,3:13,,,Bradley REBOUND (Off:1 Def:4),,,5,762,Shawn Bradley,1610612742.0,Dallas,Mavericks,DAL,0,0,,,,,,0,0,,,,,,0
0020000504,204,1,47,2,12:53 PM,3:08,,,Eisley 9' Turnaround Jump Shot (11 PTS),52 - 35,-17,5,458,Howard Eisley,1610612742.0,Dallas,Mavericks,DAL,0,0,,,,,,0,0,,,,,,0
0020000504,205,1,5,2,12:54 PM,2:51,Ellis  Layup (4 PTS) (Garnett 5 AST),,,52 - 37,-15,4,111,LaPhonso Ellis,1610612750.0,Minnesota,Timberwolves,MIN,4,708,Kevin Garnett,1610612750.0,Minnesota,Timberwolves,MIN,0,0,,,,,,0
0020000504,206,5,2,2,12:54 PM,2:27,Billups STEAL (1 STL),,Davis Lost Ball Turnover (P1.T5),,,5,93,Hubert Davis,1610612742.0,Dallas,Mavericks,DAL,4,1497,Chauncey Billups,1610612750.0,Minnesota,Timberwolves,MIN,0,0,,,,,,0
0020000504,207,9,1,2,12:54 PM,2:23,,,Mavericks Timeout: Regular (Reg.2 Short 0),,,3,1610612742,,,,,,0,0,,,,,,0,0,,,,,,0
0020000504,209,8,0,2,12:56 PM,2:23,SUB: Peeler FOR Billups,,,,,4,1497,Chauncey Billups,1610612750.0,Minnesota,Timberwolves,MIN,4,324,Anthony Peeler,1610612750.0,Minnesota,Timberwolves,MIN,0,0,,,,,,0
0020000504,210,8,0,2,12:56 PM,2:23,,,SUB: Laettner FOR Nowitzki,,,5,1717,Dirk Nowitzki,1610612742.0,Dallas,Mavericks,DAL,5,363,Christian Laettner,1610612742.0,Dallas,Mavericks,DAL,0,0,,,,,,0
0020000504,211,1,1,2,12:56 PM,2:20,Garnett 19' Jump Shot (11 PTS) (Szczerbiak 1 AST),,,52 - 39,-13,4,708,Kevin Garnett,1610612750.0,Minnesota,Timberwolves,MIN,4,1887,Wally Szczerbiak,1610612750.0,Minnesota,Timberwolves,MIN,0,0,,,,,,0
0020000504,212,2,5,2,12:57 PM,2:04,,,MISS Davis  Layup,,,5,93,Hubert Davis,1610612742.0,Dallas,Mavericks,DAL,0,0,,,,,,0,0,,,,,,0
0020000504,213,4,0,2,12:57 PM,2:02,,,Laettner REBOUND (Off:4 Def:4),,,5,363,Christian Laettner,1610612742.0,Dallas,Mavericks,DAL,0,0,,,,,,0,0,,,,,,0
0020000504,214,2,5,2,12:57 PM,2:01,Ellis BLOCK (1 BLK),,MISS Laettner  Layup,,,5,363,Christian Laettner,1610612742.0,Dallas,Mavericks,DAL,0,0,,,,,,4,111,LaPhonso Ellis,1610612750.0,Minnesota,Timberwolves,MIN,0
0020000504,215,4,0,2,12:57 PM,1:59,,,Laettner REBOUND (Off:5 Def:4),,,5,363,Christian Laettner,1610612742.0,Dallas,Mavericks,DAL,0,0,,,,,,0,0,,,,,,0
0020000504,216,2,5,2,12:57 PM,1:58,Ellis BLOCK (2 BLK),,MISS Laettner  Layup,,,5,363,Christian Laettner,1610612742.0,Dallas,Mavericks,DAL,0,0,,,,,,4,111,LaPhonso Ellis,1610612750.0,Minnesota,Timberwolves,MIN,0
0020000504,217,4,0,2,12:57 PM,1:56,Ellis REBOUND (Off:3 Def:2),,,,,4,111,LaPhonso Ellis,1610612750.0,Minnesota,Timberwolves,MIN,0,0,,,,,,0,0,,,,,,0
0020000504,218,5,1,2,12:57 PM,1:55,Ellis Bad Pass Turnover (P2.T5),,Eisley STEAL (2 STL),,,4,111,LaPhonso Ellis,1610612750.0,Minnesota,Timberwolves,MIN,5,458,Howard Eisley,1610612742.0,Dallas,Mavericks,DAL,0,0,,,,,,0
0020000504,219,1,5,2,12:57 PM,1:52,,,Laettner  Layup (8 PTS) (Eisley 4 AST),54 - 39,-15,5,363,Christian Laettner,1610612742.0,Dallas,Mavericks,DAL,5,458,Howard Eisley,1610612742.0,Dallas,Mavericks,DAL,0,0,,,,,,0
0020000504,220,6,4,2,12:57 PM,1:48,Garnett OFF.Foul (P3),,,,,4,708,Kevin Garnett,1610612750.0,Minnesota,Timberwolves,MIN,0,0,,,,,,1,0,,,,,,0
0020000504,221,5,5,2,12:57 PM,1:48,Garnett Foul Turnover (P1.T6),,,,,4,708,Kevin Garnett,1610612750.0,Minnesota,Timberwolves,MIN,0,0,,,,,,0,0,,,,,,0
0020000504,222,8,0,2,12:57 PM,1:48,SUB: Nesterovic FOR Garnett,,,,,4,708,Kevin Garnett,1610612750.0,Minnesota,Timberwolves,MIN,4,1725,Rasho Nesterovic,1610612750.0,Minnesota,Timberwolves,MIN,0,0,,,,,,0
0020000504,223,8,0,2,12:57 PM,1:48,,,SUB: Vaught FOR Bradley,,,5,762,Shawn Bradley,1610612742.0,Dallas,Mavericks,DAL,5,919,Loy Vaught,1610612742.0,Dallas,Mavericks,DAL,0,0,,,,,,0
0020000504,224,1,1,2,12:58 PM,1:24,,,Laettner 17' Jump Shot (10 PTS),56 - 39,-17,5,363,Christian Laettner,1610612742.0,Dallas,Mavericks,DAL,0,0,,,,,,0,0,,,,,,0
0020000504,225,1,42,2,12:58 PM,1:02,Ellis  Driving Layup (6 PTS),,,56 - 41,-15,4,111,LaPhonso Ellis,1610612750.0,Minnesota,Timberwolves,MIN,0,0,,,,,,0,0,,,,,,0
0020000504,226,1,5,2,12:58 PM,0:51,,,Finley  Layup (18 PTS) (Laettner 2 AST),58 - 41,-17,5,714,Michael Finley,1610612742.0,Dallas,Mavericks,DAL,5,363,Christian Laettner,1610612742.0,Dallas,Mavericks,DAL,0,0,,,,,,0
0020000504,227,6,2,2,12:59 PM,0:37,,,Vaught S.FOUL (P1.PN),,,5,919,Loy Vaught,1610612742.0,Dallas,Mavericks,DAL,0,0,,,,,,1,0,,,,,,0
0020000504,228,3,11,2,12:59 PM,0:37,Szczerbiak Free Throw 1 of 2 (5 PTS),,,58 - 42,-16,4,1887,Wally Szczerbiak,1610612750.0,Minnesota,Timberwolves,MIN,0,0,,,,,,0,0,,,,,,0
0020000504,229,3,12,2,12:59 PM,0:37,Szczerbiak Free Throw 2 of 2 (6 PTS),,,58 - 43,-15,4,1887,Wally Szczerbiak,1610612750.0,Minnesota,Timberwolves,MIN,0,0,,,,,,0,0,,,,,,0
0020000504,230,2,1,2,12:59 PM,0:33,,,MISS Eisley 25' 3PT Jump Shot,,,5,458,Howard Eisley,1610612742.0,Dallas,Mavericks,DAL,0,0,,,,,,0,0,,,,,,0
0020000504,231,4,0,2,12:59 PM,0:32,TIMBERWOLVES Rebound,,,,,2,1610612750,,,,,,0,0,,,,,,0,0,,,,,,0
0020000504,232,2,1,2,1:00 PM,0:25,MISS Brandon 17' Jump Shot,,,,,4,210,Terrell Brandon,1610612750.0,Minnesota,Timberwolves,MIN,0,0,,,,,,0,0,,,,,,0
0020000504,233,4,0,2,1:00 PM,0:23,TIMBERWOLVES Rebound,,,,,2,1610612750,,,,,,0,0,,,,,,0,0,,,,,,0
0020000504,234,2,1,2,1:00 PM,0:02,MISS Brandon 17' Jump Shot,,,,,4,210,Terrell Brandon,1610612750.0,Minnesota,Timberwolves,MIN,0,0,,,,,,0,0,,,,,,0
0020000504,235,4,0,2,1:00 PM,0:01,,,Finley REBOUND (Off:0 Def:1),,,5,714,Michael Finley,1610612742.0,Dallas,Mavericks,DAL,0,0,,,,,,0,0,,,,,,0
0020000504,236,2,1,2,1:00 PM,0:01,,,MISS Finley 63' 3PT Jump Shot,,,5,714,Michael Finley,1610612742.0,Dallas,Mavericks,DAL,0,0,,,,,,0,0,,,,,,0
0020000504,237,4,0,2,1:00 PM,0:00,,,Mavericks Rebound,,,3,1610612742,,,,,,0,0,,,,,,0,0,,,,,,0
0020000504,239,13,0,2,1:01 PM,0:00,,,,58 - 43,-15,0,0,,,,,,0,0,,,,,,0,0,,,,,,0
0020000504,241,12,0,3,1:16 PM,12:00,,,,58 - 43,-15,0,0,,,,,,0,0,,,,,,0,0,,,,,,0
0020000504,242,1,1,3,1:16 PM,11:47,Garnett 5' Jump Shot (13 PTS) (Brandon 4 AST),,,58 - 45,-13,4,708,Kevin Garnett,1610612750.0,Minnesota,Timberwolves,MIN,4,210,Terrell Brandon,1610612750.0,Minnesota,Timberwolves,MIN,0,0,,,,,,0
0020000504,243,2,1,3,1:17 PM,11:34,Brandon BLOCK (1 BLK),,MISS Nash 17' Jump Shot,,,5,959,Steve Nash,1610612742.0,Dallas,Mavericks,DAL,0,0,,,,,,4,210,Terrell Brandon,1610612750.0,Minnesota,Timberwolves,MIN,0
0020000504,244,4,0,3,1:17 PM,11:32,Garnett REBOUND (Off:2 Def:5),,,,,4,708,Kevin Garnett,1610612750.0,Minnesota,Timberwolves,MIN,0,0,,,,,,0,0,,,,,,0
0020000504,245,2,1,3,1:17 PM,11:17,MISS Szczerbiak 17' Jump Shot,,,,,4,1887,Wally Szczerbiak,1610612750.0,Minnesota,Timberwolves,MIN,0,0,,,,,,0,0,,,,,,0
0020000504,246,4,0,3,1:17 PM,11:15,,,Finley REBOUND (Off:0 Def:2),,,5,714,Michael Finley,1610612742.0,Dallas,Mavericks,DAL,0,0,,,,,,0,0,,,,,,0
0020000504,247,2,1,3,1:17 PM,11:04,,,MISS Finley 19' Jump Shot,,,5,714,Michael Finley,1610612742.0,Dallas,Mavericks,DAL,0,0,,,,,,0,0,,,,,,0
0020000504,248,4,0,3,1:17 PM,11:03,TIMBERWOLVES Rebound,,,,,2,1610612750,,,,,,0,0,,,,,,0,0,,,,,,0
0020000504,249,2,42,3,1:18 PM,10:40,MISS Garnett 8' Driving Layup,,,,,4,708,Kevin Garnett,1610612750.0,Minnesota,Timberwolves,MIN,0,0,,,,,,0,0,,,,,,0
0020000504,250,4,0,3,1:18 PM,10:35,,,Eisley REBOUND (Off:0 Def:3),,,5,458,Howard Eisley,1610612742.0,Dallas,Mavericks,DAL,0,0,,,,,,0,0,,,,,,0
0020000504,251,2,5,3,1:18 PM,10:27,,,MISS Eisley  Layup,,,5,458,Howard Eisley,1610612742.0,Dallas,Mavericks,DAL,0,0,,,,,,0,0,,,,,,0
0020000504,252,4,0,3,1:18 PM,10:25,Brandon REBOUND (Off:1 Def:3),,,,,4,210,Terrell Brandon,1610612750.0,Minnesota,Timberwolves,MIN,0,0,,,,,,0,0,,,,,,0
0020000504,253,2,1,3,1:18 PM,10:21,MISS Peeler 19' Jump Shot,,,,,4,324,Anthony Peeler,1610612750.0,Minnesota,Timberwolves,MIN,0,0,,,,,,0,0,,,,,,0
0020000504,254,4,0,3,1:18 PM,10:18,,,Nowitzki REBOUND (Off:1 Def:5),,,5,1717,Dirk Nowitzki,1610612742.0,Dallas,Mavericks,DAL,0,0,,,,,,0,0,,,,,,0
0020000504,255,2,1,3,1:18 PM,9:56,,,MISS Finley 25' 3PT Jump Shot,,,5,714,Michael Finley,1610612742.0,Dallas,Mavericks,DAL,0,0,,,,,,0,0,,,,,,0
0020000504,256,4,0,3,1:18 PM,9:55,,,Mavericks Rebound,,,3,1610612742,,,,,,0,0,,,,,,0,0,,,,,,0
0020000504,257,5,11,3,1:19 PM,9:55,,,Mavericks Turnover: Shot Clock (T#6),,,3,1610612742,,,,,,0,0,,,,,,1,0,,,,,,0
0020000504,258,9,2,3,1:19 PM,9:55,,,Mavericks Timeout: Short (Reg.2 Short 1),,,3,1610612742,,,,,,0,0,,,,,,0,0,,,,,,0
0020000504,259,1,3,3,1:20 PM,9:41,Nesterovic 6' Hook Shot (4 PTS) (Garnett 6 AST),,,58 - 47,-11,4,1725,Rasho Nesterovic,1610612750.0,Minnesota,Timberwolves,MIN,4,708,Kevin Garnett,1610612750.0,Minnesota,Timberwolves,MIN,0,0,,,,,,0
0020000504,260,2,1,3,1:20 PM,9:26,,,MISS Laettner 18' Jump Shot,,,5,363,Christian Laettner,1610612742.0,Dallas,Mavericks,DAL,0,0,,,,,,0,0,,,,,,0
0020000504,261,4,0,3,1:20 PM,9:25,Szczerbiak REBOUND (Off:0 Def:4),,,,,4,1887,Wally Szczerbiak,1610612750.0,Minnesota,Timberwolves,MIN,0,0,,,,,,0,0,,,,,,0
0020000504,262,1,46,3,1:20 PM,9:18,Brandon 16' Running Jump Shot (8 PTS),,,58 - 49,-9,4,210,Terrell Brandon,1610612750.0,Minnesota,Timberwolves,MIN,0,0,,,,,,0,0,,,,,,0
0020000504,263,1,46,3,1:20 PM,8:58,,,Nowitzki 15' Running Jump Shot (10 PTS),60 - 49,-11,5,1717,Dirk Nowitzki,1610612742.0,Dallas,Mavericks,DAL,0,0,,,,,,0,0,,,,,,0
0020000504,264,2,1,3,1:21 PM,8:42,MISS Peeler 20' Jump Shot,,,,,4,324,Anthony Peeler,1610612750.0,Minnesota,Timberwolves,MIN,0,0,,,,,,0,0,,,,,,0
0020000504,265,4,0,3,1:21 PM,8:40,Szczerbiak REBOUND (Off:1 Def:4),,,,,4,1887,Wally Szczerbiak,1610612750.0,Minnesota,Timberwolves,MIN,0,0,,,,,,0,0,,,,,,0
0020000504,266,1,5,3,1:21 PM,8:39,Szczerbiak  Layup (8 PTS),,,60 - 51,-9,4,1887,Wally Szczerbiak,1610612750.0,Minnesota,Timberwolves,MIN,0,0,,,,,,0,0,,,,,,0
0020000504,267,2,1,3,1:21 PM,8:27,,,MISS Nash 16' Jump Shot,,,5,959,Steve Nash,1610612742.0,Dallas,Mavericks,DAL,0,0,,,,,,0,0,,,,,,0
0020000504,268,4,0,3,1:21 PM,8:25,Garnett REBOUND (Off:2 Def:6),,,,,4,708,Kevin Garnett,1610612750.0,Minnesota,Timberwolves,MIN,0,0,,,,,,0,0,,,,,,0
0020000504,269,1,47,3,1:21 PM,8:14,Garnett 8' Turnaround Jump Shot (15 PTS),,,60 - 53,-7,4,708,Kevin Garnett,1610612750.0,Minnesota,Timberwolves,MIN,0,0,,,,,,0,0,,,,,,0
0020000504,270,1,1,3,1:21 PM,7:53,,,Nash 25' 3PT Jump Shot (10 PTS) (Finley 3 AST),63 - 53,-10,5,959,Steve Nash,1610612742.0,Dallas,Mavericks,DAL,5,714,Michael Finley,1610612742.0,Dallas,Mavericks,DAL,0,0,,,,,,0
0020000504,271,6,1,3,1:22 PM,7:41,,,Laettner P.FOUL (P1.T1),,,5,363,Christian Laettner,1610612742.0,Dallas,Mavericks,DAL,0,0,,,,,,1,0,,,,,,0
0020000504,272,8,0,3,1:22 PM,7:41,,,SUB: Bradley FOR Eisley,,,5,458,Howard Eisley,1610612742.0,Dallas,Mavericks,DAL,5,762,Shawn Bradley,1610612742.0,Dallas,Mavericks,DAL,0,0,,,,,,0
0020000504,273,2,1,3,1:22 PM,7:38,MISS Brandon 17' Jump Shot,,,,,4,210,Terrell Brandon,1610612750.0,Minnesota,Timberwolves,MIN,0,0,,,,,,0,0,,,,,,0
0020000504,274,4,0,3,1:22 PM,7:35,,,Nowitzki REBOUND (Off:1 Def:6),,,5,1717,Dirk Nowitzki,1610612742.0,Dallas,Mavericks,DAL,0,0,,,,,,0,0,,,,,,0
0020000504,275,2,1,3,1:22 PM,7:29,Garnett BLOCK (1 BLK),,MISS Nowitzki 8' Jump Shot,,,5,1717,Dirk Nowitzki,1610612742.0,Dallas,Mavericks,DAL,0,0,,,,,,4,708,Kevin Garnett,1610612750.0,Minnesota,Timberwolves,MIN,0
0020000504,276,4,0,3,1:22 PM,7:28,,,Mavericks Rebound,,,3,1610612742,,,,,,0,0,,,,,,0,0,,,,,,0
0020000504,277,1,47,3,1:23 PM,7:19,,,Finley 18' Turnaround Jump Shot (20 PTS),65 - 53,-12,5,714,Michael Finley,1610612742.0,Dallas,Mavericks,DAL,0,0,,,,,,0,0,,,,,,0
0020000504,278,1,1,3,1:23 PM,7:05,Garnett 19' Jump Shot (17 PTS) (Szczerbiak 2 AST),,,65 - 55,-10,4,708,Kevin Garnett,1610612750.0,Minnesota,Timberwolves,MIN,4,1887,Wally Szczerbiak,1610612750.0,Minnesota,Timberwolves,MIN,0,0,,,,,,0
0020000504,279,2,1,3,1:23 PM,6:43,,,MISS Nowitzki  3PT Jump Shot,,,5,1717,Dirk Nowitzki,1610612742.0,Dallas,Mavericks,DAL,0,0,,,,,,0,0,,,,,,0
0020000504,280,4,0,3,1:23 PM,6:41,Garnett REBOUND (Off:2 Def:7),,,,,4,708,Kevin Garnett,1610612750.0,Minnesota,Timberwolves,MIN,0,0,,,,,,0,0,,,,,,0
0020000504,281,6,1,3,1:23 PM,6:35,,,Finley P.FOUL (P3.T2),,,5,714,Michael Finley,1610612742.0,Dallas,Mavericks,DAL,0,0,,,,,,1,0,,,,,,0
0020000504,282,5,1,3,1:24 PM,6:30,Brandon Bad Pass Turnover (P1.T7),,,,,4,210,Terrell Brandon,1610612750.0,Minnesota,Timberwolves,MIN,0,0,,,,,,0,0,,,,,,0
0020000504,283,2,46,3,1:24 PM,6:19,,,MISS Nash 10' Running Jump Shot,,,5,959,Steve Nash,1610612742.0,Dallas,Mavericks,DAL,0,0,,,,,,0,0,,,,,,0
0020000504,284,4,0,3,1:24 PM,6:16,Garnett REBOUND (Off:2 Def:8),,,,,4,708,Kevin Garnett,1610612750.0,Minnesota,Timberwolves,MIN,0,0,,,,,,0,0,,,,,,0
0020000504,285,2,5,3,1:24 PM,6:12,MISS Brandon  Layup,,Nowitzki BLOCK (1 BLK),,,4,210,Terrell Brandon,1610612750.0,Minnesota,Timberwolves,MIN,0,0,,,,,,5,1717,Dirk Nowitzki,1610612742.0,Dallas,Mavericks,DAL,0
0020000504,286,4,0,3,1:24 PM,6:10,,,Nowitzki REBOUND (Off:1 Def:7),,,5,1717,Dirk Nowitzki,1610612742.0,Dallas,Mavericks,DAL,0,0,,,,,,0,0,,,,,,0
0020000504,287,2,42,3,1:24 PM,6:08,Garnett BLOCK (2 BLK),,MISS Nash  Driving Layup,,,5,959,Steve Nash,1610612742.0,Dallas,Mavericks,DAL,0,0,,,,,,4,708,Kevin Garnett,1610612750.0,Minnesota,Timberwolves,MIN,0
0020000504,288,4,0,3,1:24 PM,6:06,,,Mavericks Rebound,,,3,1610612742,,,,,,0,0,,,,,,0,0,,,,,,0
0020000504,289,8,0,3,1:25 PM,6:06,SUB: Billups FOR Brandon,,,,,4,210,Terrell Brandon,1610612750.0,Minnesota,Timberwolves,MIN,4,1497,Chauncey Billups,1610612750.0,Minnesota,Timberwolves,MIN,0,0,,,,,,0
0020000504,290,2,1,3,1:26 PM,5:56,,,MISS Bradley 16' Jump Shot,,,5,762,Shawn Bradley,1610612742.0,Dallas,Mavericks,DAL,0,0,,,,,,0,0,,,,,,0
0020000504,291,4,0,3,1:26 PM,5:55,Nesterovic REBOUND (Off:0 Def:1),,,,,4,1725,Rasho Nesterovic,1610612750.0,Minnesota,Timberwolves,MIN,0,0,,,,,,0,0,,,,,,0
0020000504,292,6,1,3,1:26 PM,5:48,,,Bradley P.FOUL (P2.T3),,,5,762,Shawn Bradley,1610612742.0,Dallas,Mavericks,DAL,0,0,,,,,,1,0,,,,,,0
0020000504,293,9,1,3,1:26 PM,5:48,TIMBERWOLVES Timeout: Regular (Full 3 Short 0),,,,,2,1610612750,,,,,,0,0,,,,,,0,0,,,,,,0
0020000504,295,2,1,3,1:28 PM,5:30,MISS Garnett 19' Jump Shot,,,,,4,708,Kevin Garnett,1610612750.0,Minnesota,Timberwolves,MIN,0,0,,,,,,0,0,,,,,,0
0020000504,296,4,0,3,1:28 PM,5:29,,,Finley REBOUND (Off:0 Def:3),,,5,714,Michael Finley,1610612742.0,Dallas,Mavericks,DAL,0,0,,,,,,0,0,,,,,,0
0020000504,297,1,47,3,1:28 PM,5:15,,,Nowitzki 10' Turnaround Jump Shot (12 PTS) (Nash 7 AST),67 - 55,-12,5,1717,Dirk Nowitzki,1610612742.0,Dallas,Mavericks,DAL,5,959,Steve Nash,1610612742.0,Dallas,Mavericks,DAL,0,0,,,,,,0
0020000504,298,5,4,3,1:29 PM,4:58,Garnett Traveling Turnover (P2.T8),,,,,4,708,Kevin Garnett,1610612750.0,Minnesota,Timberwolves,MIN,0,0,,,,,,1,0,,,,,,0
0020000504,299,6,1,3,1:29 PM,4:47,Szczerbiak P.FOUL (P3.T1),,,,,4,1887,Wally Szczerbiak,1610612750.0,Minnesota,Timberwolves,MIN,0,0,,,,,,1,0,,,,,,0
0020000504,300,1,5,3,1:30 PM,4:36,,,Nowitzki  Layup (14 PTS) (Nash 8 AST),69 - 55,-14,5,1717,Dirk Nowitzki,1610612742.0,Dallas,Mavericks,DAL,5,959,Steve Nash,1610612742.0,Dallas,Mavericks,DAL,0,0,,,,,,0
0020000504,301,6,2,3,1:30 PM,4:36,Szczerbiak S.FOUL (P4.T2),,,,,4,1887,Wally Szczerbiak,1610612750.0,Minnesota,Timberwolves,MIN,0,0,,,,,,1,0,,,,,,0
0020000504,302,8,0,3,1:30 PM,4:36,SUB: Mitchell FOR Szczerbiak,,,,,4,1887,Wally Szczerbiak,1610612750.0,Minnesota,Timberwolves,MIN,4,417,Sam Mitchell,1610612750.0,Minnesota,Timberwolves,MIN,0,0,,,,,,0
0020000504,303,3,10,3,1:30 PM,4:36,,,Nowitzki Free Throw 1 of 1 (15 PTS),70 - 55,-15,5,1717,Dirk Nowitzki,1610612742.0,Dallas,Mavericks,DAL,0,0,,,,,,0,0,,,,,,0
0020000504,304,2,5,3,1:30 PM,4:29,MISS Billups  Layup,,Laettner BLOCK (1 BLK),,,4,1497,Chauncey Billups,1610612750.0,Minnesota,Timberwolves,MIN,0,0,,,,,,5,363,Christian Laettner,1610612742.0,Dallas,Mavericks,DAL,0
0020000504,305,4,0,3,1:30 PM,4:24,,,Bradley REBOUND (Off:1 Def:5),,,5,762,Shawn Bradley,1610612742.0,Dallas,Mavericks,DAL,0,0,,,,,,0,0,,,,,,0
0020000504,306,1,1,3,1:30 PM,4:10,,,Laettner 16' Jump Shot (12 PTS) (Nash 9 AST),72 - 55,-17,5,363,Christian Laettner,1610612742.0,Dallas,Mavericks,DAL,5,959,Steve Nash,1610612742.0,Dallas,Mavericks,DAL,0,0,,,,,,0
0020000504,307,6,1,3,1:31 PM,4:02,,,Laettner P.FOUL (P2.T4),,,5,363,Christian Laettner,1610612742.0,Dallas,Mavericks,DAL,0,0,,,,,,1,0,,,,,,0
0020000504,308,8,0,3,1:31 PM,4:02,SUB: Ellis FOR Nesterovic,,,,,4,1725,Rasho Nesterovic,1610612750.0,Minnesota,Timberwolves,MIN,4,111,LaPhonso Ellis,1610612750.0,Minnesota,Timberwolves,MIN,0,0,,,,,,0
0020000504,309,2,1,3,1:31 PM,3:46,MISS Peeler 25' 3PT Jump Shot,,,,,4,324,Anthony Peeler,1610612750.0,Minnesota,Timberwolves,MIN,0,0,,,,,,0,0,,,,,,0
0020000504,310,4,0,3,1:31 PM,3:43,,,Nash REBOUND (Off:0 Def:3),,,5,959,Steve Nash,1610612742.0,Dallas,Mavericks,DAL,0,0,,,,,,0,0,,,,,,0
0020000504,311,2,1,3,1:32 PM,3:31,,,MISS Nowitzki 20' Jump Shot,,,5,1717,Dirk Nowitzki,1610612742.0,Dallas,Mavericks,DAL,0,0,,,,,,0,0,,,,,,0
0020000504,312,4,0,3,1:32 PM,3:29,Ellis REBOUND (Off:3 Def:3),,,,,4,111,LaPhonso Ellis,1610612750.0,Minnesota,Timberwolves,MIN,0,0,,,,,,0,0,,,,,,0
0020000504,313,2,1,3,1:32 PM,3:22,MISS Billups 7' Jump Shot,,,,,4,1497,Chauncey Billups,1610612750.0,Minnesota,Timberwolves,MIN,0,0,,,,,,0,0,,,,,,0
0020000504,314,4,0,3,1:32 PM,3:19,,,Finley REBOUND (Off:0 Def:4),,,5,714,Michael Finley,1610612742.0,Dallas,Mavericks,DAL,0,0,,,,,,0,0,,,,,,0
0020000504,315,1,42,3,1:32 PM,3:15,,,Laettner  Driving Layup (14 PTS) (Finley 4 AST),74 - 55,-19,5,363,Christian Laettner,1610612742.0,Dallas,Mavericks,DAL,5,714,Michael Finley,1610612742.0,Dallas,Mavericks,DAL,0,0,,,,,,0
0020000504,316,9,1,3,1:32 PM,3:12,TIMBERWOLVES Timeout: Regular (Full 4 Short 0),,,,,2,1610612750,,,,,,0,0,,,,,,0,0,,,,,,0
0020000504,318,8,0,3,1:34 PM,3:12,,,SUB: Trent FOR Laettner,,,5,363,Christian Laettner,1610612742.0,Dallas,Mavericks,DAL,5,718,Gary Trent,1610612742.0,Dallas,Mavericks,DAL,0,0,,,,,,0
0020000504,319,1,1,3,1:34 PM,2:57,Ellis 18' Jump Shot (8 PTS) (Billups 2 AST),,,74 - 57,-17,4,111,LaPhonso Ellis,1610612750.0,Minnesota,Timberwolves,MIN,4,1497,Chauncey Billups,1610612750.0,Minnesota,Timberwolves,MIN,0,0,,,,,,0
0020000504,320,1,1,3,1:35 PM,2:33,,,Finley 18' Jump Shot (22 PTS),76 - 57,-19,5,714,Michael Finley,1610612742.0,Dallas,Mavericks,DAL,0,0,,,,,,0,0,,,,,,0
0020000504,321,6,4,3,1:35 PM,2:23,Mitchell OFF.Foul (P1),,,,,4,417,Sam Mitchell,1610612750.0,Minnesota,Timberwolves,MIN,0,0,,,,,,1,0,,,,,,0
0020000504,322,5,5,3,1:35 PM,2:23,Mitchell Foul Turnover (P1.T9),,,,,4,417,Sam Mitchell,1610612750.0,Minnesota,Timberwolves,MIN,0,0,,,,,,0,0,,,,,,0
0020000504,323,2,1,3,1:35 PM,2:02,,,MISS Finley 21' Jump Shot,,,5,714,Michael Finley,1610612742.0,Dallas,Mavericks,DAL,0,0,,,,,,0,0,,,,,,0
0020000504,324,4,0,3,1:35 PM,2:00,Garnett REBOUND (Off:2 Def:9),,,,,4,708,Kevin Garnett,1610612750.0,Minnesota,Timberwolves,MIN,0,0,,,,,,0,0,,,,,,0
0020000504,325,2,1,3,1:35 PM,1:49,MISS Mitchell 21' Jump Shot,,,,,4,417,Sam Mitchell,1610612750.0,Minnesota,Timberwolves,MIN,0,0,,,,,,0,0,,,,,,0
0020000504,326,4,0,3,1:36 PM,1:47,,,Finley REBOUND (Off:0 Def:5),,,5,714,Michael Finley,1610612742.0,Dallas,Mavericks,DAL,0,0,,,,,,0,0,,,,,,0
0020000504,327,1,1,3,1:36 PM,1:31,,,Nowitzki 20' Jump Shot (17 PTS) (Finley 5 AST),78 - 57,-21,5,1717,Dirk Nowitzki,1610612742.0,Dallas,Mavericks,DAL,5,714,Michael Finley,1610612742.0,Dallas,Mavericks,DAL,0,0,,,,,,0
0020000504,328,7,2,3,1:36 PM,1:08,,,Bradley Violation:Defensive Goaltending,,,5,762,Shawn Bradley,1610612742.0,Dallas,Mavericks,DAL,0,0,,,,,,1,0,,,,,,0
0020000504,329,8,0,3,1:36 PM,1:08,SUB: Avery FOR Billups,,,,,4,1497,Chauncey Billups,1610612750.0,Minnesota,Timberwolves,MIN,4,1895,William Avery,1610612750.0,Minnesota,Timberwolves,MIN,0,0,,,,,,0
0020000504,330,1,1,3,1:37 PM,1:00,Mitchell 17' Jump Shot (5 PTS),,,78 - 59,-19,4,417,Sam Mitchell,1610612750.0,Minnesota,Timberwolves,MIN,0,0,,,,,,0,0,,,,,,0
0020000504,331,6,1,3,1:37 PM,0:45,Avery P.FOUL (P1.T3),,,,,4,1895,William Avery,1610612750.0,Minnesota,Timberwolves,MIN,0,0,,,,,,1,0,,,,,,0
0020000504,332,2,1,3,1:38 PM,0:33,,,MISS Finley 20' Jump Shot,,,5,714,Michael Finley,1610612742.0,Dallas,Mavericks,DAL,0,0,,,,,,0,0,,,,,,0
0020000504,333,4,0,3,1:38 PM,0:32,,,Finley REBOUND (Off:1 Def:5),,,5,714,Michael Finley,1610612742.0,Dallas,Mavericks,DAL,0,0,,,,,,0,0,,,,,,0
0020000504,334,1,1,3,1:38 PM,0:28,,,Nowitzki 14' Jump Shot (19 PTS),80 - 59,-21,5,1717,Dirk Nowitzki,1610612742.0,Dallas,Mavericks,DAL,0,0,,,,,,0,0,,,,,,0
0020000504,335,6,2,3,1:38 PM,0:12,,,Trent S.FOUL (P3.PN),,,5,718,Gary Trent,1610612742.0,Dallas,Mavericks,DAL,0,0,,,,,,1,0,,,,,,0
0020000504,336,3,11,3,1:38 PM,0:12,Mitchell Free Throw 1 of 2 (6 PTS),,,80 - 60,-20,4,417,Sam Mitchell,1610612750.0,Minnesota,Timberwolves,MIN,0,0,,,,,,0,0,,,,,,0
0020000504,337,8,0,3,1:38 PM,0:12,SUB: Slater FOR Garnett,,,,,4,708,Kevin Garnett,1610612750.0,Minnesota,Timberwolves,MIN,4,1073,Reggie Slater,1610612750.0,Minnesota,Timberwolves,MIN,0,0,,,,,,0
0020000504,339,3,12,3,1:39 PM,0:12,MISS Mitchell Free Throw 2 of 2,,,,,4,417,Sam Mitchell,1610612750.0,Minnesota,Timberwolves,MIN,0,0,,,,,,0,0,,,,,,0
0020000504,340,4,0,3,1:39 PM,0:10,,,Bradley REBOUND (Off:1 Def:6),,,5,762,Shawn Bradley,1610612742.0,Dallas,Mavericks,DAL,0,0,,,,,,0,0,,,,,,0
0020000504,341,1,44,3,1:39 PM,0:01,,,Bradley  Reverse Layup (2 PTS),82 - 60,-22,5,762,Shawn Bradley,1610612742.0,Dallas,Mavericks,DAL,0,0,,,,,,0,0,,,,,,0
0020000504,342,2,1,3,1:39 PM,0:00,MISS Avery 78' 3PT Jump Shot,,,,,4,1895,William Avery,1610612750.0,Minnesota,Timberwolves,MIN,0,0,,,,,,0,0,,,,,,0
0020000504,343,4,0,3,1:39 PM,0:00,TIMBERWOLVES Rebound,,,,,2,1610612750,,,,,,0,0,,,,,,0,0,,,,,,0
0020000504,344,13,0,3,1:39 PM,0:00,,,,82 - 60,-22,0,0,,,,,,0,0,,,,,,0,0,,,,,,0
0020000504,346,12,0,4,1:42 PM,12:00,,,,82 - 60,-22,0,0,,,,,,0,0,,,,,,0,0,,,,,,0
0020000504,347,1,1,4,1:42 PM,11:46,,,Nowitzki  3PT Jump Shot (22 PTS) (Nash 10 AST),85 - 60,-25,5,1717,Dirk Nowitzki,1610612742.0,Dallas,Mavericks,DAL,5,959,Steve Nash,1610612742.0,Dallas,Mavericks,DAL,0,0,,,,,,0
0020000504,348,2,1,4,1:42 PM,11:29,MISS Avery 25' 3PT Jump Shot,,,,,4,1895,William Avery,1610612750.0,Minnesota,Timberwolves,MIN,0,0,,,,,,0,0,,,,,,0
0020000504,349,4,0,4,1:42 PM,11:26,Ellis REBOUND (Off:4 Def:3),,,,,4,111,LaPhonso Ellis,1610612750.0,Minnesota,Timberwolves,MIN,0,0,,,,,,0,0,,,,,,0
0020000504,350,2,1,4,1:42 PM,11:22,MISS Szczerbiak 23' Jump Shot,,,,,4,1887,Wally Szczerbiak,1610612750.0,Minnesota,Timberwolves,MIN,0,0,,,,,,0,0,,,,,,0
0020000504,351,4,0,4,1:42 PM,11:20,Slater REBOUND (Off:2 Def:1),,,,,4,1073,Reggie Slater,1610612750.0,Minnesota,Timberwolves,MIN,0,0,,,,,,0,0,,,,,,0
0020000504,352,6,2,4,1:42 PM,11:20,,,Nowitzki S.FOUL (P3.T1),,,5,1717,Dirk Nowitzki,1610612742.0,Dallas,Mavericks,DAL,0,0,,,,,,1,0,,,,,,0
0020000504,353,3,11,4,1:43 PM,11:20,Slater Free Throw 1 of 2 (5 PTS),,,85 - 61,-24,4,1073,Reggie Slater,1610612750.0,Minnesota,Timberwolves,MIN,0,0,,,,,,0,0,,,,,,0
0020000504,354,3,12,4,1:43 PM,11:20,Slater Free Throw 2 of 2 (6 PTS),,,85 - 62,-23,4,1073,Reggie Slater,1610612750.0,Minnesota,Timberwolves,MIN,0,0,,,,,,0,0,,,,,,0
0020000504,355,1,1,4,1:43 PM,10:59,,,Nowitzki  3PT Jump Shot (25 PTS) (Eisley 5 AST),88 - 62,-26,5,1717,Dirk Nowitzki,1610612742.0,Dallas,Mavericks,DAL,5,458,Howard Eisley,1610612742.0,Dallas,Mavericks,DAL,0,0,,,,,,0
0020000504,356,9,1,4,1:44 PM,10:53,TIMBERWOLVES Timeout: Regular (Full 5 Short 0),,,,,2,1610612750,,,,,,0,0,,,,,,0,0,,,,,,0
0020000504,358,2,1,4,1:46 PM,10:41,MISS Szczerbiak 13' Jump Shot,,,,,4,1887,Wally Szczerbiak,1610612750.0,Minnesota,Timberwolves,MIN,0,0,,,,,,0,0,,,,,,0
0020000504,359,4,0,4,1:46 PM,10:39,,,Bradley REBOUND (Off:1 Def:7),,,5,762,Shawn Bradley,1610612742.0,Dallas,Mavericks,DAL,0,0,,,,,,0,0,,,,,,0
0020000504,360,2,1,4,1:46 PM,10:27,,,MISS Finley 8' Jump Shot,,,5,714,Michael Finley,1610612742.0,Dallas,Mavericks,DAL,0,0,,,,,,0,0,,,,,,0
0020000504,361,4,0,4,1:46 PM,10:24,Ellis REBOUND (Off:4 Def:4),,,,,4,111,LaPhonso Ellis,1610612750.0,Minnesota,Timberwolves,MIN,0,0,,,,,,0,0,,,,,,0
0020000504,362,1,1,4,1:46 PM,10:20,Szczerbiak 15' Jump Shot (10 PTS) (Avery 1 AST),,,88 - 64,-24,4,1887,Wally Szczerbiak,1610612750.0,Minnesota,Timberwolves,MIN,4,1895,William Avery,1610612750.0,Minnesota,Timberwolves,MIN,0,0,,,,,,0
0020000504,363,1,46,4,1:46 PM,9:56,,,Finley 16' Running Jump Shot (24 PTS),90 - 64,-26,5,714,Michael Finley,1610612742.0,Dallas,Mavericks,DAL,0,0,,,,,,0,0,,,,,,0
0020000504,364,2,1,4,1:47 PM,9:36,MISS Ellis 15' Jump Shot,,,,,4,111,LaPhonso Ellis,1610612750.0,Minnesota,Timberwolves,MIN,0,0,,,,,,0,0,,,,,,0
0020000504,365,4,0,4,1:47 PM,9:35,Szczerbiak REBOUND (Off:2 Def:4),,,,,4,1887,Wally Szczerbiak,1610612750.0,Minnesota,Timberwolves,MIN,0,0,,,,,,0,0,,,,,,0
0020000504,366,6,1,4,1:47 PM,9:23,,,Eisley P.FOUL (P1.T2),,,5,458,Howard Eisley,1610612742.0,Dallas,Mavericks,DAL,0,0,,,,,,1,0,,,,,,0
0020000504,367,8,0,4,1:47 PM,9:23,SUB: Garnett FOR Slater,,,,,4,1073,Reggie Slater,1610612750.0,Minnesota,Timberwolves,MIN,4,708,Kevin Garnett,1610612750.0,Minnesota,Timberwolves,MIN,0,0,,,,,,0
0020000504,368,5,1,4,1:47 PM,9:15,Garnett Bad Pass Turnover (P3.T10),,Eisley STEAL (3 STL),,,4,708,Kevin Garnett,1610612750.0,Minnesota,Timberwolves,MIN,5,458,Howard Eisley,1610612742.0,Dallas,Mavericks,DAL,0,0,,,,,,0
0020000504,369,2,1,4,1:48 PM,9:01,,,MISS Nash 25' 3PT Jump Shot,,,5,959,Steve Nash,1610612742.0,Dallas,Mavericks,DAL,0,0,,,,,,0,0,,,,,,0
0020000504,370,4,0,4,1:48 PM,9:00,Ellis REBOUND (Off:4 Def:5),,,,,4,111,LaPhonso Ellis,1610612750.0,Minnesota,Timberwolves,MIN,0,0,,,,,,0,0,,,,,,0
0020000504,371,2,5,4,1:48 PM,8:56,MISS Mitchell  Layup,,,,,4,417,Sam Mitchell,1610612750.0,Minnesota,Timberwolves,MIN,0,0,,,,,,0,0,,,,,,0
0020000504,372,4,0,4,1:48 PM,8:54,,,Eisley REBOUND (Off:0 Def:4),,,5,458,Howard Eisley,1610612742.0,Dallas,Mavericks,DAL,0,0,,,,,,0,0,,,,,,0
0020000504,373,5,1,4,1:48 PM,8:49,,,Nash Bad Pass Turnover (P2.T7),,,5,959,Steve Nash,1610612742.0,Dallas,Mavericks,DAL,0,0,,,,,,0,0,,,,,,0
0020000504,374,1,1,4,1:48 PM,8:28,Ellis 19' Jump Shot (10 PTS) (Avery 2 AST),,,90 - 66,-24,4,111,LaPhonso Ellis,1610612750.0,Minnesota,Timberwolves,MIN,4,1895,William Avery,1610612750.0,Minnesota,Timberwolves,MIN,0,0,,,,,,0
0020000504,375,6,1,4,1:49 PM,8:09,Avery P.FOUL (P2.T1),,,,,4,1895,William Avery,1610612750.0,Minnesota,Timberwolves,MIN,0,0,,,,,,1,0,,,,,,0
0020000504,376,8,0,4,1:49 PM,8:09,SUB: Billups FOR Mitchell,,,,,4,417,Sam Mitchell,1610612750.0,Minnesota,Timberwolves,MIN,4,1497,Chauncey Billups,1610612750.0,Minnesota,Timberwolves,MIN,0,0,,,,,,0
0020000504,377,2,1,4,1:49 PM,8:03,,,MISS Eisley 17' Jump Shot,,,5,458,Howard Eisley,1610612742.0,Dallas,Mavericks,DAL,0,0,,,,,,0,0,,,,,,0
0020000504,378,4,0,4,1:49 PM,8:01,Ellis REBOUND (Off:4 Def:6),,,,,4,111,LaPhonso Ellis,1610612750.0,Minnesota,Timberwolves,MIN,0,0,,,,,,0,0,,,,,,0
0020000504,379,2,1,4,1:49 PM,7:57,MISS Szczerbiak 8' Jump Shot,,Nowitzki BLOCK (2 BLK),,,4,1887,Wally Szczerbiak,1610612750.0,Minnesota,Timberwolves,MIN,0,0,,,,,,5,1717,Dirk Nowitzki,1610612742.0,Dallas,Mavericks,DAL,0
0020000504,380,4,0,4,1:49 PM,7:57,TIMBERWOLVES Rebound,,,,,2,1610612750,,,,,,0,0,,,,,,0,0,,,,,,0
0020000504,381,2,1,4,1:50 PM,7:55,MISS Avery 25' 3PT Jump Shot,,,,,4,1895,William Avery,1610612750.0,Minnesota,Timberwolves,MIN,0,0,,,,,,0,0,,,,,,0
0020000504,382,4,0,4,1:50 PM,7:53,TIMBERWOLVES Rebound,,,,,2,1610612750,,,,,,0,0,,,,,,0,0,,,,,,0
0020000504,383,6,3,4,1:50 PM,7:53,,,Bradley L.B.FOUL (P3.T3),,,5,762,Shawn Bradley,1610612742.0,Dallas,Mavericks,DAL,0,0,,,,,,1,0,,,,,,0
0020000504,384,2,1,4,1:50 PM,7:46,MISS Ellis 26' 3PT Jump Shot,,,,,4,111,LaPhonso Ellis,1610612750.0,Minnesota,Timberwolves,MIN,0,0,,,,,,0,0,,,,,,0
0020000504,385,4,0,4,1:50 PM,7:45,,,Eisley REBOUND (Off:0 Def:5),,,5,458,Howard Eisley,1610612742.0,Dallas,Mavericks,DAL,0,0,,,,,,0,0,,,,,,0
0020000504,386,2,1,4,1:50 PM,7:36,,,MISS Finley 25' 3PT Jump Shot,,,5,714,Michael Finley,1610612742.0,Dallas,Mavericks,DAL,0,0,,,,,,0,0,,,,,,0
0020000504,387,4,0,4,1:50 PM,7:34,Ellis REBOUND (Off:4 Def:7),,,,,4,111,LaPhonso Ellis,1610612750.0,Minnesota,Timberwolves,MIN,0,0,,,,,,0,0,,,,,,0
0020000504,388,5,1,4,1:50 PM,7:32,Ellis Bad Pass Turnover (P3.T11),,Nash STEAL (1 STL),,,4,111,LaPhonso Ellis,1610612750.0,Minnesota,Timberwolves,MIN,5,959,Steve Nash,1610612742.0,Dallas,Mavericks,DAL,0,0,,,,,,0
0020000504,389,1,8,4,1:50 PM,7:28,,,Finley  Slam Dunk (26 PTS) (Nash 11 AST),92 - 66,-26,5,714,Michael Finley,1610612742.0,Dallas,Mavericks,DAL,5,959,Steve Nash,1610612742.0,Dallas,Mavericks,DAL,0,0,,,,,,0
0020000504,390,1,1,4,1:51 PM,7:05,Garnett 19' Jump Shot (19 PTS),,,92 - 68,-24,4,708,Kevin Garnett,1610612750.0,Minnesota,Timberwolves,MIN,0,0,,,,,,0,0,,,,,,0
0020000504,391,2,42,4,1:51 PM,6:47,,,MISS Eisley  Driving Layup,,,5,458,Howard Eisley,1610612742.0,Dallas,Mavericks,DAL,0,0,,,,,,0,0,,,,,,0
0020000504,393,4,0,4,1:51 PM,6:46,,,Bradley REBOUND (Off:2 Def:7),,,5,762,Shawn Bradley,1610612742.0,Dallas,Mavericks,DAL,0,0,,,,,,0,0,,,,,,0
0020000504,392,1,7,4,1:51 PM,6:46,,,Bradley  Dunk (4 PTS),94 - 68,-26,5,762,Shawn Bradley,1610612742.0,Dallas,Mavericks,DAL,0,0,,,,,,0,0,,,,,,0
0020000504,394,5,1,4,1:51 PM,6:29,Ellis Bad Pass Turnover (P4.T12),,,,,4,111,LaPhonso Ellis,1610612750.0,Minnesota,Timberwolves,MIN,0,0,,,,,,0,0,,,,,,0
0020000504,395,6,3,4,1:51 PM,6:28,Avery L.B.FOUL (P3.T2),,,,,4,1895,William Avery,1610612750.0,Minnesota,Timberwolves,MIN,0,0,,,,,,1,0,,,,,,0
0020000504,396,8,0,4,1:52 PM,6:28,,,SUB: Davis FOR Nash,,,5,959,Steve Nash,1610612742.0,Dallas,Mavericks,DAL,5,93,Hubert Davis,1610612742.0,Dallas,Mavericks,DAL,0,0,,,,,,0
0020000504,397,5,3,4,1:52 PM,6:17,,,Eisley Out Of Bounds Turnover (P2.T8),,,5,458,Howard Eisley,1610612742.0,Dallas,Mavericks,DAL,0,0,,,,,,0,0,,,,,,0
0020000504,398,8,0,4,1:52 PM,6:17,SUB: Brandon FOR Avery,,,,,4,1895,William Avery,1610612750.0,Minnesota,Timberwolves,MIN,4,210,Terrell Brandon,1610612750.0,Minnesota,Timberwolves,MIN,0,0,,,,,,0
0020000504,399,2,1,4,1:53 PM,6:04,MISS Brandon 17' Jump Shot,,,,,4,210,Terrell Brandon,1610612750.0,Minnesota,Timberwolves,MIN,0,0,,,,,,0,0,,,,,,0
0020000504,400,4,0,4,1:53 PM,6:03,Garnett REBOUND (Off:3 Def:9),,,,,4,708,Kevin Garnett,1610612750.0,Minnesota,Timberwolves,MIN,0,0,,,,,,0,0,,,,,,0
0020000504,401,1,5,4,1:53 PM,6:01,Garnett  Layup (21 PTS),,,94 - 70,-24,4,708,Kevin Garnett,1610612750.0,Minnesota,Timberwolves,MIN,0,0,,,,,,0,0,,,,,,0
0020000504,402,6,2,4,1:53 PM,5:40,Garnett S.FOUL (P4.T3),,,,,4,708,Kevin Garnett,1610612750.0,Minnesota,Timberwolves,MIN,0,0,,,,,,1,0,,,,,,0
0020000504,403,6,11,4,1:53 PM,5:40,Garnett T.FOUL (P4.T3),,,,,4,708,Kevin Garnett,1610612750.0,Minnesota,Timberwolves,MIN,0,0,,,,,,1,0,,,,,,0
0020000504,404,9,4,4,1:53 PM,5:40,,,,,,1,0,,,,,,0,0,,,,,,0,0,,,,,,0
0020000504,406,8,0,4,1:55 PM,5:40,,,SUB: Alexander FOR Finley,,,5,714,Michael Finley,1610612742.0,Dallas,Mavericks,DAL,5,2042,Courtney Alexander,1610612742.0,Dallas,Mavericks,DAL,0,0,,,,,,0
0020000504,407,3,16,4,1:55 PM,5:40,,,Nowitzki Free Throw Technical (26 PTS),95 - 70,-25,5,1717,Dirk Nowitzki,1610612742.0,Dallas,Mavericks,DAL,0,0,,,,,,0,0,,,,,,0
0020000504,408,3,13,4,1:55 PM,5:40,,,Nowitzki Free Throw 1 of 3 (27 PTS),96 - 70,-26,5,1717,Dirk Nowitzki,1610612742.0,Dallas,Mavericks,DAL,0,0,,,,,,0,0,,,,,,0
0020000504,409,8,0,4,1:56 PM,5:40,,,SUB: Trent FOR Bradley,,,5,762,Shawn Bradley,1610612742.0,Dallas,Mavericks,DAL,5,718,Gary Trent,1610612742.0,Dallas,Mavericks,DAL,0,0,,,,,,0
0020000504,410,3,14,4,1:56 PM,5:40,,,MISS Nowitzki Free Throw 2 of 3,,,5,1717,Dirk Nowitzki,1610612742.0,Dallas,Mavericks,DAL,0,0,,,,,,0,0,,,,,,0
0020000504,411,4,1,4,1:56 PM,5:40,,,Mavericks Rebound,,,3,1610612742,,,,,,0,0,,,,,,0,0,,,,,,0
0020000504,412,3,15,4,1:56 PM,5:40,,,Nowitzki Free Throw 3 of 3 (28 PTS),97 - 70,-27,5,1717,Dirk Nowitzki,1610612742.0,Dallas,Mavericks,DAL,0,0,,,,,,0,0,,,,,,0
0020000504,413,6,2,4,1:57 PM,5:27,,,Trent S.FOUL (P4.T4),,,5,718,Gary Trent,1610612742.0,Dallas,Mavericks,DAL,0,0,,,,,,1,0,,,,,,0
0020000504,414,8,0,4,1:57 PM,5:27,,,SUB: Harvey FOR Nowitzki,,,5,1717,Dirk Nowitzki,1610612742.0,Dallas,Mavericks,DAL,5,2051,Donnell Harvey,1610612742.0,Dallas,Mavericks,DAL,0,0,,,,,,0
0020000504,415,3,11,4,1:57 PM,5:27,Garnett Free Throw 1 of 2 (22 PTS),,,97 - 71,-26,4,708,Kevin Garnett,1610612750.0,Minnesota,Timberwolves,MIN,0,0,,,,,,0,0,,,,,,0
0020000504,416,8,0,4,1:57 PM,5:27,SUB: Day FOR Szczerbiak,,,,,4,1887,Wally Szczerbiak,1610612750.0,Minnesota,Timberwolves,MIN,4,103,Todd Day,1610612750.0,Minnesota,Timberwolves,MIN,0,0,,,,,,0
0020000504,417,3,12,4,1:57 PM,5:27,Garnett Free Throw 2 of 2 (23 PTS),,,97 - 72,-25,4,708,Kevin Garnett,1610612750.0,Minnesota,Timberwolves,MIN,0,0,,,,,,0,0,,,,,,0
0020000504,418,2,1,4,1:57 PM,5:15,,,MISS Alexander 18' Jump Shot,,,5,2042,Courtney Alexander,1610612742.0,Dallas,Mavericks,DAL,0,0,,,,,,0,0,,,,,,0
0020000504,419,4,0,4,1:57 PM,5:13,Ellis REBOUND (Off:4 Def:8),,,,,4,111,LaPhonso Ellis,1610612750.0,Minnesota,Timberwolves,MIN,0,0,,,,,,0,0,,,,,,0
0020000504,420,6,2,4,1:58 PM,5:10,,,Eisley S.FOUL (P2.PN),,,5,458,Howard Eisley,1610612742.0,Dallas,Mavericks,DAL,0,0,,,,,,1,0,,,,,,0
0020000504,421,3,11,4,1:58 PM,5:10,Brandon Free Throw 1 of 2 (9 PTS),,,97 - 73,-24,4,210,Terrell Brandon,1610612750.0,Minnesota,Timberwolves,MIN,0,0,,,,,,0,0,,,,,,0
0020000504,422,3,12,4,1:58 PM,5:10,Brandon Free Throw 2 of 2 (10 PTS),,,97 - 74,-23,4,210,Terrell Brandon,1610612750.0,Minnesota,Timberwolves,MIN,0,0,,,,,,0,0,,,,,,0
0020000504,423,1,1,4,1:59 PM,4:48,,,Trent 16' Jump Shot (4 PTS) (Alexander 1 AST),99 - 74,-25,5,718,Gary Trent,1610612742.0,Dallas,Mavericks,DAL,5,2042,Courtney Alexander,1610612742.0,Dallas,Mavericks,DAL,0,0,,,,,,0
0020000504,424,2,1,4,1:59 PM,4:35,MISS Day 20' Jump Shot,,,,,4,103,Todd Day,1610612750.0,Minnesota,Timberwolves,MIN,0,0,,,,,,0,0,,,,,,0
0020000504,425,4,0,4,1:59 PM,4:34,,,Mavericks Rebound,,,3,1610612742,,,,,,0,0,,,,,,0,0,,,,,,0
0020000504,426,2,5,4,1:59 PM,4:23,Ellis BLOCK (3 BLK),,MISS Trent  Layup,,,5,718,Gary Trent,1610612742.0,Dallas,Mavericks,DAL,0,0,,,,,,4,111,LaPhonso Ellis,1610612750.0,Minnesota,Timberwolves,MIN,0
0020000504,427,4,0,4,1:59 PM,4:20,Garnett REBOUND (Off:3 Def:10),,,,,4,708,Kevin Garnett,1610612750.0,Minnesota,Timberwolves,MIN,0,0,,,,,,0,0,,,,,,0
0020000504,428,5,2,4,1:59 PM,4:10,Day Lost Ball Turnover (P2.T13),,Trent STEAL (1 STL),,,4,103,Todd Day,1610612750.0,Minnesota,Timberwolves,MIN,5,718,Gary Trent,1610612742.0,Dallas,Mavericks,DAL,0,0,,,,,,0
0020000504,429,5,2,4,2:00 PM,3:50,Brandon STEAL (1 STL),,Davis Lost Ball Turnover (P2.T9),,,5,93,Hubert Davis,1610612742.0,Dallas,Mavericks,DAL,4,210,Terrell Brandon,1610612750.0,Minnesota,Timberwolves,MIN,0,0,,,,,,0
0020000504,430,1,42,4,2:00 PM,3:46,Garnett  Driving Layup (25 PTS) (Day 1 AST),,,99 - 76,-23,4,708,Kevin Garnett,1610612750.0,Minnesota,Timberwolves,MIN,4,103,Todd Day,1610612750.0,Minnesota,Timberwolves,MIN,0,0,,,,,,0
0020000504,431,6,2,4,2:00 PM,3:46,,,Harvey S.FOUL (P1.PN),,,5,2051,Donnell Harvey,1610612742.0,Dallas,Mavericks,DAL,0,0,,,,,,1,0,,,,,,0
0020000504,432,3,10,4,2:00 PM,3:46,Garnett Free Throw 1 of 1 (26 PTS),,,99 - 77,-22,4,708,Kevin Garnett,1610612750.0,Minnesota,Timberwolves,MIN,0,0,,,,,,0,0,,,,,,0
0020000504,433,8,0,4,2:01 PM,3:46,SUB: Nesterovic FOR Ellis,,,,,4,111,LaPhonso Ellis,1610612750.0,Minnesota,Timberwolves,MIN,4,1725,Rasho Nesterovic,1610612750.0,Minnesota,Timberwolves,MIN,0,0,,,,,,0
0020000504,434,6,4,4,2:01 PM,3:33,,,Harvey OFF.Foul (P2),,,5,2051,Donnell Harvey,1610612742.0,Dallas,Mavericks,DAL,0,0,,,,,,1,0,,,,,,0
0020000504,435,5,5,4,2:01 PM,3:33,,,Harvey Foul Turnover (P1.T10),,,5,2051,Donnell Harvey,1610612742.0,Dallas,Mavericks,DAL,0,0,,,,,,0,0,,,,,,0
0020000504,436,8,0,4,2:01 PM,3:33,SUB: Slater FOR Garnett,,,,,4,708,Kevin Garnett,1610612750.0,Minnesota,Timberwolves,MIN,4,1073,Reggie Slater,1610612750.0,Minnesota,Timberwolves,MIN,0,0,,,,,,0
0020000504,437,1,46,4,2:01 PM,3:22,Day 9' Running Jump Shot (2 PTS) (Slater 1 AST),,,99 - 79,-20,4,103,Todd Day,1610612750.0,Minnesota,Timberwolves,MIN,4,1073,Reggie Slater,1610612750.0,Minnesota,Timberwolves,MIN,0,0,,,,,,0
0020000504,438,5,2,4,2:01 PM,3:02,,,Alexander Lost Ball Turnover (P1.T11),,,5,2042,Courtney Alexander,1610612742.0,Dallas,Mavericks,DAL,0,0,,,,,,0,0,,,,,,0
0020000504,439,2,3,4,2:02 PM,2:53,MISS Nesterovic 8' Hook Shot,,,,,4,1725,Rasho Nesterovic,1610612750.0,Minnesota,Timberwolves,MIN,0,0,,,,,,0,0,,,,,,0
0020000504,440,4,0,4,2:02 PM,2:47,,,Trent REBOUND (Off:0 Def:5),,,5,718,Gary Trent,1610612742.0,Dallas,Mavericks,DAL,0,0,,,,,,0,0,,,,,,0
0020000504,441,5,1,4,2:02 PM,2:42,Brandon STEAL (2 STL),,Trent Bad Pass Turnover (P1.T12),,,5,718,Gary Trent,1610612742.0,Dallas,Mavericks,DAL,4,210,Terrell Brandon,1610612750.0,Minnesota,Timberwolves,MIN,0,0,,,,,,0
0020000504,442,2,40,4,2:02 PM,2:37,MISS Brandon  Layup,,,,,4,210,Terrell Brandon,1610612750.0,Minnesota,Timberwolves,MIN,0,0,,,,,,0,0,,,,,,0
0020000504,444,4,0,4,2:02 PM,2:34,Billups REBOUND (Off:2 Def:1),,,,,4,1497,Chauncey Billups,1610612750.0,Minnesota,Timberwolves,MIN,0,0,,,,,,0,0,,,,,,0
0020000504,443,1,7,4,2:02 PM,2:34,Billups  Dunk (2 PTS),,,99 - 81,-18,4,1497,Chauncey Billups,1610612750.0,Minnesota,Timberwolves,MIN,0,0,,,,,,0,0,,,,,,0
0020000504,445,2,1,4,2:02 PM,2:15,Brandon BLOCK (2 BLK),,MISS Eisley 16' Jump Shot,,,5,458,Howard Eisley,1610612742.0,Dallas,Mavericks,DAL,0,0,,,,,,4,210,Terrell Brandon,1610612750.0,Minnesota,Timberwolves,MIN,0
0020000504,446,4,0,4,2:02 PM,2:13,Nesterovic REBOUND (Off:0 Def:2),,,,,4,1725,Rasho Nesterovic,1610612750.0,Minnesota,Timberwolves,MIN,0,0,,,,,,0,0,,,,,,0
0020000504,447,1,5,4,2:03 PM,2:09,Brandon  Layup (12 PTS) (Billups 3 AST),,,99 - 83,-16,4,210,Terrell Brandon,1610612750.0,Minnesota,Timberwolves,MIN,4,1497,Chauncey Billups,1610612750.0,Minnesota,Timberwolves,MIN,0,0,,,,,,0
0020000504,448,9,1,4,2:03 PM,2:06,,,Mavericks Timeout: Regular (Reg.3 Short 1),,,3,1610612742,,,,,,0,0,,,,,,0,0,,,,,,0
0020000504,460,8,0,4,2:03 PM,2:06,SUB: Avery FOR Brandon,,,,,4,210,Terrell Brandon,1610612750.0,Minnesota,Timberwolves,MIN,4,1895,William Avery,1610612750.0,Minnesota,Timberwolves,MIN,0,0,,,,,,0
0020000504,450,6,1,4,2:05 PM,2:03,Day P.FOUL (P2.T4),,,,,4,103,Todd Day,1610612750.0,Minnesota,Timberwolves,MIN,0,0,,,,,,1,0,,,,,,0
0020000504,453,6,1,4,2:05 PM,1:48,Nesterovic P.FOUL (P1.PN),,,,,4,1725,Rasho Nesterovic,1610612750.0,Minnesota,Timberwolves,MIN,0,0,,,,,,1,0,,,,,,0
0020000504,454,3,11,4,2:05 PM,1:48,,,MISS Trent Free Throw 1 of 2,,,5,718,Gary Trent,1610612742.0,Dallas,Mavericks,DAL,0,0,,,,,,0,0,,,,,,0
0020000504,455,4,1,4,2:05 PM,1:48,,,Mavericks Rebound,,,3,1610612742,,,,,,0,0,,,,,,0,0,,,,,,0
0020000504,456,3,12,4,2:06 PM,1:48,,,MISS Trent Free Throw 2 of 2,,,5,718,Gary Trent,1610612742.0,Dallas,Mavericks,DAL,0,0,,,,,,0,0,,,,,,0
0020000504,457,4,0,4,2:06 PM,1:46,Nesterovic REBOUND (Off:0 Def:3),,,,,4,1725,Rasho Nesterovic,1610612750.0,Minnesota,Timberwolves,MIN,0,0,,,,,,0,0,,,,,,0
0020000504,458,1,1,4,2:06 PM,1:38,Billups 23' Jump Shot (4 PTS),,,99 - 85,-14,4,1497,Chauncey Billups,1610612750.0,Minnesota,Timberwolves,MIN,0,0,,,,,,0,0,,,,,,0
0020000504,459,6,1,4,2:06 PM,1:27,Avery P.FOUL (P4.PN),,,,,4,1895,William Avery,1610612750.0,Minnesota,Timberwolves,MIN,0,0,,,,,,1,0,,,,,,0
0020000504,461,3,11,4,2:06 PM,1:27,,,MISS Eisley Free Throw 1 of 2,,,5,458,Howard Eisley,1610612742.0,Dallas,Mavericks,DAL,0,0,,,,,,0,0,,,,,,0
0020000504,463,4,1,4,2:06 PM,1:27,,,Mavericks Rebound,,,3,1610612742,,,,,,0,0,,,,,,0,0,,,,,,0
0020000504,464,3,12,4,2:07 PM,1:27,,,Eisley Free Throw 2 of 2 (12 PTS),100 - 85,-15,5,458,Howard Eisley,1610612742.0,Dallas,Mavericks,DAL,0,0,,,,,,0,0,,,,,,0
0020000504,466,6,2,4,2:07 PM,1:16,,,Harvey S.FOUL (P3.PN),,,5,2051,Donnell Harvey,1610612742.0,Dallas,Mavericks,DAL,0,0,,,,,,1,0,,,,,,0
0020000504,467,3,11,4,2:07 PM,1:16,MISS Day Free Throw 1 of 2,,,,,4,103,Todd Day,1610612750.0,Minnesota,Timberwolves,MIN,0,0,,,,,,0,0,,,,,,0
0020000504,468,4,1,4,2:07 PM,1:16,TIMBERWOLVES Rebound,,,,,2,1610612750,,,,,,0,0,,,,,,0,0,,,,,,0
0020000504,469,3,12,4,2:08 PM,1:16,Day Free Throw 2 of 2 (3 PTS),,,100 - 86,-14,4,103,Todd Day,1610612750.0,Minnesota,Timberwolves,MIN,0,0,,,,,,0,0,,,,,,0
0020000504,470,1,1,4,2:08 PM,1:05,,,Davis 25' 3PT Jump Shot (5 PTS) (Alexander 2 AST),103 - 86,-17,5,93,Hubert Davis,1610612742.0,Dallas,Mavericks,DAL,5,2042,Courtney Alexander,1610612742.0,Dallas,Mavericks,DAL,0,0,,,,,,0
0020000504,471,5,2,4,2:08 PM,0:58,Billups Lost Ball Turnover (P1.T14),,Davis STEAL (1 STL),,,4,1497,Chauncey Billups,1610612750.0,Minnesota,Timberwolves,MIN,5,93,Hubert Davis,1610612742.0,Dallas,Mavericks,DAL,0,0,,,,,,0
0020000504,472,1,42,4,2:08 PM,0:53,,,Davis  Driving Layup (7 PTS),105 - 86,-19,5,93,Hubert Davis,1610612742.0,Dallas,Mavericks,DAL,0,0,,,,,,0,0,,,,,,0
0020000504,473,2,1,4,2:08 PM,0:43,MISS Avery 24' 3PT Jump Shot,,,,,4,1895,William Avery,1610612750.0,Minnesota,Timberwolves,MIN,0,0,,,,,,0,0,,,,,,0
0020000504,474,4,0,4,2:09 PM,0:41,,,Trent REBOUND (Off:0 Def:6),,,5,718,Gary Trent,1610612742.0,Dallas,Mavericks,DAL,0,0,,,,,,0,0,,,,,,0
0020000504,475,6,2,4,2:09 PM,0:21,Slater S.FOUL (P3.PN),,,,,4,1073,Reggie Slater,1610612750.0,Minnesota,Timberwolves,MIN,0,0,,,,,,1,0,,,,,,0
0020000504,476,3,11,4,2:09 PM,0:21,,,MISS Trent Free Throw 1 of 2,,,5,718,Gary Trent,1610612742.0,Dallas,Mavericks,DAL,0,0,,,,,,0,0,,,,,,0
0020000504,486,4,0,4,2:09 PM,0:21,,,Mavericks Rebound,,,3,1610612742,,,,,,0,0,,,,,,0,0,,,,,,0
0020000504,477,3,12,4,2:09 PM,0:21,,,Trent Free Throw 2 of 2 (5 PTS),106 - 86,-20,5,718,Gary Trent,1610612742.0,Dallas,Mavericks,DAL,0,0,,,,,,0,0,,,,,,0
0020000504,478,2,5,4,2:10 PM,0:09,MISS Slater  Layup,,Harvey BLOCK (1 BLK),,,4,1073,Reggie Slater,1610612750.0,Minnesota,Timberwolves,MIN,0,0,,,,,,5,2051,Donnell Harvey,1610612742.0,Dallas,Mavericks,DAL,0
0020000504,479,4,0,4,2:10 PM,0:07,TIMBERWOLVES Rebound,,,,,2,1610612750,,,,,,0,0,,,,,,0,0,,,,,,0
0020000504,480,2,1,4,2:10 PM,0:05,MISS Billups 25' 3PT Jump Shot,,,,,4,1497,Chauncey Billups,1610612750.0,Minnesota,Timberwolves,MIN,0,0,,,,,,0,0,,,,,,0
0020000504,481,4,0,4,2:10 PM,0:02,,,Harvey REBOUND (Off:0 Def:1),,,5,2051,Donnell Harvey,1610612742.0,Dallas,Mavericks,DAL,0,0,,,,,,0,0,,,,,,0
0020000504,482,13,0,4,2:10 PM,0:00,,,,106 - 86,-20,0,0,,,,,,0,0,,,,,,0,0,,,,,,0
