GAME_ID,EVENTNUM,EVENTMSGTYPE,EVENTMSGACTIONTYPE,PERIOD,WCTIMESTRING,PCTIMESTRING,HOMEDESCRIPTION,NEUTRALDESCRIPTION,VISITORDESCRIPTION,SCORE,SCOREMARGIN,PERSON1TYPE,PLAYER1_ID,PLAYER1_NAME,PLAYER1_TEAM_ID,PLAYER1_TEAM_CITY,PLAYER1_TEAM_NICKNAME,PLAYER1_TEAM_ABBREVIATION,PERSON2TYPE,PLAYER2_ID,PLAYER2_NAME,PLAYER2_TEAM_ID,PLAYER2_TEAM_CITY,PLAYER2_TEAM_NICKNAME,PLAYER2_TEAM_ABBREVIATION,PERSON3TYPE,PLAYER3_ID,PLAYER3_NAME,PLAYER3_TEAM_ID,PLAYER3_TEAM_CITY,PLAYER3_TEAM_NICKNAME,PLAYER3_TEAM_ABBREVIATION,VIDEO_AVAILABLE_FLAG
0029900586,0,12,0,1,12:11 PM,12:00,,,,,,0,0,,,,,,0,0,,,,,,0,0,,,,,,0
0029900586,1,10,0,1,12:12 PM,12:00,Jump Ball Campbell vs. Webber: Tip to Anderson,,,,,4,922,Elden Campbell,1610612766.0,Charlotte,Hornets,CHH,5,185,Chris Webber,1610612758.0,Sacramento,Kings,SAC,5,98,Nick Anderson,1610612758.0,Sacramento,Kings,SAC,0
0029900586,2,6,2,1,12:12 PM,11:53,Jones S.FOUL (P1.T1),,,,,4,224,Eddie Jones,1610612766.0,Charlotte,Hornets,CHH,0,0,,,,,,1,0,,,,,,0
0029900586,3,3,11,1,12:12 PM,11:53,,,Webber Free Throw 1 of 2 (1 PTS),1 - 0,-1,5,185,Chris Webber,1610612758.0,Sacramento,Kings,SAC,0,0,,,,,,0,0,,,,,,0
0029900586,4,3,12,1,12:12 PM,11:53,,,Webber Free Throw 2 of 2 (2 PTS),2 - 0,-2,5,185,Chris Webber,1610612758.0,Sacramento,Kings,SAC,0,0,,,,,,0,0,,,,,,0
0029900586,5,2,1,1,12:13 PM,11:40,MISS Wesley 17' Jump Shot,,,,,4,133,David Wesley,1610612766.0,Charlotte,Hornets,CHH,0,0,,,,,,0,0,,,,,,0
0029900586,6,4,0,1,12:13 PM,11:38,,,Anderson REBOUND (Off:0 Def:1),,,5,98,Nick Anderson,1610612758.0,Sacramento,Kings,SAC,0,0,,,,,,0,0,,,,,,0
0029900586,7,2,6,1,12:13 PM,11:25,,,MISS Divac 5' Driving Layup,,,5,124,Vlade Divac,1610612758.0,Sacramento,Kings,SAC,0,0,,,,,,0,0,,,,,,0
0029900586,8,4,0,1,12:13 PM,11:22,Jones REBOUND (Off:0 Def:1),,,,,4,224,Eddie Jones,1610612766.0,Charlotte,Hornets,CHH,0,0,,,,,,0,0,,,,,,0
0029900586,9,1,1,1,12:13 PM,11:15,Mason 4' Jump Shot (2 PTS) (Jones 1 AST),,,2 - 2,TIE,4,193,Anthony Mason,1610612766.0,Charlotte,Hornets,CHH,4,224,Eddie Jones,1610612766.0,Charlotte,Hornets,CHH,0,0,,,,,,0
0029900586,10,2,1,1,12:13 PM,11:00,,,MISS Divac 5' Jump Shot,,,5,124,Vlade Divac,1610612758.0,Sacramento,Kings,SAC,0,0,,,,,,0,0,,,,,,0
0029900586,11,4,0,1,12:14 PM,10:59,Campbell REBOUND (Off:0 Def:1),,,,,4,922,Elden Campbell,1610612766.0,Charlotte,Hornets,CHH,0,0,,,,,,0,0,,,,,,0
0029900586,12,1,1,1,12:14 PM,10:55,Jones 12' Jump Shot (2 PTS),,,2 - 4,2,4,224,Eddie Jones,1610612766.0,Charlotte,Hornets,CHH,0,0,,,,,,0,0,,,,,,0
0029900586,13,1,3,1,12:14 PM,10:41,,,Anderson 5' Hook Shot (2 PTS),4 - 4,TIE,5,98,Nick Anderson,1610612758.0,Sacramento,Kings,SAC,0,0,,,,,,0,0,,,,,,0
0029900586,14,1,1,1,12:14 PM,10:28,Coleman 23' Jump Shot (2 PTS) (Jones 2 AST),,,4 - 6,2,4,934,Derrick Coleman,1610612766.0,Charlotte,Hornets,CHH,4,224,Eddie Jones,1610612766.0,Charlotte,Hornets,CHH,0,0,,,,,,0
0029900586,15,2,3,1,12:14 PM,10:12,,,MISS Webber 6' Hook Shot,,,5,185,Chris Webber,1610612758.0,Sacramento,Kings,SAC,0,0,,,,,,0,0,,,,,,0
0029900586,16,4,0,1,12:14 PM,10:08,Campbell REBOUND (Off:0 Def:2),,,,,4,922,Elden Campbell,1610612766.0,Charlotte,Hornets,CHH,0,0,,,,,,0,0,,,,,,0
0029900586,17,1,5,1,12:14 PM,10:03,Mason  Layup (4 PTS) (Coleman 1 AST),,,4 - 8,4,4,193,Anthony Mason,1610612766.0,Charlotte,Hornets,CHH,4,934,Derrick Coleman,1610612766.0,Charlotte,Hornets,CHH,0,0,,,,,,0
0029900586,18,6,2,1,12:14 PM,10:03,,,Williamson S.FOUL (P1.T1),,,5,722,Corliss Williamson,1610612758.0,Sacramento,Kings,SAC,0,0,,,,,,1,0,,,,,,0
0029900586,19,3,10,1,12:15 PM,10:03,Mason Free Throw 1 of 1 (5 PTS),,,4 - 9,5,4,193,Anthony Mason,1610612766.0,Charlotte,Hornets,CHH,0,0,,,,,,0,0,,,,,,0
0029900586,20,1,1,1,12:15 PM,9:49,,,Williamson 12' Jump Shot (2 PTS) (Divac 1 AST),6 - 9,3,5,722,Corliss Williamson,1610612758.0,Sacramento,Kings,SAC,5,124,Vlade Divac,1610612758.0,Sacramento,Kings,SAC,0,0,,,,,,0
0029900586,21,5,2,1,12:15 PM,9:30,Mason Lost Ball Turnover (P1.T1),,Anderson STEAL (1 STL),,,4,193,Anthony Mason,1610612766.0,Charlotte,Hornets,CHH,5,98,Nick Anderson,1610612758.0,Sacramento,Kings,SAC,0,0,,,,,,0
0029900586,22,1,6,1,12:15 PM,9:24,,,Williams  Driving Layup (2 PTS) (Anderson 1 AST),8 - 9,1,5,1715,Jason Williams,1610612758.0,Sacramento,Kings,SAC,5,98,Nick Anderson,1610612758.0,Sacramento,Kings,SAC,0,0,,,,,,0
0029900586,23,2,1,1,12:16 PM,9:04,MISS Campbell 10' Jump Shot,,,,,4,922,Elden Campbell,1610612766.0,Charlotte,Hornets,CHH,0,0,,,,,,0,0,,,,,,0
0029900586,24,4,0,1,12:16 PM,9:01,,,Williams REBOUND (Off:0 Def:1),,,5,1715,Jason Williams,1610612758.0,Sacramento,Kings,SAC,0,0,,,,,,0,0,,,,,,0
0029900586,25,1,1,1,12:16 PM,8:57,,,Anderson 25' 3PT Jump Shot (5 PTS) (Williams 1 AST),11 - 9,-2,5,98,Nick Anderson,1610612758.0,Sacramento,Kings,SAC,5,1715,Jason Williams,1610612758.0,Sacramento,Kings,SAC,0,0,,,,,,0
0029900586,26,5,2,1,12:16 PM,8:41,Mason Lost Ball Turnover (P2.T2),,Williamson STEAL (1 STL),,,4,193,Anthony Mason,1610612766.0,Charlotte,Hornets,CHH,5,722,Corliss Williamson,1610612758.0,Sacramento,Kings,SAC,0,0,,,,,,0
0029900586,27,5,1,1,12:16 PM,8:36,,,Williams Bad Pass Turnover (P1.T1),,,5,1715,Jason Williams,1610612758.0,Sacramento,Kings,SAC,0,0,,,,,,0,0,,,,,,0
0029900586,28,1,1,1,12:17 PM,8:17,Coleman 15' Jump Shot (4 PTS) (Wesley 1 AST),,,11 - 11,TIE,4,934,Derrick Coleman,1610612766.0,Charlotte,Hornets,CHH,4,133,David Wesley,1610612766.0,Charlotte,Hornets,CHH,0,0,,,,,,0
0029900586,29,2,1,1,12:17 PM,8:05,,,MISS Webber 11' Jump Shot,,,5,185,Chris Webber,1610612758.0,Sacramento,Kings,SAC,0,0,,,,,,0,0,,,,,,0
0029900586,30,4,0,1,12:17 PM,8:03,Jones REBOUND (Off:0 Def:2),,,,,4,224,Eddie Jones,1610612766.0,Charlotte,Hornets,CHH,0,0,,,,,,0,0,,,,,,0
0029900586,31,2,5,1,12:17 PM,7:51,MISS Coleman  Layup,,,,,4,934,Derrick Coleman,1610612766.0,Charlotte,Hornets,CHH,0,0,,,,,,0,0,,,,,,0
0029900586,32,4,0,1,12:17 PM,7:49,Campbell REBOUND (Off:1 Def:2),,,,,4,922,Elden Campbell,1610612766.0,Charlotte,Hornets,CHH,0,0,,,,,,0,0,,,,,,0
0029900586,33,1,1,1,12:17 PM,7:42,Coleman  3PT Jump Shot (7 PTS) (Wesley 2 AST),,,11 - 14,3,4,934,Derrick Coleman,1610612766.0,Charlotte,Hornets,CHH,4,133,David Wesley,1610612766.0,Charlotte,Hornets,CHH,0,0,,,,,,0
0029900586,34,2,1,1,12:17 PM,7:35,,,MISS Williams 26' 3PT Jump Shot,,,5,1715,Jason Williams,1610612758.0,Sacramento,Kings,SAC,0,0,,,,,,0,0,,,,,,0
0029900586,35,4,0,1,12:17 PM,7:33,,,Williamson REBOUND (Off:1 Def:0),,,5,722,Corliss Williamson,1610612758.0,Sacramento,Kings,SAC,0,0,,,,,,0,0,,,,,,0
0029900586,36,1,1,1,12:18 PM,7:30,,,Anderson 24' 3PT Jump Shot (8 PTS) (Williamson 1 AST),14 - 14,TIE,5,98,Nick Anderson,1610612758.0,Sacramento,Kings,SAC,5,722,Corliss Williamson,1610612758.0,Sacramento,Kings,SAC,0,0,,,,,,0
0029900586,37,2,1,1,12:18 PM,7:17,MISS Jones 21' Jump Shot,,,,,4,224,Eddie Jones,1610612766.0,Charlotte,Hornets,CHH,0,0,,,,,,0,0,,,,,,0
0029900586,38,4,0,1,12:18 PM,7:15,,,Divac REBOUND (Off:0 Def:1),,,5,124,Vlade Divac,1610612758.0,Sacramento,Kings,SAC,0,0,,,,,,0,0,,,,,,0
0029900586,39,2,6,1,12:18 PM,7:09,,,MISS Williams  Driving Layup,,,5,1715,Jason Williams,1610612758.0,Sacramento,Kings,SAC,0,0,,,,,,0,0,,,,,,0
0029900586,40,4,0,1,12:18 PM,7:07,Jones REBOUND (Off:0 Def:3),,,,,4,224,Eddie Jones,1610612766.0,Charlotte,Hornets,CHH,0,0,,,,,,0,0,,,,,,0
0029900586,41,2,1,1,12:18 PM,6:55,MISS Coleman 25' 3PT Jump Shot,,,,,4,934,Derrick Coleman,1610612766.0,Charlotte,Hornets,CHH,0,0,,,,,,0,0,,,,,,0
0029900586,42,4,0,1,12:18 PM,6:54,,,Kings Rebound,,,3,1610612758,,,,,,0,0,,,,,,0,0,,,,,,0
0029900586,43,9,1,1,12:18 PM,6:54,HORNETS Timeout: Regular (Full 1 Short 0),,,,,2,1610612740,,,,,,0,0,,,,,,0,0,,,,,,0
0029900586,45,1,1,1,12:21 PM,6:42,,,Anderson 22' Jump Shot (10 PTS),16 - 14,-2,5,98,Nick Anderson,1610612758.0,Sacramento,Kings,SAC,0,0,,,,,,0,0,,,,,,0
0029900586,46,1,5,1,12:21 PM,6:36,Coleman  Layup (9 PTS) (Wesley 3 AST),,,16 - 16,TIE,4,934,Derrick Coleman,1610612766.0,Charlotte,Hornets,CHH,4,133,David Wesley,1610612766.0,Charlotte,Hornets,CHH,0,0,,,,,,0
0029900586,47,1,1,1,12:21 PM,6:27,,,Williamson 11' Jump Shot (4 PTS) (Divac 2 AST),18 - 16,-2,5,722,Corliss Williamson,1610612758.0,Sacramento,Kings,SAC,5,124,Vlade Divac,1610612758.0,Sacramento,Kings,SAC,0,0,,,,,,0
0029900586,48,6,2,1,12:22 PM,6:05,,,Williamson S.FOUL (P2.T2),,,5,722,Corliss Williamson,1610612758.0,Sacramento,Kings,SAC,0,0,,,,,,1,0,,,,,,0
0029900586,49,3,11,1,12:22 PM,6:05,Mason Free Throw 1 of 2 (6 PTS),,,18 - 17,-1,4,193,Anthony Mason,1610612766.0,Charlotte,Hornets,CHH,0,0,,,,,,0,0,,,,,,0
0029900586,50,3,12,1,12:22 PM,6:05,Mason Free Throw 2 of 2 (7 PTS),,,18 - 18,TIE,4,193,Anthony Mason,1610612766.0,Charlotte,Hornets,CHH,0,0,,,,,,0,0,,,,,,0
0029900586,51,1,1,1,12:22 PM,5:53,,,Webber 15' Jump Shot (4 PTS) (Williams 2 AST),20 - 18,-2,5,185,Chris Webber,1610612758.0,Sacramento,Kings,SAC,5,1715,Jason Williams,1610612758.0,Sacramento,Kings,SAC,0,0,,,,,,0
0029900586,52,6,2,1,12:23 PM,5:34,,,Divac S.FOUL (P1.T3),,,5,124,Vlade Divac,1610612758.0,Sacramento,Kings,SAC,0,0,,,,,,1,0,,,,,,0
0029900586,53,8,0,1,12:23 PM,5:34,,,SUB: Corbin FOR Williamson,,,5,722,Corliss Williamson,1610612758.0,Sacramento,Kings,SAC,5,895,Tyrone Corbin,1610612758.0,Sacramento,Kings,SAC,0,0,,,,,,0
0029900586,54,3,11,1,12:23 PM,5:34,MISS Campbell Free Throw 1 of 2,,,,,4,922,Elden Campbell,1610612766.0,Charlotte,Hornets,CHH,0,0,,,,,,0,0,,,,,,0
0029900586,55,4,1,1,12:23 PM,5:34,HORNETS Rebound,,,,,2,1610612740,,,,,,0,0,,,,,,0,0,,,,,,0
0029900586,56,3,12,1,12:23 PM,5:34,Campbell Free Throw 2 of 2 (1 PTS),,,20 - 19,-1,4,922,Elden Campbell,1610612766.0,Charlotte,Hornets,CHH,0,0,,,,,,0,0,,,,,,0
0029900586,57,2,1,1,12:24 PM,5:25,,,MISS Williams 25' 3PT Jump Shot,,,5,1715,Jason Williams,1610612758.0,Sacramento,Kings,SAC,0,0,,,,,,0,0,,,,,,0
0029900586,58,4,0,1,12:24 PM,5:22,Mason REBOUND (Off:0 Def:1),,,,,4,193,Anthony Mason,1610612766.0,Charlotte,Hornets,CHH,0,0,,,,,,0,0,,,,,,0
0029900586,59,2,6,1,12:24 PM,5:17,MISS Jones  Driving Layup,,,,,4,224,Eddie Jones,1610612766.0,Charlotte,Hornets,CHH,0,0,,,,,,0,0,,,,,,0
0029900586,60,4,0,1,12:24 PM,5:15,,,Webber REBOUND (Off:0 Def:1),,,5,185,Chris Webber,1610612758.0,Sacramento,Kings,SAC,0,0,,,,,,0,0,,,,,,0
0029900586,61,5,2,1,12:24 PM,5:03,Wesley STEAL (1 STL),,Anderson Lost Ball Turnover (P1.T2),,,5,98,Nick Anderson,1610612758.0,Sacramento,Kings,SAC,4,133,David Wesley,1610612766.0,Charlotte,Hornets,CHH,0,0,,,,,,0
0029900586,62,6,2,1,12:24 PM,4:59,,,Williams S.FOUL (P1.T4),,,5,1715,Jason Williams,1610612758.0,Sacramento,Kings,SAC,0,0,,,,,,1,0,,,,,,0
0029900586,63,3,11,1,12:24 PM,4:59,Coleman Free Throw 1 of 2 (10 PTS),,,20 - 20,TIE,4,934,Derrick Coleman,1610612766.0,Charlotte,Hornets,CHH,0,0,,,,,,0,0,,,,,,0
0029900586,64,3,12,1,12:24 PM,4:59,Coleman Free Throw 2 of 2 (11 PTS),,,20 - 21,1,4,934,Derrick Coleman,1610612766.0,Charlotte,Hornets,CHH,0,0,,,,,,0,0,,,,,,0
0029900586,65,1,1,1,12:25 PM,4:45,,,Webber 16' Jump Shot (6 PTS) (Williams 3 AST),22 - 21,-1,5,185,Chris Webber,1610612758.0,Sacramento,Kings,SAC,5,1715,Jason Williams,1610612758.0,Sacramento,Kings,SAC,0,0,,,,,,0
0029900586,66,2,5,1,12:25 PM,4:37,MISS Coleman  Layup,,Divac BLOCK (1 BLK),,,4,934,Derrick Coleman,1610612766.0,Charlotte,Hornets,CHH,0,0,,,,,,5,124,Vlade Divac,1610612758.0,Sacramento,Kings,SAC,0
0029900586,67,4,0,1,12:25 PM,4:35,,,Divac REBOUND (Off:0 Def:2),,,5,124,Vlade Divac,1610612758.0,Sacramento,Kings,SAC,0,0,,,,,,0,0,,,,,,0
0029900586,68,2,6,1,12:25 PM,4:31,,,MISS Williams  Driving Layup,,,5,1715,Jason Williams,1610612758.0,Sacramento,Kings,SAC,0,0,,,,,,0,0,,,,,,0
0029900586,69,4,0,1,12:25 PM,4:29,Wesley REBOUND (Off:0 Def:1),,,,,4,133,David Wesley,1610612766.0,Charlotte,Hornets,CHH,0,0,,,,,,0,0,,,,,,0
0029900586,70,2,1,1,12:25 PM,4:24,MISS Jones 25' 3PT Jump Shot,,,,,4,224,Eddie Jones,1610612766.0,Charlotte,Hornets,CHH,0,0,,,,,,0,0,,,,,,0
0029900586,71,4,0,1,12:25 PM,4:22,,,Divac REBOUND (Off:0 Def:3),,,5,124,Vlade Divac,1610612758.0,Sacramento,Kings,SAC,0,0,,,,,,0,0,,,,,,0
0029900586,72,1,7,1,12:25 PM,4:17,,,Webber  Dunk (8 PTS) (Anderson 2 AST),24 - 21,-3,5,185,Chris Webber,1610612758.0,Sacramento,Kings,SAC,5,98,Nick Anderson,1610612758.0,Sacramento,Kings,SAC,0,0,,,,,,0
0029900586,73,1,1,1,12:26 PM,3:50,Coleman 10' Jump Shot (13 PTS) (Jones 3 AST),,,24 - 23,-1,4,934,Derrick Coleman,1610612766.0,Charlotte,Hornets,CHH,4,224,Eddie Jones,1610612766.0,Charlotte,Hornets,CHH,0,0,,,,,,0
0029900586,74,7,1,1,12:26 PM,3:48,HORNETS Violation: Delay of game Violation,,,,,2,1610612740,,,,,,0,0,,,,,,1,0,,,,,,0
0029900586,75,1,3,1,12:26 PM,3:31,,,Divac 10' Hook Shot (2 PTS) (Williams 4 AST),26 - 23,-3,5,124,Vlade Divac,1610612758.0,Sacramento,Kings,SAC,5,1715,Jason Williams,1610612758.0,Sacramento,Kings,SAC,0,0,,,,,,0
0029900586,76,2,1,1,12:27 PM,3:16,MISS Wesley 15' Jump Shot,,,,,4,133,David Wesley,1610612766.0,Charlotte,Hornets,CHH,0,0,,,,,,0,0,,,,,,0
0029900586,77,4,0,1,12:27 PM,3:15,,,Webber REBOUND (Off:0 Def:2),,,5,185,Chris Webber,1610612758.0,Sacramento,Kings,SAC,0,0,,,,,,0,0,,,,,,0
0029900586,78,2,6,1,12:27 PM,3:10,,,MISS Williams  Driving Layup,,,5,1715,Jason Williams,1610612758.0,Sacramento,Kings,SAC,0,0,,,,,,0,0,,,,,,0
0029900586,79,4,0,1,12:27 PM,3:09,Campbell REBOUND (Off:1 Def:3),,,,,4,922,Elden Campbell,1610612766.0,Charlotte,Hornets,CHH,0,0,,,,,,0,0,,,,,,0
0029900586,80,2,1,1,12:27 PM,2:58,MISS Wesley 21' Jump Shot,,,,,4,133,David Wesley,1610612766.0,Charlotte,Hornets,CHH,0,0,,,,,,0,0,,,,,,0
0029900586,81,4,0,1,12:27 PM,2:55,,,Corbin REBOUND (Off:0 Def:1),,,5,895,Tyrone Corbin,1610612758.0,Sacramento,Kings,SAC,0,0,,,,,,0,0,,,,,,0
0029900586,82,1,1,1,12:27 PM,2:49,,,Corbin 14' Jump Shot (2 PTS) (Williams 5 AST),28 - 23,-5,5,895,Tyrone Corbin,1610612758.0,Sacramento,Kings,SAC,5,1715,Jason Williams,1610612758.0,Sacramento,Kings,SAC,0,0,,,,,,0
0029900586,83,5,2,1,12:27 PM,2:27,Campbell Lost Ball Turnover (P1.T3),,,,,4,922,Elden Campbell,1610612766.0,Charlotte,Hornets,CHH,0,0,,,,,,0,0,,,,,,0
0029900586,84,5,1,1,12:27 PM,2:24,Wesley STEAL (2 STL),,Williams Bad Pass Turnover (P2.T3),,,5,1715,Jason Williams,1610612758.0,Sacramento,Kings,SAC,4,133,David Wesley,1610612766.0,Charlotte,Hornets,CHH,0,0,,,,,,0
0029900586,85,6,1,1,12:28 PM,2:17,,,Williams P.FOUL (P2.PN),,,5,1715,Jason Williams,1610612758.0,Sacramento,Kings,SAC,0,0,,,,,,1,0,,,,,,0
0029900586,86,9,1,1,12:28 PM,2:17,,,Kings Timeout: Regular (Reg.1 Short 0),,,3,1610612758,,,,,,0,0,,,,,,0,0,,,,,,0
0029900586,88,8,0,1,12:30 PM,2:17,,,SUB: Martin FOR Williams,,,5,1715,Jason Williams,1610612758.0,Sacramento,Kings,SAC,5,239,Darrick Martin,1610612758.0,Sacramento,Kings,SAC,0,0,,,,,,0
0029900586,89,8,0,1,12:30 PM,2:17,,,SUB: Pollard FOR Divac,,,5,124,Vlade Divac,1610612758.0,Sacramento,Kings,SAC,5,1513,Scot Pollard,1610612758.0,Sacramento,Kings,SAC,0,0,,,,,,0
0029900586,90,8,0,1,12:30 PM,2:17,SUB: Miller FOR Campbell,,,,,4,922,Elden Campbell,1610612766.0,Charlotte,Hornets,CHH,4,1802,Brad Miller,1610612766.0,Charlotte,Hornets,CHH,0,0,,,,,,0
0029900586,91,3,11,1,12:30 PM,2:17,MISS Wesley Free Throw 1 of 2,,,,,4,133,David Wesley,1610612766.0,Charlotte,Hornets,CHH,0,0,,,,,,0,0,,,,,,0
0029900586,92,4,1,1,12:30 PM,2:17,HORNETS Rebound,,,,,2,1610612740,,,,,,0,0,,,,,,0,0,,,,,,0
0029900586,93,3,12,1,12:30 PM,2:17,Wesley Free Throw 2 of 2 (1 PTS),,,28 - 24,-4,4,133,David Wesley,1610612766.0,Charlotte,Hornets,CHH,0,0,,,,,,0,0,,,,,,0
0029900586,94,2,1,1,12:31 PM,1:57,,,MISS Martin 25' 3PT Jump Shot,,,5,239,Darrick Martin,1610612758.0,Sacramento,Kings,SAC,0,0,,,,,,0,0,,,,,,0
0029900586,95,4,0,1,12:31 PM,1:55,Coleman REBOUND (Off:0 Def:1),,,,,4,934,Derrick Coleman,1610612766.0,Charlotte,Hornets,CHH,0,0,,,,,,0,0,,,,,,0
0029900586,96,1,6,1,12:31 PM,1:51,Wesley  Driving Layup (3 PTS),,,28 - 26,-2,4,133,David Wesley,1610612766.0,Charlotte,Hornets,CHH,0,0,,,,,,0,0,,,,,,0
0029900586,97,6,2,1,12:31 PM,1:51,,,Pollard S.FOUL (P1.PN),,,5,1513,Scot Pollard,1610612758.0,Sacramento,Kings,SAC,0,0,,,,,,1,0,,,,,,0
0029900586,98,3,10,1,12:31 PM,1:51,Wesley Free Throw 1 of 1 (4 PTS),,,28 - 27,-1,4,133,David Wesley,1610612766.0,Charlotte,Hornets,CHH,0,0,,,,,,0,0,,,,,,0
0029900586,99,1,6,1,12:32 PM,1:39,,,Webber  Driving Layup (10 PTS),30 - 27,-3,5,185,Chris Webber,1610612758.0,Sacramento,Kings,SAC,0,0,,,,,,0,0,,,,,,0
0029900586,100,6,2,1,12:32 PM,1:39,Coleman S.FOUL (P1.T2),,,,,4,934,Derrick Coleman,1610612766.0,Charlotte,Hornets,CHH,0,0,,,,,,1,0,,,,,,0
0029900586,101,8,0,1,12:32 PM,1:39,SUB: Davis FOR Wesley,,,,,4,133,David Wesley,1610612766.0,Charlotte,Hornets,CHH,4,1884,Baron Davis,1610612766.0,Charlotte,Hornets,CHH,0,0,,,,,,0
0029900586,102,3,10,1,12:32 PM,1:39,,,Webber Free Throw 1 of 1 (11 PTS),31 - 27,-4,5,185,Chris Webber,1610612758.0,Sacramento,Kings,SAC,0,0,,,,,,0,0,,,,,,0
0029900586,103,1,1,1,12:33 PM,1:21,Jones 12' Jump Shot (4 PTS) (Mason 1 AST),,,31 - 29,-2,4,224,Eddie Jones,1610612766.0,Charlotte,Hornets,CHH,4,193,Anthony Mason,1610612766.0,Charlotte,Hornets,CHH,0,0,,,,,,0
0029900586,104,6,1,1,12:33 PM,1:13,Jones P.FOUL (P2.PN),,,,,4,224,Eddie Jones,1610612766.0,Charlotte,Hornets,CHH,0,0,,,,,,1,0,,,,,,0
0029900586,105,3,11,1,12:33 PM,1:13,,,Anderson Free Throw 1 of 2 (11 PTS),32 - 29,-3,5,98,Nick Anderson,1610612758.0,Sacramento,Kings,SAC,0,0,,,,,,0,0,,,,,,0
0029900586,106,8,0,1,12:33 PM,1:13,SUB: Davis FOR Jones,,,,,4,224,Eddie Jones,1610612766.0,Charlotte,Hornets,CHH,4,1729,Ricky Davis,1610612766.0,Charlotte,Hornets,CHH,0,0,,,,,,0
0029900586,107,3,12,1,12:33 PM,1:13,,,Anderson Free Throw 2 of 2 (12 PTS),33 - 29,-4,5,98,Nick Anderson,1610612758.0,Sacramento,Kings,SAC,0,0,,,,,,0,0,,,,,,0
0029900586,108,1,1,1,12:34 PM,0:54,Davis 25' 3PT Jump Shot (3 PTS) (Coleman 2 AST),,,33 - 32,-1,4,1884,Baron Davis,1610612766.0,Charlotte,Hornets,CHH,4,934,Derrick Coleman,1610612766.0,Charlotte,Hornets,CHH,0,0,,,,,,0
0029900586,109,5,2,1,12:34 PM,0:44,Davis STEAL (1 STL),,Anderson Lost Ball Turnover (P2.T4),,,5,98,Nick Anderson,1610612758.0,Sacramento,Kings,SAC,4,1729,Ricky Davis,1610612766.0,Charlotte,Hornets,CHH,0,0,,,,,,0
0029900586,110,2,5,1,12:34 PM,0:36,MISS Miller  Layup,,,,,4,1802,Brad Miller,1610612766.0,Charlotte,Hornets,CHH,0,0,,,,,,0,0,,,,,,0
0029900586,111,4,0,1,12:34 PM,0:34,,,Pollard REBOUND (Off:0 Def:1),,,5,1513,Scot Pollard,1610612758.0,Sacramento,Kings,SAC,0,0,,,,,,0,0,,,,,,0
0029900586,112,2,1,1,12:34 PM,0:28,,,MISS Webber 17' Jump Shot,,,5,185,Chris Webber,1610612758.0,Sacramento,Kings,SAC,0,0,,,,,,0,0,,,,,,0
0029900586,113,4,0,1,12:34 PM,0:27,Mason REBOUND (Off:0 Def:2),,,,,4,193,Anthony Mason,1610612766.0,Charlotte,Hornets,CHH,0,0,,,,,,0,0,,,,,,0
0029900586,114,5,1,1,12:35 PM,0:24,Davis Bad Pass Turnover (P1.T4),,,,,4,1884,Baron Davis,1610612766.0,Charlotte,Hornets,CHH,0,0,,,,,,0,0,,,,,,0
0029900586,115,1,1,1,12:35 PM,0:00,,,Corbin 24' 3PT Jump Shot (5 PTS) (Webber 1 AST),36 - 32,-4,5,895,Tyrone Corbin,1610612758.0,Sacramento,Kings,SAC,5,185,Chris Webber,1610612758.0,Sacramento,Kings,SAC,0,0,,,,,,0
0029900586,116,13,0,1,12:35 PM,0:00,,,,36 - 32,-4,0,0,,,,,,0,0,,,,,,0,0,,,,,,0
0029900586,118,12,0,2,12:38 PM,12:00,,,,36 - 32,-4,0,0,,,,,,0,0,,,,,,0,0,,,,,,0
0029900586,119,1,5,2,12:39 PM,11:43,Davis  Layup (5 PTS) (Campbell 1 AST),,,36 - 34,-2,4,1884,Baron Davis,1610612766.0,Charlotte,Hornets,CHH,4,922,Elden Campbell,1610612766.0,Charlotte,Hornets,CHH,0,0,,,,,,0
0029900586,120,6,2,2,12:39 PM,11:43,,,Barry S.FOUL (P1.T1),,,5,468,Jon Barry,1610612758.0,Sacramento,Kings,SAC,0,0,,,,,,1,0,,,,,,0
0029900586,121,3,10,2,12:39 PM,11:43,MISS Davis Free Throw 1 of 1,,,,,4,1884,Baron Davis,1610612766.0,Charlotte,Hornets,CHH,0,0,,,,,,0,0,,,,,,0
0029900586,122,4,0,2,12:39 PM,11:42,,,Corbin REBOUND (Off:0 Def:2),,,5,895,Tyrone Corbin,1610612758.0,Sacramento,Kings,SAC,0,0,,,,,,0,0,,,,,,0
0029900586,123,2,1,2,12:39 PM,11:29,,,MISS Barry 17' Jump Shot,,,5,468,Jon Barry,1610612758.0,Sacramento,Kings,SAC,0,0,,,,,,0,0,,,,,,0
0029900586,124,4,0,2,12:39 PM,11:28,Campbell REBOUND (Off:1 Def:4),,,,,4,922,Elden Campbell,1610612766.0,Charlotte,Hornets,CHH,0,0,,,,,,0,0,,,,,,0
0029900586,125,1,1,2,12:39 PM,11:22,Ellis 26' 3PT Jump Shot (3 PTS) (Davis 1 AST),,,36 - 37,1,4,107,Dale Ellis,1610612766.0,Charlotte,Hornets,CHH,4,1884,Baron Davis,1610612766.0,Charlotte,Hornets,CHH,0,0,,,,,,0
0029900586,126,2,3,2,12:40 PM,11:09,,,MISS Martin 8' Hook Shot,,,5,239,Darrick Martin,1610612758.0,Sacramento,Kings,SAC,0,0,,,,,,0,0,,,,,,0
0029900586,127,4,0,2,12:40 PM,11:06,Davis REBOUND (Off:0 Def:1),,,,,4,1884,Baron Davis,1610612766.0,Charlotte,Hornets,CHH,0,0,,,,,,0,0,,,,,,0
0029900586,128,1,6,2,12:40 PM,11:02,Davis  Driving Layup (7 PTS),,,36 - 39,3,4,1884,Baron Davis,1610612766.0,Charlotte,Hornets,CHH,0,0,,,,,,0,0,,,,,,0
0029900586,129,2,6,2,12:40 PM,10:49,,,MISS Martin  Driving Layup,,,5,239,Darrick Martin,1610612758.0,Sacramento,Kings,SAC,0,0,,,,,,0,0,,,,,,0
0029900586,130,4,0,2,12:40 PM,10:46,Miller REBOUND (Off:0 Def:1),,,,,4,1802,Brad Miller,1610612766.0,Charlotte,Hornets,CHH,0,0,,,,,,0,0,,,,,,0
0029900586,131,1,8,2,12:40 PM,10:42,Davis  Slam Dunk (2 PTS) (Davis 2 AST),,,36 - 41,5,4,1729,Ricky Davis,1610612766.0,Charlotte,Hornets,CHH,4,1884,Baron Davis,1610612766.0,Charlotte,Hornets,CHH,0,0,,,,,,0
0029900586,132,9,1,2,12:40 PM,10:38,,,Kings Timeout: Regular (Reg.2 Short 0),,,3,1610612758,,,,,,0,0,,,,,,0,0,,,,,,0
0029900586,133,6,1,2,12:43 PM,10:22,Davis P.FOUL (P1.T1),,,,,4,1729,Ricky Davis,1610612766.0,Charlotte,Hornets,CHH,0,0,,,,,,1,0,,,,,,0
0029900586,134,5,4,2,12:43 PM,10:16,,,Pollard Traveling Turnover (P1.T5),,,5,1513,Scot Pollard,1610612758.0,Sacramento,Kings,SAC,0,0,,,,,,0,0,,,,,,0
0029900586,135,2,5,2,12:43 PM,9:58,MISS Miller  Layup,,,,,4,1802,Brad Miller,1610612766.0,Charlotte,Hornets,CHH,0,0,,,,,,0,0,,,,,,0
0029900586,136,4,0,2,12:43 PM,9:56,,,Martin REBOUND (Off:0 Def:1),,,5,239,Darrick Martin,1610612758.0,Sacramento,Kings,SAC,0,0,,,,,,0,0,,,,,,0
0029900586,137,2,5,2,12:43 PM,9:51,,,MISS Pollard  Layup,,,5,1513,Scot Pollard,1610612758.0,Sacramento,Kings,SAC,0,0,,,,,,0,0,,,,,,0
0029900586,138,4,0,2,12:44 PM,9:49,Campbell REBOUND (Off:1 Def:5),,,,,4,922,Elden Campbell,1610612766.0,Charlotte,Hornets,CHH,0,0,,,,,,0,0,,,,,,0
0029900586,139,6,2,2,12:44 PM,9:42,,,Pollard S.FOUL (P2.T2),,,5,1513,Scot Pollard,1610612758.0,Sacramento,Kings,SAC,0,0,,,,,,1,0,,,,,,0
0029900586,140,3,11,2,12:44 PM,9:42,Miller Free Throw 1 of 2 (1 PTS),,,36 - 42,6,4,1802,Brad Miller,1610612766.0,Charlotte,Hornets,CHH,0,0,,,,,,0,0,,,,,,0
0029900586,141,3,12,2,12:44 PM,9:42,MISS Miller Free Throw 2 of 2,,,,,4,1802,Brad Miller,1610612766.0,Charlotte,Hornets,CHH,0,0,,,,,,0,0,,,,,,0
0029900586,142,4,0,2,12:44 PM,9:41,,,Pollard REBOUND (Off:0 Def:2),,,5,1513,Scot Pollard,1610612758.0,Sacramento,Kings,SAC,0,0,,,,,,0,0,,,,,,0
0029900586,143,1,6,2,12:45 PM,9:26,,,Martin  Driving Layup (2 PTS),38 - 42,4,5,239,Darrick Martin,1610612758.0,Sacramento,Kings,SAC,0,0,,,,,,0,0,,,,,,0
0029900586,144,1,1,2,12:45 PM,9:07,Campbell 9' Jump Shot (3 PTS) (Ellis 1 AST),,,38 - 44,6,4,922,Elden Campbell,1610612766.0,Charlotte,Hornets,CHH,4,107,Dale Ellis,1610612766.0,Charlotte,Hornets,CHH,0,0,,,,,,0
0029900586,146,6,18,2,12:45 PM,9:06,HORNETS Foul,,,,,2,1610612740,,,,,,0,0,,,,,,1,0,,,,,,0
0029900586,147,3,16,2,12:45 PM,9:06,,,Barry Free Throw Technical (1 PTS),39 - 44,5,5,468,Jon Barry,1610612758.0,Sacramento,Kings,SAC,0,0,,,,,,0,0,,,,,,0
0029900586,148,8,0,2,12:46 PM,9:06,,,SUB: Divac FOR Pollard,,,5,1513,Scot Pollard,1610612758.0,Sacramento,Kings,SAC,5,124,Vlade Divac,1610612758.0,Sacramento,Kings,SAC,0,0,,,,,,0
0029900586,149,1,6,2,12:46 PM,8:49,,,Martin  Driving Layup (4 PTS),41 - 44,3,5,239,Darrick Martin,1610612758.0,Sacramento,Kings,SAC,0,0,,,,,,0,0,,,,,,0
0029900586,150,6,2,2,12:46 PM,8:35,,,Divac S.FOUL (P2.T3),,,5,124,Vlade Divac,1610612758.0,Sacramento,Kings,SAC,0,0,,,,,,1,0,,,,,,0
0029900586,151,3,11,2,12:47 PM,8:35,Campbell Free Throw 1 of 2 (4 PTS),,,41 - 45,4,4,922,Elden Campbell,1610612766.0,Charlotte,Hornets,CHH,0,0,,,,,,0,0,,,,,,0
0029900586,152,3,12,2,12:47 PM,8:35,MISS Campbell Free Throw 2 of 2,,,,,4,922,Elden Campbell,1610612766.0,Charlotte,Hornets,CHH,0,0,,,,,,0,0,,,,,,0
0029900586,153,4,0,2,12:47 PM,8:34,,,Funderburke REBOUND (Off:0 Def:1),,,5,1444,Lawrence Funderburke,1610612758.0,Sacramento,Kings,SAC,0,0,,,,,,0,0,,,,,,0
0029900586,154,5,2,2,12:47 PM,8:19,,,Divac Lost Ball Turnover (P1.T6),,,5,124,Vlade Divac,1610612758.0,Sacramento,Kings,SAC,0,0,,,,,,0,0,,,,,,0
0029900586,155,1,1,2,12:48 PM,8:10,Davis 10' Jump Shot (9 PTS),,,41 - 47,6,4,1884,Baron Davis,1610612766.0,Charlotte,Hornets,CHH,0,0,,,,,,0,0,,,,,,0
0029900586,156,5,2,2,12:48 PM,7:52,Davis STEAL (1 STL),,Martin Lost Ball Turnover (P1.T7),,,5,239,Darrick Martin,1610612758.0,Sacramento,Kings,SAC,4,1884,Baron Davis,1610612766.0,Charlotte,Hornets,CHH,0,0,,,,,,0
0029900586,157,2,1,2,12:48 PM,7:44,MISS Ellis 15' Jump Shot,,,,,4,107,Dale Ellis,1610612766.0,Charlotte,Hornets,CHH,0,0,,,,,,0,0,,,,,,0
0029900586,159,4,0,2,12:48 PM,7:43,Davis REBOUND (Off:1 Def:1),,,,,4,1884,Baron Davis,1610612766.0,Charlotte,Hornets,CHH,0,0,,,,,,0,0,,,,,,0
0029900586,158,2,4,2,12:48 PM,7:43,MISS Davis  Tip Shot,,,,,4,1884,Baron Davis,1610612766.0,Charlotte,Hornets,CHH,0,0,,,,,,0,0,,,,,,0
0029900586,160,4,0,2,12:48 PM,7:43,,,Kings Rebound,,,3,1610612758,,,,,,0,0,,,,,,0,0,,,,,,0
0029900586,161,6,3,2,12:48 PM,7:43,Davis L.B.FOUL (P1.T2),,,,,4,1884,Baron Davis,1610612766.0,Charlotte,Hornets,CHH,0,0,,,,,,1,0,,,,,,0
0029900586,162,8,0,2,12:48 PM,7:43,,,SUB: Williams FOR Martin,,,5,239,Darrick Martin,1610612758.0,Sacramento,Kings,SAC,5,1715,Jason Williams,1610612758.0,Sacramento,Kings,SAC,0,0,,,,,,0
0029900586,163,8,0,2,12:48 PM,7:43,,,SUB: Webber FOR Divac,,,5,124,Vlade Divac,1610612758.0,Sacramento,Kings,SAC,5,185,Chris Webber,1610612758.0,Sacramento,Kings,SAC,0,0,,,,,,0
0029900586,164,2,1,2,12:49 PM,7:30,,,MISS Webber 17' Jump Shot,,,5,185,Chris Webber,1610612758.0,Sacramento,Kings,SAC,0,0,,,,,,0,0,,,,,,0
0029900586,166,4,0,2,12:49 PM,7:28,,,Funderburke REBOUND (Off:1 Def:1),,,5,1444,Lawrence Funderburke,1610612758.0,Sacramento,Kings,SAC,0,0,,,,,,0,0,,,,,,0
0029900586,165,1,5,2,12:49 PM,7:28,,,Funderburke  Layup (2 PTS),43 - 47,4,5,1444,Lawrence Funderburke,1610612758.0,Sacramento,Kings,SAC,0,0,,,,,,0,0,,,,,,0
0029900586,167,2,1,2,12:49 PM,7:17,MISS Ellis 25' 3PT Jump Shot,,,,,4,107,Dale Ellis,1610612766.0,Charlotte,Hornets,CHH,0,0,,,,,,0,0,,,,,,0
0029900586,168,4,0,2,12:49 PM,7:16,,,Williams REBOUND (Off:0 Def:2),,,5,1715,Jason Williams,1610612758.0,Sacramento,Kings,SAC,0,0,,,,,,0,0,,,,,,0
0029900586,169,1,1,2,12:49 PM,7:13,,,Williams 25' 3PT Jump Shot (5 PTS),46 - 47,1,5,1715,Jason Williams,1610612758.0,Sacramento,Kings,SAC,0,0,,,,,,0,0,,,,,,0
0029900586,170,2,1,2,12:49 PM,6:48,MISS Campbell 7' Jump Shot,,,,,4,922,Elden Campbell,1610612766.0,Charlotte,Hornets,CHH,0,0,,,,,,0,0,,,,,,0
0029900586,171,4,0,2,12:49 PM,6:46,,,Williams REBOUND (Off:0 Def:3),,,5,1715,Jason Williams,1610612758.0,Sacramento,Kings,SAC,0,0,,,,,,0,0,,,,,,0
0029900586,172,1,6,2,12:50 PM,6:33,,,Corbin  Driving Layup (7 PTS),48 - 47,-1,5,895,Tyrone Corbin,1610612758.0,Sacramento,Kings,SAC,0,0,,,,,,0,0,,,,,,0
0029900586,173,9,1,2,12:50 PM,6:22,HORNETS Timeout: Regular (Full 2 Short 0),,,,,2,1610612740,,,,,,0,0,,,,,,0,0,,,,,,0
0029900586,174,8,0,2,12:52 PM,6:22,SUB: Mason FOR Davis,,,,,4,1729,Ricky Davis,1610612766.0,Charlotte,Hornets,CHH,4,193,Anthony Mason,1610612766.0,Charlotte,Hornets,CHH,0,0,,,,,,0
0029900586,175,8,0,2,12:52 PM,6:22,SUB: Jones FOR Ellis,,,,,4,107,Dale Ellis,1610612766.0,Charlotte,Hornets,CHH,4,224,Eddie Jones,1610612766.0,Charlotte,Hornets,CHH,0,0,,,,,,0
0029900586,176,8,0,2,12:52 PM,6:22,SUB: Coleman FOR Miller,,,,,4,1802,Brad Miller,1610612766.0,Charlotte,Hornets,CHH,4,934,Derrick Coleman,1610612766.0,Charlotte,Hornets,CHH,0,0,,,,,,0
0029900586,177,6,2,2,12:52 PM,6:10,,,Webber S.FOUL (P1.T4),,,5,185,Chris Webber,1610612758.0,Sacramento,Kings,SAC,0,0,,,,,,1,0,,,,,,0
0029900586,178,3,11,2,12:53 PM,6:10,Campbell Free Throw 1 of 2 (5 PTS),,,48 - 48,TIE,4,922,Elden Campbell,1610612766.0,Charlotte,Hornets,CHH,0,0,,,,,,0,0,,,,,,0
0029900586,179,3,12,2,12:53 PM,6:10,Campbell Free Throw 2 of 2 (6 PTS),,,48 - 49,1,4,922,Elden Campbell,1610612766.0,Charlotte,Hornets,CHH,0,0,,,,,,0,0,,,,,,0
0029900586,180,1,1,2,12:53 PM,5:52,,,Corbin 21' Jump Shot (9 PTS) (Funderburke 1 AST),50 - 49,-1,5,895,Tyrone Corbin,1610612758.0,Sacramento,Kings,SAC,5,1444,Lawrence Funderburke,1610612758.0,Sacramento,Kings,SAC,0,0,,,,,,0
0029900586,181,5,2,2,12:54 PM,5:39,Coleman Lost Ball Turnover (P1.T5),,Webber STEAL (1 STL),,,4,934,Derrick Coleman,1610612766.0,Charlotte,Hornets,CHH,5,185,Chris Webber,1610612758.0,Sacramento,Kings,SAC,0,0,,,,,,0
0029900586,182,2,1,2,12:54 PM,5:32,,,MISS Corbin 25' 3PT Jump Shot,,,5,895,Tyrone Corbin,1610612758.0,Sacramento,Kings,SAC,0,0,,,,,,0,0,,,,,,0
0029900586,183,4,0,2,12:54 PM,5:29,Mason REBOUND (Off:0 Def:3),,,,,4,193,Anthony Mason,1610612766.0,Charlotte,Hornets,CHH,0,0,,,,,,0,0,,,,,,0
0029900586,184,2,1,2,12:54 PM,5:09,MISS Coleman 11' Jump Shot,,,,,4,934,Derrick Coleman,1610612766.0,Charlotte,Hornets,CHH,0,0,,,,,,0,0,,,,,,0
0029900586,185,4,0,2,12:54 PM,5:08,Campbell REBOUND (Off:2 Def:5),,,,,4,922,Elden Campbell,1610612766.0,Charlotte,Hornets,CHH,0,0,,,,,,0,0,,,,,,0
0029900586,186,1,1,2,12:54 PM,5:06,Campbell 9' Jump Shot (8 PTS),,,50 - 51,1,4,922,Elden Campbell,1610612766.0,Charlotte,Hornets,CHH,0,0,,,,,,0,0,,,,,,0
0029900586,187,5,2,2,12:54 PM,4:52,Jones STEAL (1 STL),,Barry Lost Ball Turnover (P1.T8),,,5,468,Jon Barry,1610612758.0,Sacramento,Kings,SAC,4,224,Eddie Jones,1610612766.0,Charlotte,Hornets,CHH,0,0,,,,,,0
0029900586,188,1,7,2,12:54 PM,4:45,Davis  Dunk (11 PTS) (Jones 4 AST),,,50 - 53,3,4,1884,Baron Davis,1610612766.0,Charlotte,Hornets,CHH,4,224,Eddie Jones,1610612766.0,Charlotte,Hornets,CHH,0,0,,,,,,0
0029900586,189,2,1,2,12:55 PM,4:37,,,MISS Webber 26' 3PT Jump Shot,,,5,185,Chris Webber,1610612758.0,Sacramento,Kings,SAC,0,0,,,,,,0,0,,,,,,0
0029900586,190,4,0,2,12:55 PM,4:34,Coleman REBOUND (Off:0 Def:2),,,,,4,934,Derrick Coleman,1610612766.0,Charlotte,Hornets,CHH,0,0,,,,,,0,0,,,,,,0
0029900586,191,6,2,2,12:55 PM,4:26,,,Barry S.FOUL (P2.PN),,,5,468,Jon Barry,1610612758.0,Sacramento,Kings,SAC,0,0,,,,,,1,0,,,,,,0
0029900586,192,8,0,2,12:55 PM,4:26,,,SUB: Divac FOR Funderburke,,,5,1444,Lawrence Funderburke,1610612758.0,Sacramento,Kings,SAC,5,124,Vlade Divac,1610612758.0,Sacramento,Kings,SAC,0,0,,,,,,0
0029900586,193,8,0,2,12:55 PM,4:26,,,SUB: Anderson FOR Barry,,,5,468,Jon Barry,1610612758.0,Sacramento,Kings,SAC,5,98,Nick Anderson,1610612758.0,Sacramento,Kings,SAC,0,0,,,,,,0
0029900586,194,3,11,2,12:55 PM,4:26,Campbell Free Throw 1 of 2 (9 PTS),,,50 - 54,4,4,922,Elden Campbell,1610612766.0,Charlotte,Hornets,CHH,0,0,,,,,,0,0,,,,,,0
0029900586,195,3,12,2,12:55 PM,4:26,Campbell Free Throw 2 of 2 (10 PTS),,,50 - 55,5,4,922,Elden Campbell,1610612766.0,Charlotte,Hornets,CHH,0,0,,,,,,0,0,,,,,,0
0029900586,196,2,1,2,12:56 PM,4:11,,,MISS Corbin 15' Jump Shot,,,5,895,Tyrone Corbin,1610612758.0,Sacramento,Kings,SAC,0,0,,,,,,0,0,,,,,,0
0029900586,197,4,0,2,12:56 PM,4:10,,,Kings Rebound,,,3,1610612758,,,,,,0,0,,,,,,0,0,,,,,,0
0029900586,198,8,0,2,12:56 PM,4:10,,,SUB: Williamson FOR Corbin,,,5,895,Tyrone Corbin,1610612758.0,Sacramento,Kings,SAC,5,722,Corliss Williamson,1610612758.0,Sacramento,Kings,SAC,0,0,,,,,,0
0029900586,199,8,0,2,12:56 PM,4:10,SUB: Wesley FOR Davis,,,,,4,1884,Baron Davis,1610612766.0,Charlotte,Hornets,CHH,4,133,David Wesley,1610612766.0,Charlotte,Hornets,CHH,0,0,,,,,,0
0029900586,200,1,1,2,12:56 PM,4:05,,,Williams 17' Jump Shot (7 PTS) (Williamson 2 AST),52 - 55,3,5,1715,Jason Williams,1610612758.0,Sacramento,Kings,SAC,5,722,Corliss Williamson,1610612758.0,Sacramento,Kings,SAC,0,0,,,,,,0
0029900586,201,9,2,2,12:57 PM,3:48,HORNETS Timeout: Short (Full 2 Short 1),,,,,2,1610612740,,,,,,0,0,,,,,,0,0,,,,,,0
0029900586,202,2,1,2,12:58 PM,3:43,MISS Campbell 11' Jump Shot,,,,,4,922,Elden Campbell,1610612766.0,Charlotte,Hornets,CHH,0,0,,,,,,0,0,,,,,,0
0029900586,203,4,0,2,12:58 PM,3:41,Coleman REBOUND (Off:1 Def:2),,,,,4,934,Derrick Coleman,1610612766.0,Charlotte,Hornets,CHH,0,0,,,,,,0,0,,,,,,0
0029900586,204,5,11,2,12:58 PM,3:41,HORNETS Turnover: Shot Clock (T#6),,,,,2,1610612740,,,,,,0,0,,,,,,0,0,,,,,,0
0029900586,205,2,1,2,12:58 PM,3:25,,,MISS Williams 24' 3PT Jump Shot,,,5,1715,Jason Williams,1610612758.0,Sacramento,Kings,SAC,0,0,,,,,,0,0,,,,,,0
0029900586,206,4,0,2,12:58 PM,3:24,Mason REBOUND (Off:0 Def:4),,,,,4,193,Anthony Mason,1610612766.0,Charlotte,Hornets,CHH,0,0,,,,,,0,0,,,,,,0
0029900586,207,2,1,2,12:58 PM,3:09,MISS Jones 12' Jump Shot,,,,,4,224,Eddie Jones,1610612766.0,Charlotte,Hornets,CHH,0,0,,,,,,0,0,,,,,,0
0029900586,208,4,0,2,12:58 PM,3:06,,,Divac REBOUND (Off:0 Def:4),,,5,124,Vlade Divac,1610612758.0,Sacramento,Kings,SAC,0,0,,,,,,0,0,,,,,,0
0029900586,209,6,4,2,12:59 PM,2:54,,,Webber OFF.Foul (P2),,,5,185,Chris Webber,1610612758.0,Sacramento,Kings,SAC,4,224,Eddie Jones,1610612766.0,Charlotte,Hornets,CHH,1,0,,,,,,0
0029900586,210,5,5,2,12:59 PM,2:54,,,Webber Foul Turnover (P1.T9),,,5,185,Chris Webber,1610612758.0,Sacramento,Kings,SAC,0,0,,,,,,0,0,,,,,,0
0029900586,211,9,4,2,12:59 PM,2:54,,,,,,1,0,,,,,,0,0,,,,,,0,0,,,,,,0
0029900586,213,2,1,2,1:01 PM,2:43,MISS Coleman 12' Jump Shot,,Webber BLOCK (1 BLK),,,4,934,Derrick Coleman,1610612766.0,Charlotte,Hornets,CHH,0,0,,,,,,5,185,Chris Webber,1610612758.0,Sacramento,Kings,SAC,0
0029900586,214,4,0,2,1:01 PM,2:41,,,Divac REBOUND (Off:0 Def:5),,,5,124,Vlade Divac,1610612758.0,Sacramento,Kings,SAC,0,0,,,,,,0,0,,,,,,0
0029900586,215,1,5,2,1:02 PM,2:37,,,Webber  Layup (13 PTS) (Williams 6 AST),54 - 55,1,5,185,Chris Webber,1610612758.0,Sacramento,Kings,SAC,5,1715,Jason Williams,1610612758.0,Sacramento,Kings,SAC,0,0,,,,,,0
0029900586,217,1,6,2,1:02 PM,2:19,Campbell  Driving Layup (12 PTS),,,54 - 57,3,4,922,Elden Campbell,1610612766.0,Charlotte,Hornets,CHH,0,0,,,,,,0,0,,,,,,0
0029900586,218,6,2,2,1:02 PM,2:19,,,Williamson S.FOUL (P3.PN),,,5,722,Corliss Williamson,1610612758.0,Sacramento,Kings,SAC,0,0,,,,,,0,0,,,,,,0
0029900586,219,8,0,2,1:02 PM,2:19,,,SUB: Corbin FOR Williamson,,,5,722,Corliss Williamson,1610612758.0,Sacramento,Kings,SAC,5,895,Tyrone Corbin,1610612758.0,Sacramento,Kings,SAC,0,0,,,,,,0
0029900586,220,3,10,2,1:02 PM,2:19,MISS Campbell Free Throw 1 of 1,,,,,4,922,Elden Campbell,1610612766.0,Charlotte,Hornets,CHH,0,0,,,,,,0,0,,,,,,0
0029900586,221,4,0,2,1:02 PM,2:17,,,Webber REBOUND (Off:0 Def:3),,,5,185,Chris Webber,1610612758.0,Sacramento,Kings,SAC,0,0,,,,,,0,0,,,,,,0
0029900586,222,1,1,2,1:03 PM,2:09,,,Anderson 20' Jump Shot (14 PTS) (Divac 3 AST),56 - 57,1,5,98,Nick Anderson,1610612758.0,Sacramento,Kings,SAC,5,124,Vlade Divac,1610612758.0,Sacramento,Kings,SAC,0,0,,,,,,0
0029900586,223,5,1,2,1:03 PM,1:56,Mason Bad Pass Turnover (P3.T7),,Corbin STEAL (1 STL),,,4,193,Anthony Mason,1610612766.0,Charlotte,Hornets,CHH,5,895,Tyrone Corbin,1610612758.0,Sacramento,Kings,SAC,0,0,,,,,,0
0029900586,224,1,6,2,1:03 PM,1:39,,,Anderson  Driving Layup (16 PTS),58 - 57,-1,5,98,Nick Anderson,1610612758.0,Sacramento,Kings,SAC,0,0,,,,,,0,0,,,,,,0
0029900586,225,6,2,2,1:03 PM,1:39,Mason S.FOUL (P1.T3),,,,,4,193,Anthony Mason,1610612766.0,Charlotte,Hornets,CHH,0,0,,,,,,1,0,,,,,,0
0029900586,226,3,10,2,1:04 PM,1:39,,,Anderson Free Throw 1 of 1 (17 PTS),59 - 57,-2,5,98,Nick Anderson,1610612758.0,Sacramento,Kings,SAC,0,0,,,,,,0,0,,,,,,0
0029900586,227,2,1,2,1:04 PM,1:25,MISS Campbell 10' Jump Shot,,,,,4,922,Elden Campbell,1610612766.0,Charlotte,Hornets,CHH,0,0,,,,,,0,0,,,,,,0
0029900586,228,4,0,2,1:04 PM,1:24,,,Divac REBOUND (Off:0 Def:6),,,5,124,Vlade Divac,1610612758.0,Sacramento,Kings,SAC,0,0,,,,,,0,0,,,,,,0
0029900586,229,6,2,2,1:04 PM,1:21,Coleman S.FOUL (P2.PN),,,,,4,934,Derrick Coleman,1610612766.0,Charlotte,Hornets,CHH,0,0,,,,,,1,0,,,,,,0
0029900586,230,3,11,2,1:04 PM,1:21,,,MISS Webber Free Throw 1 of 2,,,5,185,Chris Webber,1610612758.0,Sacramento,Kings,SAC,0,0,,,,,,0,0,,,,,,0
0029900586,231,4,1,2,1:04 PM,1:21,,,Kings Rebound,,,3,1610612758,,,,,,0,0,,,,,,0,0,,,,,,0
0029900586,232,8,0,2,1:05 PM,1:21,SUB: Miller FOR Coleman,,,,,4,934,Derrick Coleman,1610612766.0,Charlotte,Hornets,CHH,4,1802,Brad Miller,1610612766.0,Charlotte,Hornets,CHH,0,0,,,,,,0
0029900586,233,8,0,2,1:05 PM,1:21,SUB: Davis FOR Jones,,,,,4,224,Eddie Jones,1610612766.0,Charlotte,Hornets,CHH,4,1729,Ricky Davis,1610612766.0,Charlotte,Hornets,CHH,0,0,,,,,,0
0029900586,234,3,12,2,1:05 PM,1:21,,,Webber Free Throw 2 of 2 (14 PTS),60 - 57,-3,5,185,Chris Webber,1610612758.0,Sacramento,Kings,SAC,0,0,,,,,,0,0,,,,,,0
0029900586,235,1,1,2,1:05 PM,1:11,Wesley 13' Jump Shot (6 PTS),,,60 - 59,-1,4,133,David Wesley,1610612766.0,Charlotte,Hornets,CHH,0,0,,,,,,0,0,,,,,,0
0029900586,236,2,1,2,1:05 PM,0:59,,,MISS Anderson 9' Jump Shot,,,5,98,Nick Anderson,1610612758.0,Sacramento,Kings,SAC,0,0,,,,,,0,0,,,,,,0
0029900586,237,4,0,2,1:06 PM,0:58,Mason REBOUND (Off:0 Def:5),,,,,4,193,Anthony Mason,1610612766.0,Charlotte,Hornets,CHH,0,0,,,,,,0,0,,,,,,0
0029900586,238,2,1,2,1:06 PM,0:46,MISS Davis 18' Jump Shot,,,,,4,1729,Ricky Davis,1610612766.0,Charlotte,Hornets,CHH,0,0,,,,,,0,0,,,,,,0
0029900586,239,4,0,2,1:06 PM,0:43,Miller REBOUND (Off:1 Def:1),,,,,4,1802,Brad Miller,1610612766.0,Charlotte,Hornets,CHH,0,0,,,,,,0,0,,,,,,0
0029900586,240,2,5,2,1:06 PM,0:42,MISS Miller  Layup,,,,,4,1802,Brad Miller,1610612766.0,Charlotte,Hornets,CHH,0,0,,,,,,0,0,,,,,,0
0029900586,241,4,0,2,1:06 PM,0:40,,,Divac REBOUND (Off:0 Def:7),,,5,124,Vlade Divac,1610612758.0,Sacramento,Kings,SAC,0,0,,,,,,0,0,,,,,,0
0029900586,242,2,5,2,1:06 PM,0:34,,,MISS Webber  Layup,,,5,185,Chris Webber,1610612758.0,Sacramento,Kings,SAC,0,0,,,,,,0,0,,,,,,0
0029900586,243,4,0,2,1:06 PM,0:33,Campbell REBOUND (Off:2 Def:6),,,,,4,922,Elden Campbell,1610612766.0,Charlotte,Hornets,CHH,0,0,,,,,,0,0,,,,,,0
0029900586,244,2,1,2,1:06 PM,0:28,MISS Davis 13' Jump Shot,,,,,4,1729,Ricky Davis,1610612766.0,Charlotte,Hornets,CHH,0,0,,,,,,0,0,,,,,,0
0029900586,245,4,0,2,1:06 PM,0:27,,,Kings Rebound,,,3,1610612758,,,,,,0,0,,,,,,0,0,,,,,,0
0029900586,246,6,3,2,1:06 PM,0:27,Mason L.B.FOUL (P2.PN),,,,,4,193,Anthony Mason,1610612766.0,Charlotte,Hornets,CHH,0,0,,,,,,1,0,,,,,,0
0029900586,247,3,11,2,1:06 PM,0:27,,,Divac Free Throw 1 of 2 (3 PTS),61 - 59,-2,5,124,Vlade Divac,1610612758.0,Sacramento,Kings,SAC,0,0,,,,,,0,0,,,,,,0
0029900586,248,3,12,2,1:07 PM,0:27,,,Divac Free Throw 2 of 2 (4 PTS),62 - 59,-3,5,124,Vlade Divac,1610612758.0,Sacramento,Kings,SAC,0,0,,,,,,0,0,,,,,,0
0029900586,249,2,1,2,1:07 PM,0:04,MISS Davis 17' Jump Shot,,,,,4,1729,Ricky Davis,1610612766.0,Charlotte,Hornets,CHH,0,0,,,,,,0,0,,,,,,0
0029900586,250,10,0,2,1:07 PM,0:04,Jump Ball Miller vs. Webber: Tip to,,,,,4,1802,Brad Miller,1610612766.0,Charlotte,Hornets,CHH,5,185,Chris Webber,1610612758.0,Sacramento,Kings,SAC,3,1610612758,,,,,,0
0029900586,251,4,0,2,1:07 PM,0:04,HORNETS Rebound,,,,,2,1610612740,,,,,,0,0,,,,,,0,0,,,,,,0
0029900586,252,9,2,2,1:08 PM,0:02,,,Kings Timeout: Short (Reg.2 Short 1),,,3,1610612758,,,,,,0,0,,,,,,0,0,,,,,,0
0029900586,253,13,0,2,1:09 PM,0:00,,,,62 - 59,-3,0,0,,,,,,0,0,,,,,,0,0,,,,,,0
0029900586,256,12,0,3,1:28 PM,12:00,,,,62 - 59,-3,0,0,,,,,,0,0,,,,,,0,0,,,,,,0
0029900586,257,2,6,3,1:28 PM,11:47,MISS Jones  Driving Layup,,Divac BLOCK (2 BLK),,,4,224,Eddie Jones,1610612766.0,Charlotte,Hornets,CHH,0,0,,,,,,5,124,Vlade Divac,1610612758.0,Sacramento,Kings,SAC,0
0029900586,258,4,0,3,1:28 PM,11:44,,,Divac REBOUND (Off:0 Def:8),,,5,124,Vlade Divac,1610612758.0,Sacramento,Kings,SAC,0,0,,,,,,0,0,,,,,,0
0029900586,259,2,1,3,1:28 PM,11:37,,,MISS Anderson 10' Jump Shot,,,5,98,Nick Anderson,1610612758.0,Sacramento,Kings,SAC,0,0,,,,,,0,0,,,,,,0
0029900586,260,4,0,3,1:28 PM,11:36,Coleman REBOUND (Off:1 Def:3),,,,,4,934,Derrick Coleman,1610612766.0,Charlotte,Hornets,CHH,0,0,,,,,,0,0,,,,,,0
0029900586,261,5,1,3,1:29 PM,11:12,Coleman Bad Pass Turnover (P2.T8),,Divac STEAL (1 STL),,,4,934,Derrick Coleman,1610612766.0,Charlotte,Hornets,CHH,5,124,Vlade Divac,1610612758.0,Sacramento,Kings,SAC,0,0,,,,,,0
0029900586,262,1,1,3,1:29 PM,11:09,,,Williams 26' 3PT Jump Shot (10 PTS) (Divac 4 AST),65 - 59,-6,5,1715,Jason Williams,1610612758.0,Sacramento,Kings,SAC,5,124,Vlade Divac,1610612758.0,Sacramento,Kings,SAC,0,0,,,,,,0
0029900586,263,5,2,3,1:29 PM,10:48,Coleman Lost Ball Turnover (P3.T9),,Williams STEAL (1 STL),,,4,934,Derrick Coleman,1610612766.0,Charlotte,Hornets,CHH,5,1715,Jason Williams,1610612758.0,Sacramento,Kings,SAC,0,0,,,,,,0
0029900586,264,1,7,3,1:29 PM,10:43,,,Webber  Dunk (16 PTS) (Anderson 3 AST),67 - 59,-8,5,185,Chris Webber,1610612758.0,Sacramento,Kings,SAC,5,98,Nick Anderson,1610612758.0,Sacramento,Kings,SAC,0,0,,,,,,0
0029900586,265,9,2,3,1:29 PM,10:41,HORNETS Timeout: Short (Full 2 Short 2),,,,,2,1610612740,,,,,,0,0,,,,,,0,0,,,,,,0
0029900586,266,5,1,3,1:30 PM,10:21,Mason Bad Pass Turnover (P4.T10),,Williams STEAL (2 STL),,,4,193,Anthony Mason,1610612766.0,Charlotte,Hornets,CHH,5,1715,Jason Williams,1610612758.0,Sacramento,Kings,SAC,0,0,,,,,,0
0029900586,267,6,4,3,1:30 PM,10:16,,,Williamson OFF.Foul (P4),,,5,722,Corliss Williamson,1610612758.0,Sacramento,Kings,SAC,4,224,Eddie Jones,1610612766.0,Charlotte,Hornets,CHH,1,0,,,,,,0
0029900586,268,5,5,3,1:30 PM,10:16,,,Williamson Foul Turnover (P1.T10),,,5,722,Corliss Williamson,1610612758.0,Sacramento,Kings,SAC,0,0,,,,,,0,0,,,,,,0
0029900586,269,2,1,3,1:31 PM,10:07,MISS Jones 6' Jump Shot,,,,,4,224,Eddie Jones,1610612766.0,Charlotte,Hornets,CHH,0,0,,,,,,0,0,,,,,,0
0029900586,270,4,0,3,1:31 PM,10:06,,,Divac REBOUND (Off:0 Def:9),,,5,124,Vlade Divac,1610612758.0,Sacramento,Kings,SAC,0,0,,,,,,0,0,,,,,,0
0029900586,271,5,2,3,1:31 PM,9:55,,,Anderson Lost Ball Turnover (P3.T11),,,5,98,Nick Anderson,1610612758.0,Sacramento,Kings,SAC,0,0,,,,,,0,0,,,,,,0
0029900586,272,2,1,3,1:31 PM,9:49,MISS Jones 21' Jump Shot,,,,,4,224,Eddie Jones,1610612766.0,Charlotte,Hornets,CHH,0,0,,,,,,0,0,,,,,,0
0029900586,273,4,0,3,1:31 PM,9:47,,,Webber REBOUND (Off:0 Def:4),,,5,185,Chris Webber,1610612758.0,Sacramento,Kings,SAC,0,0,,,,,,0,0,,,,,,0
0029900586,274,2,1,3,1:31 PM,9:43,,,MISS Williams 25' 3PT Jump Shot,,,5,1715,Jason Williams,1610612758.0,Sacramento,Kings,SAC,0,0,,,,,,0,0,,,,,,0
0029900586,275,4,0,3,1:31 PM,9:40,Jones REBOUND (Off:0 Def:4),,,,,4,224,Eddie Jones,1610612766.0,Charlotte,Hornets,CHH,0,0,,,,,,0,0,,,,,,0
0029900586,276,1,7,3,1:31 PM,9:36,Coleman  Dunk (15 PTS) (Jones 5 AST),,,67 - 61,-6,4,934,Derrick Coleman,1610612766.0,Charlotte,Hornets,CHH,4,224,Eddie Jones,1610612766.0,Charlotte,Hornets,CHH,0,0,,,,,,0
0029900586,277,2,1,3,1:32 PM,9:10,Coleman BLOCK (1 BLK),,MISS Divac 16' Jump Shot,,,5,124,Vlade Divac,1610612758.0,Sacramento,Kings,SAC,0,0,,,,,,4,934,Derrick Coleman,1610612766.0,Charlotte,Hornets,CHH,0
0029900586,278,4,0,3,1:32 PM,9:07,Wesley REBOUND (Off:0 Def:2),,,,,4,133,David Wesley,1610612766.0,Charlotte,Hornets,CHH,0,0,,,,,,0,0,,,,,,0
0029900586,279,1,1,3,1:32 PM,8:55,Coleman 13' Jump Shot (17 PTS) (Jones 6 AST),,,67 - 63,-4,4,934,Derrick Coleman,1610612766.0,Charlotte,Hornets,CHH,4,224,Eddie Jones,1610612766.0,Charlotte,Hornets,CHH,0,0,,,,,,0
0029900586,280,6,2,3,1:32 PM,8:55,,,Williamson S.FOUL (P5.T1),,,5,722,Corliss Williamson,1610612758.0,Sacramento,Kings,SAC,0,0,,,,,,1,0,,,,,,0
0029900586,281,8,0,3,1:32 PM,8:55,,,SUB: Corbin FOR Williamson,,,5,722,Corliss Williamson,1610612758.0,Sacramento,Kings,SAC,5,895,Tyrone Corbin,1610612758.0,Sacramento,Kings,SAC,0,0,,,,,,0
0029900586,282,3,10,3,1:32 PM,8:55,Coleman Free Throw 1 of 1 (18 PTS),,,67 - 64,-3,4,934,Derrick Coleman,1610612766.0,Charlotte,Hornets,CHH,0,0,,,,,,0,0,,,,,,0
0029900586,283,1,1,3,1:33 PM,8:36,,,Webber 17' Jump Shot (18 PTS) (Anderson 4 AST),69 - 64,-5,5,185,Chris Webber,1610612758.0,Sacramento,Kings,SAC,5,98,Nick Anderson,1610612758.0,Sacramento,Kings,SAC,0,0,,,,,,0
0029900586,284,2,1,3,1:33 PM,8:14,MISS Coleman 18' Jump Shot,,,,,4,934,Derrick Coleman,1610612766.0,Charlotte,Hornets,CHH,0,0,,,,,,0,0,,,,,,0
0029900586,285,4,0,3,1:33 PM,8:14,,,Kings Rebound,,,3,1610612758,,,,,,0,0,,,,,,0,0,,,,,,0
0029900586,286,5,2,3,1:34 PM,8:04,Wesley STEAL (3 STL),,Divac Lost Ball Turnover (P2.T12),,,5,124,Vlade Divac,1610612758.0,Sacramento,Kings,SAC,4,133,David Wesley,1610612766.0,Charlotte,Hornets,CHH,0,0,,,,,,0
0029900586,287,1,6,3,1:34 PM,7:59,Wesley  Driving Layup (8 PTS),,,69 - 66,-3,4,133,David Wesley,1610612766.0,Charlotte,Hornets,CHH,0,0,,,,,,0,0,,,,,,0
0029900586,288,2,6,3,1:34 PM,7:48,Coleman BLOCK (2 BLK),,MISS Williams  Driving Layup,,,5,1715,Jason Williams,1610612758.0,Sacramento,Kings,SAC,0,0,,,,,,4,934,Derrick Coleman,1610612766.0,Charlotte,Hornets,CHH,0
0029900586,289,4,0,3,1:34 PM,7:45,Wesley REBOUND (Off:0 Def:3),,,,,4,133,David Wesley,1610612766.0,Charlotte,Hornets,CHH,0,0,,,,,,0,0,,,,,,0
0029900586,290,2,1,3,1:34 PM,7:40,MISS Wesley 24' 3PT Jump Shot,,,,,4,133,David Wesley,1610612766.0,Charlotte,Hornets,CHH,0,0,,,,,,0,0,,,,,,0
0029900586,291,4,0,3,1:34 PM,7:38,,,Webber REBOUND (Off:0 Def:5),,,5,185,Chris Webber,1610612758.0,Sacramento,Kings,SAC,0,0,,,,,,0,0,,,,,,0
0029900586,292,1,1,3,1:34 PM,7:25,,,Webber 17' Jump Shot (20 PTS) (Williams 7 AST),71 - 66,-5,5,185,Chris Webber,1610612758.0,Sacramento,Kings,SAC,5,1715,Jason Williams,1610612758.0,Sacramento,Kings,SAC,0,0,,,,,,0
0029900586,293,2,1,3,1:35 PM,7:01,MISS Campbell 15' Jump Shot,,,,,4,922,Elden Campbell,1610612766.0,Charlotte,Hornets,CHH,0,0,,,,,,0,0,,,,,,0
0029900586,295,4,0,3,1:35 PM,6:59,Coleman REBOUND (Off:2 Def:3),,,,,4,934,Derrick Coleman,1610612766.0,Charlotte,Hornets,CHH,0,0,,,,,,0,0,,,,,,0
0029900586,294,2,5,3,1:35 PM,6:59,MISS Coleman  Layup,,Divac BLOCK (3 BLK),,,4,934,Derrick Coleman,1610612766.0,Charlotte,Hornets,CHH,0,0,,,,,,5,124,Vlade Divac,1610612758.0,Sacramento,Kings,SAC,0
0029900586,296,4,0,3,1:35 PM,6:58,Coleman REBOUND (Off:3 Def:3),,,,,4,934,Derrick Coleman,1610612766.0,Charlotte,Hornets,CHH,0,0,,,,,,0,0,,,,,,0
0029900586,297,6,1,3,1:35 PM,6:58,,,Webber P.FOUL (P3.T2),,,5,185,Chris Webber,1610612758.0,Sacramento,Kings,SAC,0,0,,,,,,1,0,,,,,,0
0029900586,298,9,1,3,1:35 PM,6:58,HORNETS Timeout: Regular (Full 3 Short 2),,,,,2,1610612740,,,,,,0,0,,,,,,0,0,,,,,,0
0029900586,300,8,0,3,1:37 PM,6:58,SUB: Ellis FOR Mason,,,,,4,193,Anthony Mason,1610612766.0,Charlotte,Hornets,CHH,4,107,Dale Ellis,1610612766.0,Charlotte,Hornets,CHH,0,0,,,,,,0
0029900586,301,1,1,3,1:38 PM,6:46,Wesley 26' 3PT Jump Shot (11 PTS) (Campbell 2 AST),,,71 - 69,-2,4,133,David Wesley,1610612766.0,Charlotte,Hornets,CHH,4,922,Elden Campbell,1610612766.0,Charlotte,Hornets,CHH,0,0,,,,,,0
0029900586,302,6,1,3,1:38 PM,6:32,Ellis P.FOUL (P1.T1),,,,,4,107,Dale Ellis,1610612766.0,Charlotte,Hornets,CHH,0,0,,,,,,1,0,,,,,,0
0029900586,303,2,1,3,1:38 PM,6:19,,,MISS Williams 27' 3PT Jump Shot,,,5,1715,Jason Williams,1610612758.0,Sacramento,Kings,SAC,0,0,,,,,,0,0,,,,,,0
0029900586,304,4,0,3,1:38 PM,6:17,Campbell REBOUND (Off:2 Def:7),,,,,4,922,Elden Campbell,1610612766.0,Charlotte,Hornets,CHH,0,0,,,,,,0,0,,,,,,0
0029900586,305,6,4,3,1:39 PM,5:58,Campbell OFF.Foul (P1),,,,,4,922,Elden Campbell,1610612766.0,Charlotte,Hornets,CHH,5,1715,Jason Williams,1610612758.0,Sacramento,Kings,SAC,1,0,,,,,,0
0029900586,306,5,5,3,1:39 PM,5:58,Campbell Foul Turnover (P2.T11),,,,,4,922,Elden Campbell,1610612766.0,Charlotte,Hornets,CHH,0,0,,,,,,0,0,,,,,,0
0029900586,307,5,1,3,1:39 PM,5:57,,,Williams Bad Pass Turnover (P3.T13),,,5,1715,Jason Williams,1610612758.0,Sacramento,Kings,SAC,0,0,,,,,,0,0,,,,,,0
0029900586,308,5,2,3,1:40 PM,5:44,Coleman Lost Ball Turnover (P4.T12),,Williams STEAL (3 STL),,,4,934,Derrick Coleman,1610612766.0,Charlotte,Hornets,CHH,5,1715,Jason Williams,1610612758.0,Sacramento,Kings,SAC,0,0,,,,,,0
0029900586,309,1,7,3,1:40 PM,5:39,,,Divac  Dunk (6 PTS) (Williams 8 AST),73 - 69,-4,5,124,Vlade Divac,1610612758.0,Sacramento,Kings,SAC,5,1715,Jason Williams,1610612758.0,Sacramento,Kings,SAC,0,0,,,,,,0
0029900586,310,2,1,3,1:40 PM,5:21,MISS Ellis  3PT Jump Shot,,,,,4,107,Dale Ellis,1610612766.0,Charlotte,Hornets,CHH,0,0,,,,,,0,0,,,,,,0
0029900586,311,4,0,3,1:40 PM,5:19,,,Divac REBOUND (Off:0 Def:10),,,5,124,Vlade Divac,1610612758.0,Sacramento,Kings,SAC,0,0,,,,,,0,0,,,,,,0
0029900586,312,2,5,3,1:40 PM,5:10,Coleman BLOCK (3 BLK),,MISS Anderson  Layup,,,5,98,Nick Anderson,1610612758.0,Sacramento,Kings,SAC,0,0,,,,,,4,934,Derrick Coleman,1610612766.0,Charlotte,Hornets,CHH,0
0029900586,313,4,0,3,1:40 PM,5:07,Jones REBOUND (Off:0 Def:5),,,,,4,224,Eddie Jones,1610612766.0,Charlotte,Hornets,CHH,0,0,,,,,,0,0,,,,,,0
0029900586,314,1,1,3,1:40 PM,5:02,Wesley 26' 3PT Jump Shot (14 PTS) (Jones 7 AST),,,73 - 72,-1,4,133,David Wesley,1610612766.0,Charlotte,Hornets,CHH,4,224,Eddie Jones,1610612766.0,Charlotte,Hornets,CHH,0,0,,,,,,0
0029900586,315,2,1,3,1:41 PM,4:40,,,MISS Webber 15' Jump Shot,,,5,185,Chris Webber,1610612758.0,Sacramento,Kings,SAC,0,0,,,,,,0,0,,,,,,0
0029900586,316,4,0,3,1:41 PM,4:38,Campbell REBOUND (Off:2 Def:8),,,,,4,922,Elden Campbell,1610612766.0,Charlotte,Hornets,CHH,0,0,,,,,,0,0,,,,,,0
0029900586,317,2,1,3,1:41 PM,4:28,MISS Wesley 25' 3PT Jump Shot,,,,,4,133,David Wesley,1610612766.0,Charlotte,Hornets,CHH,0,0,,,,,,0,0,,,,,,0
0029900586,318,4,0,3,1:41 PM,4:26,,,Webber REBOUND (Off:0 Def:6),,,5,185,Chris Webber,1610612758.0,Sacramento,Kings,SAC,0,0,,,,,,0,0,,,,,,0
0029900586,319,1,1,3,1:42 PM,4:16,,,Anderson 6' Jump Shot (19 PTS) (Divac 5 AST),75 - 72,-3,5,98,Nick Anderson,1610612758.0,Sacramento,Kings,SAC,5,124,Vlade Divac,1610612758.0,Sacramento,Kings,SAC,0,0,,,,,,0
0029900586,320,6,2,3,1:42 PM,4:16,Coleman S.FOUL (P3.T2),,,,,4,934,Derrick Coleman,1610612766.0,Charlotte,Hornets,CHH,0,0,,,,,,1,0,,,,,,0
0029900586,321,3,10,3,1:42 PM,4:16,,,Anderson Free Throw 1 of 1 (20 PTS),76 - 72,-4,5,98,Nick Anderson,1610612758.0,Sacramento,Kings,SAC,0,0,,,,,,0,0,,,,,,0
0029900586,322,5,2,3,1:42 PM,4:02,Jones Lost Ball Turnover (P1.T13),,,,,4,224,Eddie Jones,1610612766.0,Charlotte,Hornets,CHH,0,0,,,,,,0,0,,,,,,0
0029900586,323,5,2,3,1:43 PM,3:43,Coleman STEAL (1 STL),,Anderson Lost Ball Turnover (P4.T14),,,5,98,Nick Anderson,1610612758.0,Sacramento,Kings,SAC,4,934,Derrick Coleman,1610612766.0,Charlotte,Hornets,CHH,0,0,,,,,,0
0029900586,324,2,1,3,1:43 PM,3:33,MISS Jones 12' Jump Shot,,,,,4,224,Eddie Jones,1610612766.0,Charlotte,Hornets,CHH,0,0,,,,,,0,0,,,,,,0
0029900586,325,4,0,3,1:43 PM,3:31,Campbell REBOUND (Off:3 Def:8),,,,,4,922,Elden Campbell,1610612766.0,Charlotte,Hornets,CHH,0,0,,,,,,0,0,,,,,,0
0029900586,326,6,1,3,1:43 PM,3:27,,,Webber P.FOUL (P4.T3),,,5,185,Chris Webber,1610612758.0,Sacramento,Kings,SAC,0,0,,,,,,1,0,,,,,,0
0029900586,327,9,1,3,1:43 PM,3:27,,,Kings Timeout: Regular (Reg.3 Short 1),,,3,1610612758,,,,,,0,0,,,,,,0,0,,,,,,0
0029900586,329,8,0,3,1:46 PM,3:27,,,SUB: Pollard FOR Webber,,,5,185,Chris Webber,1610612758.0,Sacramento,Kings,SAC,5,1513,Scot Pollard,1610612758.0,Sacramento,Kings,SAC,0,0,,,,,,0
0029900586,330,8,0,3,1:46 PM,3:27,SUB: Miller FOR Campbell,,,,,4,922,Elden Campbell,1610612766.0,Charlotte,Hornets,CHH,4,1802,Brad Miller,1610612766.0,Charlotte,Hornets,CHH,0,0,,,,,,0
0029900586,331,2,1,3,1:46 PM,3:19,MISS Coleman 11' Jump Shot,,,,,4,934,Derrick Coleman,1610612766.0,Charlotte,Hornets,CHH,0,0,,,,,,0,0,,,,,,0
0029900586,332,4,0,3,1:46 PM,3:17,,,Corbin REBOUND (Off:0 Def:3),,,5,895,Tyrone Corbin,1610612758.0,Sacramento,Kings,SAC,0,0,,,,,,0,0,,,,,,0
0029900586,333,2,5,3,1:46 PM,3:02,Coleman BLOCK (4 BLK),,MISS Pollard  Layup,,,5,1513,Scot Pollard,1610612758.0,Sacramento,Kings,SAC,0,0,,,,,,4,934,Derrick Coleman,1610612766.0,Charlotte,Hornets,CHH,0
0029900586,335,4,0,3,1:46 PM,2:58,,,Pollard REBOUND (Off:1 Def:2),,,5,1513,Scot Pollard,1610612758.0,Sacramento,Kings,SAC,0,0,,,,,,0,0,,,,,,0
0029900586,336,5,2,3,1:46 PM,2:52,Coleman STEAL (2 STL),,Pollard Lost Ball Turnover (P2.T15),,,5,1513,Scot Pollard,1610612758.0,Sacramento,Kings,SAC,4,934,Derrick Coleman,1610612766.0,Charlotte,Hornets,CHH,0,0,,,,,,0
0029900586,337,2,1,3,1:47 PM,2:49,MISS Wesley 14' Jump Shot,,,,,4,133,David Wesley,1610612766.0,Charlotte,Hornets,CHH,0,0,,,,,,0,0,,,,,,0
0029900586,338,4,0,3,1:47 PM,2:48,,,Divac REBOUND (Off:0 Def:11),,,5,124,Vlade Divac,1610612758.0,Sacramento,Kings,SAC,0,0,,,,,,0,0,,,,,,0
0029900586,339,2,5,3,1:47 PM,2:44,,,MISS Corbin  Layup,,,5,895,Tyrone Corbin,1610612758.0,Sacramento,Kings,SAC,0,0,,,,,,0,0,,,,,,0
0029900586,340,4,0,3,1:47 PM,2:42,Wesley REBOUND (Off:0 Def:4),,,,,4,133,David Wesley,1610612766.0,Charlotte,Hornets,CHH,0,0,,,,,,0,0,,,,,,0
0029900586,341,1,1,3,1:47 PM,2:31,Ellis 24' 3PT Jump Shot (6 PTS) (Coleman 3 AST),,,76 - 75,-1,4,107,Dale Ellis,1610612766.0,Charlotte,Hornets,CHH,4,934,Derrick Coleman,1610612766.0,Charlotte,Hornets,CHH,0,0,,,,,,0
0029900586,342,2,5,3,1:47 PM,2:10,Coleman BLOCK (5 BLK),,MISS Divac  Layup,,,5,124,Vlade Divac,1610612758.0,Sacramento,Kings,SAC,0,0,,,,,,4,934,Derrick Coleman,1610612766.0,Charlotte,Hornets,CHH,0
0029900586,343,4,0,3,1:47 PM,2:07,Coleman REBOUND (Off:3 Def:4),,,,,4,934,Derrick Coleman,1610612766.0,Charlotte,Hornets,CHH,0,0,,,,,,0,0,,,,,,0
0029900586,344,5,4,3,1:47 PM,2:05,Miller Traveling Turnover (P1.T14),,,,,4,1802,Brad Miller,1610612766.0,Charlotte,Hornets,CHH,0,0,,,,,,0,0,,,,,,0
0029900586,345,8,0,3,1:47 PM,2:05,SUB: Mason FOR Coleman,,,,,4,934,Derrick Coleman,1610612766.0,Charlotte,Hornets,CHH,4,193,Anthony Mason,1610612766.0,Charlotte,Hornets,CHH,0,0,,,,,,0
0029900586,346,2,1,3,1:48 PM,1:53,,,MISS Corbin 19' Jump Shot,,,5,895,Tyrone Corbin,1610612758.0,Sacramento,Kings,SAC,0,0,,,,,,0,0,,,,,,0
0029900586,347,4,0,3,1:48 PM,1:51,,,Anderson REBOUND (Off:1 Def:1),,,5,98,Nick Anderson,1610612758.0,Sacramento,Kings,SAC,0,0,,,,,,0,0,,,,,,0
0029900586,348,1,1,3,1:48 PM,1:50,,,Anderson 12' Jump Shot (22 PTS),78 - 75,-3,5,98,Nick Anderson,1610612758.0,Sacramento,Kings,SAC,0,0,,,,,,0,0,,,,,,0
0029900586,349,2,1,3,1:48 PM,1:31,MISS Jones 18' Jump Shot,,,,,4,224,Eddie Jones,1610612766.0,Charlotte,Hornets,CHH,0,0,,,,,,0,0,,,,,,0
0029900586,350,4,0,3,1:48 PM,1:31,,,Kings Rebound,,,3,1610612758,,,,,,0,0,,,,,,0,0,,,,,,0
0029900586,351,6,3,3,1:48 PM,1:31,Mason L.B.FOUL (P3.T3),,,,,4,193,Anthony Mason,1610612766.0,Charlotte,Hornets,CHH,0,0,,,,,,1,0,,,,,,0
0029900586,352,5,3,3,1:49 PM,1:13,,,Anderson Out Of Bounds Turnover (P5.T16),,,5,98,Nick Anderson,1610612758.0,Sacramento,Kings,SAC,0,0,,,,,,0,0,,,,,,0
0029900586,353,6,1,3,1:49 PM,1:07,,,Williams P.FOUL (P3.T4),,,5,1715,Jason Williams,1610612758.0,Sacramento,Kings,SAC,0,0,,,,,,1,0,,,,,,0
0029900586,354,2,1,3,1:49 PM,1:03,MISS Wesley 18' Jump Shot,,,,,4,133,David Wesley,1610612766.0,Charlotte,Hornets,CHH,0,0,,,,,,0,0,,,,,,0
0029900586,355,4,0,3,1:49 PM,1:02,,,Anderson REBOUND (Off:1 Def:2),,,5,98,Nick Anderson,1610612758.0,Sacramento,Kings,SAC,0,0,,,,,,0,0,,,,,,0
0029900586,356,1,6,3,1:50 PM,0:56,,,Anderson 6' Driving Layup (24 PTS),80 - 75,-5,5,98,Nick Anderson,1610612758.0,Sacramento,Kings,SAC,0,0,,,,,,0,0,,,,,,0
0029900586,357,2,1,3,1:50 PM,0:45,MISS Mason 12' Jump Shot,,,,,4,193,Anthony Mason,1610612766.0,Charlotte,Hornets,CHH,0,0,,,,,,0,0,,,,,,0
0029900586,358,4,0,3,1:50 PM,0:42,,,Williams REBOUND (Off:0 Def:4),,,5,1715,Jason Williams,1610612758.0,Sacramento,Kings,SAC,0,0,,,,,,0,0,,,,,,0
0029900586,359,5,1,3,1:50 PM,0:38,Mason STEAL (1 STL),,Williams Bad Pass Turnover (P4.T17),,,5,1715,Jason Williams,1610612758.0,Sacramento,Kings,SAC,4,193,Anthony Mason,1610612766.0,Charlotte,Hornets,CHH,0,0,,,,,,0
0029900586,360,5,2,3,1:50 PM,0:32,Ellis Lost Ball Turnover (P1.T15),,Divac STEAL (2 STL),,,4,107,Dale Ellis,1610612766.0,Charlotte,Hornets,CHH,5,124,Vlade Divac,1610612758.0,Sacramento,Kings,SAC,0,0,,,,,,0
0029900586,361,1,1,3,1:50 PM,0:28,,,Williams 25' 3PT Jump Shot (13 PTS) (Pollard 1 AST),83 - 75,-8,5,1715,Jason Williams,1610612758.0,Sacramento,Kings,SAC,5,1513,Scot Pollard,1610612758.0,Sacramento,Kings,SAC,0,0,,,,,,0
0029900586,362,1,1,3,1:51 PM,0:06,Wesley 9' Jump Shot (16 PTS),,,83 - 77,-6,4,133,David Wesley,1610612766.0,Charlotte,Hornets,CHH,0,0,,,,,,0,0,,,,,,0
0029900586,363,13,0,3,1:51 PM,0:00,,,,83 - 77,-6,0,0,,,,,,0,0,,,,,,0,0,,,,,,0
0029900586,365,12,0,4,1:54 PM,12:00,,,,83 - 77,-6,0,0,,,,,,0,0,,,,,,0,0,,,,,,0
0029900586,366,1,5,4,1:54 PM,11:46,,,Williams  Layup (15 PTS) (Divac 6 AST),85 - 77,-8,5,1715,Jason Williams,1610612758.0,Sacramento,Kings,SAC,5,124,Vlade Divac,1610612758.0,Sacramento,Kings,SAC,0,0,,,,,,0
0029900586,367,2,5,4,1:55 PM,11:29,MISS Jones  Layup,,Pollard BLOCK (1 BLK),,,4,224,Eddie Jones,1610612766.0,Charlotte,Hornets,CHH,0,0,,,,,,5,1513,Scot Pollard,1610612758.0,Sacramento,Kings,SAC,0
0029900586,368,4,0,4,1:55 PM,11:29,HORNETS Rebound,,,,,2,1610612740,,,,,,0,0,,,,,,0,0,,,,,,0
0029900586,369,2,1,4,1:55 PM,11:26,MISS Jones 16' Jump Shot,,,,,4,224,Eddie Jones,1610612766.0,Charlotte,Hornets,CHH,0,0,,,,,,0,0,,,,,,0
0029900586,370,4,0,4,1:55 PM,11:24,,,Divac REBOUND (Off:0 Def:12),,,5,124,Vlade Divac,1610612758.0,Sacramento,Kings,SAC,0,0,,,,,,0,0,,,,,,0
0029900586,371,6,4,4,1:55 PM,11:13,,,Corbin OFF.Foul (P1),,,5,895,Tyrone Corbin,1610612758.0,Sacramento,Kings,SAC,4,224,Eddie Jones,1610612766.0,Charlotte,Hornets,CHH,1,0,,,,,,0
0029900586,372,5,5,4,1:55 PM,11:13,,,Corbin Foul Turnover (P1.T18),,,5,895,Tyrone Corbin,1610612758.0,Sacramento,Kings,SAC,0,0,,,,,,0,0,,,,,,0
0029900586,373,1,1,4,1:55 PM,11:01,Mason 11' Jump Shot (9 PTS) (Davis 3 AST),,,85 - 79,-6,4,193,Anthony Mason,1610612766.0,Charlotte,Hornets,CHH,4,1884,Baron Davis,1610612766.0,Charlotte,Hornets,CHH,0,0,,,,,,0
0029900586,374,5,1,4,1:56 PM,10:47,Ellis STEAL (1 STL),,Corbin Bad Pass Turnover (P2.T19),,,5,895,Tyrone Corbin,1610612758.0,Sacramento,Kings,SAC,4,107,Dale Ellis,1610612766.0,Charlotte,Hornets,CHH,0,0,,,,,,0
0029900586,375,2,6,4,1:56 PM,10:40,MISS Davis  Driving Layup,,,,,4,1884,Baron Davis,1610612766.0,Charlotte,Hornets,CHH,0,0,,,,,,0,0,,,,,,0
0029900586,376,4,0,4,1:56 PM,10:37,,,Pollard REBOUND (Off:1 Def:3),,,5,1513,Scot Pollard,1610612758.0,Sacramento,Kings,SAC,0,0,,,,,,0,0,,,,,,0
0029900586,377,6,2,4,1:56 PM,10:27,Ellis S.FOUL (P2.T1),,,,,4,107,Dale Ellis,1610612766.0,Charlotte,Hornets,CHH,0,0,,,,,,1,0,,,,,,0
0029900586,378,3,13,4,1:56 PM,10:27,,,MISS Divac Free Throw 1 of 3,,,5,124,Vlade Divac,1610612758.0,Sacramento,Kings,SAC,0,0,,,,,,0,0,,,,,,0
0029900586,379,4,1,4,1:56 PM,10:27,,,Kings Rebound,,,3,1610612758,,,,,,0,0,,,,,,0,0,,,,,,0
0029900586,380,3,14,4,1:57 PM,10:27,,,Divac Free Throw 2 of 3 (7 PTS),86 - 79,-7,5,124,Vlade Divac,1610612758.0,Sacramento,Kings,SAC,0,0,,,,,,0,0,,,,,,0
0029900586,381,3,15,4,1:57 PM,10:27,,,MISS Divac Free Throw 3 of 3,,,5,124,Vlade Divac,1610612758.0,Sacramento,Kings,SAC,0,0,,,,,,0,0,,,,,,0
0029900586,382,4,0,4,1:57 PM,10:25,Mason REBOUND (Off:0 Def:6),,,,,4,193,Anthony Mason,1610612766.0,Charlotte,Hornets,CHH,0,0,,,,,,0,0,,,,,,0
0029900586,383,1,1,4,1:57 PM,10:11,Jones 15' Jump Shot (6 PTS),,,86 - 81,-5,4,224,Eddie Jones,1610612766.0,Charlotte,Hornets,CHH,0,0,,,,,,0,0,,,,,,0
0029900586,384,2,1,4,1:58 PM,9:45,,,MISS Divac 16' Jump Shot,,,5,124,Vlade Divac,1610612758.0,Sacramento,Kings,SAC,0,0,,,,,,0,0,,,,,,0
0029900586,385,4,0,4,1:58 PM,9:43,Miller REBOUND (Off:1 Def:2),,,,,4,1802,Brad Miller,1610612766.0,Charlotte,Hornets,CHH,0,0,,,,,,0,0,,,,,,0
0029900586,386,1,1,4,1:58 PM,9:35,Mason 10' Jump Shot (11 PTS),,,86 - 83,-3,4,193,Anthony Mason,1610612766.0,Charlotte,Hornets,CHH,0,0,,,,,,0,0,,,,,,0
0029900586,387,9,1,4,1:58 PM,9:26,,,Kings Timeout: Regular (Reg.4 Short 1),,,3,1610612758,,,,,,0,0,,,,,,0,0,,,,,,0
0029900586,388,8,0,4,2:00 PM,9:26,SUB: Coleman FOR Miller,,,,,4,1802,Brad Miller,1610612766.0,Charlotte,Hornets,CHH,4,934,Derrick Coleman,1610612766.0,Charlotte,Hornets,CHH,0,0,,,,,,0
0029900586,389,8,0,4,2:00 PM,9:26,,,SUB: Anderson FOR Williams,,,5,1715,Jason Williams,1610612758.0,Sacramento,Kings,SAC,5,98,Nick Anderson,1610612758.0,Sacramento,Kings,SAC,0,0,,,,,,0
0029900586,390,8,0,4,2:00 PM,9:26,,,SUB: Martin FOR Corbin,,,5,895,Tyrone Corbin,1610612758.0,Sacramento,Kings,SAC,5,239,Darrick Martin,1610612758.0,Sacramento,Kings,SAC,0,0,,,,,,0
0029900586,391,8,0,4,2:00 PM,9:26,,,SUB: Webber FOR Divac,,,5,124,Vlade Divac,1610612758.0,Sacramento,Kings,SAC,5,185,Chris Webber,1610612758.0,Sacramento,Kings,SAC,0,0,,,,,,0
0029900586,392,2,1,4,2:01 PM,9:12,,,MISS Webber 17' Jump Shot,,,5,185,Chris Webber,1610612758.0,Sacramento,Kings,SAC,0,0,,,,,,0,0,,,,,,0
0029900586,393,4,0,4,2:01 PM,9:12,HORNETS Rebound,,,,,2,1610612740,,,,,,0,0,,,,,,0,0,,,,,,0
0029900586,394,5,1,4,2:01 PM,8:52,Jones Bad Pass Turnover (P2.T16),,Anderson STEAL (2 STL),,,4,224,Eddie Jones,1610612766.0,Charlotte,Hornets,CHH,5,98,Nick Anderson,1610612758.0,Sacramento,Kings,SAC,0,0,,,,,,0
0029900586,395,1,1,4,2:01 PM,8:45,,,Barry 22' Jump Shot (3 PTS) (Webber 2 AST),88 - 83,-5,5,468,Jon Barry,1610612758.0,Sacramento,Kings,SAC,5,185,Chris Webber,1610612758.0,Sacramento,Kings,SAC,0,0,,,,,,0
0029900586,396,1,1,4,2:01 PM,8:27,Coleman 18' Jump Shot (20 PTS) (Davis 4 AST),,,88 - 85,-3,4,934,Derrick Coleman,1610612766.0,Charlotte,Hornets,CHH,4,1884,Baron Davis,1610612766.0,Charlotte,Hornets,CHH,0,0,,,,,,0
0029900586,397,6,2,4,2:02 PM,8:09,Davis S.FOUL (P2.T2),,,,,4,1884,Baron Davis,1610612766.0,Charlotte,Hornets,CHH,0,0,,,,,,1,0,,,,,,0
0029900586,398,3,11,4,2:02 PM,8:09,,,MISS Martin Free Throw 1 of 2,,,5,239,Darrick Martin,1610612758.0,Sacramento,Kings,SAC,0,0,,,,,,0,0,,,,,,0
0029900586,399,4,1,4,2:02 PM,8:09,,,Kings Rebound,,,3,1610612758,,,,,,0,0,,,,,,0,0,,,,,,0
0029900586,400,3,12,4,2:02 PM,8:09,,,Martin Free Throw 2 of 2 (5 PTS),89 - 85,-4,5,239,Darrick Martin,1610612758.0,Sacramento,Kings,SAC,0,0,,,,,,0,0,,,,,,0
0029900586,401,1,1,4,2:03 PM,7:52,Mason 13' Jump Shot (13 PTS) (Davis 5 AST),,,89 - 87,-2,4,193,Anthony Mason,1610612766.0,Charlotte,Hornets,CHH,4,1884,Baron Davis,1610612766.0,Charlotte,Hornets,CHH,0,0,,,,,,0
0029900586,402,1,1,4,2:03 PM,7:30,,,Martin 25' 3PT Jump Shot (8 PTS) (Barry 1 AST),92 - 87,-5,5,239,Darrick Martin,1610612758.0,Sacramento,Kings,SAC,5,468,Jon Barry,1610612758.0,Sacramento,Kings,SAC,0,0,,,,,,0
0029900586,403,1,1,4,2:03 PM,7:17,Jones 18' Jump Shot (8 PTS) (Coleman 4 AST),,,92 - 89,-3,4,224,Eddie Jones,1610612766.0,Charlotte,Hornets,CHH,4,934,Derrick Coleman,1610612766.0,Charlotte,Hornets,CHH,0,0,,,,,,0
0029900586,404,1,5,4,2:04 PM,6:52,,,Webber  Layup (22 PTS),94 - 89,-5,5,185,Chris Webber,1610612758.0,Sacramento,Kings,SAC,0,0,,,,,,0,0,,,,,,0
0029900586,405,2,1,4,2:04 PM,6:40,MISS Jones 25' 3PT Jump Shot,,,,,4,224,Eddie Jones,1610612766.0,Charlotte,Hornets,CHH,0,0,,,,,,0,0,,,,,,0
0029900586,406,4,0,4,2:04 PM,6:37,,,Webber REBOUND (Off:0 Def:7),,,5,185,Chris Webber,1610612758.0,Sacramento,Kings,SAC,0,0,,,,,,0,0,,,,,,0
0029900586,407,2,5,4,2:04 PM,6:30,Coleman BLOCK (6 BLK),,MISS Anderson  Layup,,,5,98,Nick Anderson,1610612758.0,Sacramento,Kings,SAC,0,0,,,,,,4,934,Derrick Coleman,1610612766.0,Charlotte,Hornets,CHH,0
0029900586,408,4,0,4,2:04 PM,6:27,Ellis REBOUND (Off:0 Def:1),,,,,4,107,Dale Ellis,1610612766.0,Charlotte,Hornets,CHH,0,0,,,,,,0,0,,,,,,0
0029900586,409,5,4,4,2:04 PM,6:23,Ellis Traveling Turnover (P2.T17),,,,,4,107,Dale Ellis,1610612766.0,Charlotte,Hornets,CHH,0,0,,,,,,0,0,,,,,,0
0029900586,410,9,4,4,2:04 PM,6:23,,,,,,1,0,,,,,,0,0,,,,,,0,0,,,,,,0
0029900586,412,8,0,4,2:07 PM,6:23,SUB: Wesley FOR Ellis,,,,,4,107,Dale Ellis,1610612766.0,Charlotte,Hornets,CHH,4,133,David Wesley,1610612766.0,Charlotte,Hornets,CHH,0,0,,,,,,0
0029900586,413,1,1,4,2:07 PM,6:03,,,Barry  3PT Jump Shot (6 PTS) (Martin 1 AST),97 - 89,-8,5,468,Jon Barry,1610612758.0,Sacramento,Kings,SAC,5,239,Darrick Martin,1610612758.0,Sacramento,Kings,SAC,0,0,,,,,,0
0029900586,414,6,4,4,2:07 PM,5:51,Wesley OFF.Foul (P1),,,,,4,133,David Wesley,1610612766.0,Charlotte,Hornets,CHH,5,185,Chris Webber,1610612758.0,Sacramento,Kings,SAC,1,0,,,,,,0
0029900586,415,5,5,4,2:07 PM,5:51,Wesley Foul Turnover (P1.T18),,,,,4,133,David Wesley,1610612766.0,Charlotte,Hornets,CHH,0,0,,,,,,0,0,,,,,,0
0029900586,416,1,1,4,2:08 PM,5:36,,,Anderson 25' 3PT Jump Shot (27 PTS) (Webber 3 AST),100 - 89,-11,5,98,Nick Anderson,1610612758.0,Sacramento,Kings,SAC,5,185,Chris Webber,1610612758.0,Sacramento,Kings,SAC,0,0,,,,,,0
0029900586,417,2,1,4,2:08 PM,5:16,MISS Coleman 18' Jump Shot,,,,,4,934,Derrick Coleman,1610612766.0,Charlotte,Hornets,CHH,0,0,,,,,,0,0,,,,,,0
0029900586,418,4,0,4,2:08 PM,5:11,,,Webber REBOUND (Off:0 Def:8),,,5,185,Chris Webber,1610612758.0,Sacramento,Kings,SAC,0,0,,,,,,0,0,,,,,,0
0029900586,419,6,1,4,2:08 PM,4:58,Mason P.FOUL (P4.T3),,,,,4,193,Anthony Mason,1610612766.0,Charlotte,Hornets,CHH,0,0,,,,,,1,0,,,,,,0
0029900586,420,9,2,4,2:09 PM,4:58,,,Kings Timeout: Short (Reg.4 Short 2),,,3,1610612758,,,,,,0,0,,,,,,0,0,,,,,,0
0029900586,421,2,1,4,2:10 PM,4:45,,,MISS Webber 14' Jump Shot,,,5,185,Chris Webber,1610612758.0,Sacramento,Kings,SAC,0,0,,,,,,0,0,,,,,,0
0029900586,422,4,0,4,2:10 PM,4:45,HORNETS Rebound,,,,,2,1610612740,,,,,,0,0,,,,,,0,0,,,,,,0
0029900586,423,6,3,4,2:10 PM,4:45,,,Pollard L.B.FOUL (P3.T1),,,5,1513,Scot Pollard,1610612758.0,Sacramento,Kings,SAC,0,0,,,,,,1,0,,,,,,0
0029900586,424,6,1,4,2:10 PM,4:33,,,Pollard P.FOUL (P4.T2),,,5,1513,Scot Pollard,1610612758.0,Sacramento,Kings,SAC,0,0,,,,,,1,0,,,,,,0
0029900586,425,1,1,4,2:11 PM,4:28,Jones  3PT Jump Shot (11 PTS) (Coleman 5 AST),,,100 - 92,-8,4,224,Eddie Jones,1610612766.0,Charlotte,Hornets,CHH,4,934,Derrick Coleman,1610612766.0,Charlotte,Hornets,CHH,0,0,,,,,,0
0029900586,426,1,1,4,2:11 PM,4:10,,,Webber 16' Jump Shot (24 PTS) (Martin 2 AST),102 - 92,-10,5,185,Chris Webber,1610612758.0,Sacramento,Kings,SAC,5,239,Darrick Martin,1610612758.0,Sacramento,Kings,SAC,0,0,,,,,,0
0029900586,427,5,1,4,2:11 PM,3:52,Coleman Bad Pass Turnover (P5.T19),,Pollard STEAL (1 STL),,,4,934,Derrick Coleman,1610612766.0,Charlotte,Hornets,CHH,5,1513,Scot Pollard,1610612758.0,Sacramento,Kings,SAC,0,0,,,,,,0
0029900586,428,8,0,4,2:11 PM,3:52,,,SUB: Williams FOR Martin,,,5,239,Darrick Martin,1610612758.0,Sacramento,Kings,SAC,5,1715,Jason Williams,1610612758.0,Sacramento,Kings,SAC,0,0,,,,,,0
0029900586,429,8,0,4,2:12 PM,3:52,SUB: Campbell FOR Davis,,,,,4,1884,Baron Davis,1610612766.0,Charlotte,Hornets,CHH,4,922,Elden Campbell,1610612766.0,Charlotte,Hornets,CHH,0,0,,,,,,0
0029900586,430,2,1,4,2:12 PM,3:29,,,MISS Anderson 19' Jump Shot,,,5,98,Nick Anderson,1610612758.0,Sacramento,Kings,SAC,0,0,,,,,,0,0,,,,,,0
0029900586,432,4,0,4,2:12 PM,3:25,,,Webber REBOUND (Off:1 Def:8),,,5,185,Chris Webber,1610612758.0,Sacramento,Kings,SAC,0,0,,,,,,0,0,,,,,,0
0029900586,431,1,5,4,2:12 PM,3:25,,,Webber  Layup (26 PTS) (Pollard 2 AST),104 - 92,-12,5,185,Chris Webber,1610612758.0,Sacramento,Kings,SAC,5,1513,Scot Pollard,1610612758.0,Sacramento,Kings,SAC,0,0,,,,,,0
0029900586,433,1,5,4,2:12 PM,3:12,Mason 3' Layup (15 PTS) (Jones 8 AST),,,104 - 94,-10,4,193,Anthony Mason,1610612766.0,Charlotte,Hornets,CHH,4,224,Eddie Jones,1610612766.0,Charlotte,Hornets,CHH,0,0,,,,,,0
0029900586,434,1,1,4,2:13 PM,2:53,,,Webber 15' Jump Shot (28 PTS) (Barry 2 AST),106 - 94,-12,5,185,Chris Webber,1610612758.0,Sacramento,Kings,SAC,5,468,Jon Barry,1610612758.0,Sacramento,Kings,SAC,0,0,,,,,,0
0029900586,435,9,1,4,2:13 PM,2:50,HORNETS Timeout: Regular (Full 4 Short 2),,,,,2,1610612740,,,,,,0,0,,,,,,0,0,,,,,,0
0029900586,437,8,0,4,2:15 PM,2:50,,,SUB: Corbin FOR Barry,,,5,468,Jon Barry,1610612758.0,Sacramento,Kings,SAC,5,895,Tyrone Corbin,1610612758.0,Sacramento,Kings,SAC,0,0,,,,,,0
0029900586,438,6,1,4,2:15 PM,2:39,,,Williams P.FOUL (P4.T3),,,5,1715,Jason Williams,1610612758.0,Sacramento,Kings,SAC,0,0,,,,,,1,0,,,,,,0
0029900586,439,6,1,4,2:16 PM,2:32,,,Corbin P.FOUL (P2.T4),,,5,895,Tyrone Corbin,1610612758.0,Sacramento,Kings,SAC,0,0,,,,,,1,0,,,,,,0
0029900586,440,1,1,4,2:16 PM,2:23,Coleman 16' Jump Shot (22 PTS) (Jones 9 AST),,,106 - 96,-10,4,934,Derrick Coleman,1610612766.0,Charlotte,Hornets,CHH,4,224,Eddie Jones,1610612766.0,Charlotte,Hornets,CHH,0,0,,,,,,0
0029900586,441,1,1,4,2:16 PM,2:07,,,Webber 17' Jump Shot (30 PTS) (Williams 9 AST),108 - 96,-12,5,185,Chris Webber,1610612758.0,Sacramento,Kings,SAC,5,1715,Jason Williams,1610612758.0,Sacramento,Kings,SAC,0,0,,,,,,0
0029900586,442,6,1,4,2:17 PM,1:52,,,Pollard P.FOUL (P5.PN),,,5,1513,Scot Pollard,1610612758.0,Sacramento,Kings,SAC,0,0,,,,,,1,0,,,,,,0
0029900586,443,8,0,4,2:17 PM,1:52,,,SUB: Divac FOR Pollard,,,5,1513,Scot Pollard,1610612758.0,Sacramento,Kings,SAC,5,124,Vlade Divac,1610612758.0,Sacramento,Kings,SAC,0,0,,,,,,0
0029900586,444,3,11,4,2:17 PM,1:52,Coleman Free Throw 1 of 2 (23 PTS),,,108 - 97,-11,4,934,Derrick Coleman,1610612766.0,Charlotte,Hornets,CHH,0,0,,,,,,0,0,,,,,,0
0029900586,445,3,12,4,2:17 PM,1:52,Coleman Free Throw 2 of 2 (24 PTS),,,108 - 98,-10,4,934,Derrick Coleman,1610612766.0,Charlotte,Hornets,CHH,0,0,,,,,,0,0,,,,,,0
0029900586,446,6,4,4,2:18 PM,1:41,,,Webber OFF.Foul (P5),,,5,185,Chris Webber,1610612758.0,Sacramento,Kings,SAC,4,193,Anthony Mason,1610612766.0,Charlotte,Hornets,CHH,1,0,,,,,,0
0029900586,447,5,5,4,2:18 PM,1:41,,,Webber Foul Turnover (P2.T20),,,5,185,Chris Webber,1610612758.0,Sacramento,Kings,SAC,0,0,,,,,,0,0,,,,,,0
0029900586,448,6,1,4,2:18 PM,1:31,,,Divac P.FOUL (P3.PN),,,5,124,Vlade Divac,1610612758.0,Sacramento,Kings,SAC,0,0,,,,,,1,0,,,,,,0
0029900586,449,3,11,4,2:18 PM,1:31,Mason Free Throw 1 of 2 (16 PTS),,,108 - 99,-9,4,193,Anthony Mason,1610612766.0,Charlotte,Hornets,CHH,0,0,,,,,,0,0,,,,,,0
0029900586,450,3,12,4,2:19 PM,1:31,MISS Mason Free Throw 2 of 2,,,,,4,193,Anthony Mason,1610612766.0,Charlotte,Hornets,CHH,0,0,,,,,,0,0,,,,,,0
0029900586,451,4,0,4,2:19 PM,1:31,,,Webber REBOUND (Off:1 Def:9),,,5,185,Chris Webber,1610612758.0,Sacramento,Kings,SAC,0,0,,,,,,0,0,,,,,,0
0029900586,452,2,1,4,2:19 PM,1:11,,,MISS Webber 15' Jump Shot,,,5,185,Chris Webber,1610612758.0,Sacramento,Kings,SAC,0,0,,,,,,0,0,,,,,,0
0029900586,453,4,0,4,2:19 PM,1:10,Coleman REBOUND (Off:3 Def:5),,,,,4,934,Derrick Coleman,1610612766.0,Charlotte,Hornets,CHH,0,0,,,,,,0,0,,,,,,0
0029900586,454,2,1,4,2:19 PM,0:58,MISS Wesley 25' 3PT Jump Shot,,,,,4,133,David Wesley,1610612766.0,Charlotte,Hornets,CHH,0,0,,,,,,0,0,,,,,,0
0029900586,455,4,0,4,2:19 PM,0:56,,,Webber REBOUND (Off:1 Def:10),,,5,185,Chris Webber,1610612758.0,Sacramento,Kings,SAC,0,0,,,,,,0,0,,,,,,0
0029900586,456,5,2,4,2:20 PM,0:37,,,Webber Lost Ball Turnover (P3.T21),,,5,185,Chris Webber,1610612758.0,Sacramento,Kings,SAC,0,0,,,,,,0,0,,,,,,0
0029900586,457,9,1,4,2:20 PM,0:37,HORNETS Timeout: Regular (Full 5 Short 2),,,,,2,1610612740,,,,,,0,0,,,,,,0,0,,,,,,0
0029900586,459,8,0,4,2:22 PM,0:37,,,SUB: Barry FOR Divac,,,5,124,Vlade Divac,1610612758.0,Sacramento,Kings,SAC,5,468,Jon Barry,1610612758.0,Sacramento,Kings,SAC,0,0,,,,,,0
0029900586,460,8,0,4,2:22 PM,0:37,SUB: Ellis FOR Campbell,,,,,4,922,Elden Campbell,1610612766.0,Charlotte,Hornets,CHH,4,107,Dale Ellis,1610612766.0,Charlotte,Hornets,CHH,0,0,,,,,,0
0029900586,461,2,1,4,2:22 PM,0:32,MISS Coleman 25' 3PT Jump Shot,,,,,4,934,Derrick Coleman,1610612766.0,Charlotte,Hornets,CHH,0,0,,,,,,0,0,,,,,,0
0029900586,462,4,0,4,2:22 PM,0:29,Ellis REBOUND (Off:1 Def:1),,,,,4,107,Dale Ellis,1610612766.0,Charlotte,Hornets,CHH,0,0,,,,,,0,0,,,,,,0
0029900586,463,2,1,4,2:22 PM,0:27,MISS Coleman 25' 3PT Jump Shot,,,,,4,934,Derrick Coleman,1610612766.0,Charlotte,Hornets,CHH,0,0,,,,,,0,0,,,,,,0
0029900586,464,4,0,4,2:22 PM,0:24,Jones REBOUND (Off:1 Def:5),,,,,4,224,Eddie Jones,1610612766.0,Charlotte,Hornets,CHH,0,0,,,,,,0,0,,,,,,0
0029900586,465,2,1,4,2:23 PM,0:21,MISS Jones 25' 3PT Jump Shot,,,,,4,224,Eddie Jones,1610612766.0,Charlotte,Hornets,CHH,0,0,,,,,,0,0,,,,,,0
0029900586,466,4,0,4,2:23 PM,0:17,,,Corbin REBOUND (Off:0 Def:4),,,5,895,Tyrone Corbin,1610612758.0,Sacramento,Kings,SAC,0,0,,,,,,0,0,,,,,,0
0029900586,467,1,7,4,2:23 PM,0:15,,,Anderson  Dunk (29 PTS) (Corbin 1 AST),110 - 99,-11,5,98,Nick Anderson,1610612758.0,Sacramento,Kings,SAC,5,895,Tyrone Corbin,1610612758.0,Sacramento,Kings,SAC,0,0,,,,,,0
0029900586,468,5,1,4,2:23 PM,0:07,Coleman Bad Pass Turnover (P6.T20),,Barry STEAL (1 STL),,,4,934,Derrick Coleman,1610612766.0,Charlotte,Hornets,CHH,5,468,Jon Barry,1610612758.0,Sacramento,Kings,SAC,0,0,,,,,,0
0029900586,469,13,0,4,2:23 PM,0:00,,,,110 - 99,-11,0,0,,,,,,0,0,,,,,,0,0,,,,,,0
