GAME_ID,EVENTNUM,EVENTMSGTYPE,EVENTMSGACTIONTYPE,PERIOD,WCTIMESTRING,PCTIMESTRING,HOMEDESCRIPTION,NEUTRALDESCRIPTION,VISITORDESCRIPTION,SCORE,SCOREMARGIN
0020100337,1,12,0,1,11:11 AM,12:00,,,,,
0020100337,2,10,0,1,11:11 AM,12:00,Jump Ball Mutombo vs. Battie: Tip to Pierce,,,,
0020100337,3,1,46,1,11:12 AM,11:46,,,Pierce 14' Running Jump Shot (2 PTS) (Anderson 1 AST),2 - 0,-2
0020100337,4,6,2,1,11:13 AM,11:24,,,Pierce S.FOUL (P1.T1),,
0020100337,5,3,11,1,11:13 AM,11:24,Harpring Free Throw 1 of 2 (1 PTS),,,2 - 1,-1
0020100337,6,3,12,1,11:13 AM,11:24,Harpring Free Throw 2 of 2 (2 PTS),,,2 - 2,TIE
0020100337,7,2,1,1,11:14 AM,11:06,,,MISS Johnson 28' 3PT Jump Shot,,
0020100337,8,4,0,1,11:14 AM,11:04,Mutombo REBOUND (Off:0 Def:1),,,,
0020100337,9,1,3,1,11:14 AM,10:48,Mutombo 12' Hook Shot (2 PTS) (Snow 1 AST),,,2 - 4,2
0020100337,10,2,1,1,11:15 AM,10:22,,,MISS Anderson 10' Jump Shot,,
0020100337,11,4,0,1,11:15 AM,10:21,Harpring REBOUND (Off:0 Def:1),,,,
0020100337,12,5,1,1,11:15 AM,10:03,Coleman Bad Pass Turnover (P1.T1),,Battie STEAL (1 STL),,
0020100337,13,2,1,1,11:15 AM,9:58,,,MISS Battie 3' Jump Shot,,
0020100337,14,4,0,1,11:15 AM,9:56,Mutombo REBOUND (Off:0 Def:2),,,,
0020100337,15,2,1,1,11:15 AM,9:47,MISS Iverson 14' Jump Shot,,,,
0020100337,17,4,0,1,11:15 AM,9:45,Coleman REBOUND (Off:1 Def:0),,,,
0020100337,16,2,4,1,11:15 AM,9:45,MISS Coleman 2' Tip Shot,,,,
0020100337,18,4,0,1,11:15 AM,9:41,,,Walker REBOUND (Off:0 Def:1),,
0020100337,19,1,1,1,11:15 AM,9:34,,,Battie 15' Jump Shot (2 PTS) (Pierce 1 AST),4 - 4,TIE
0020100337,20,5,1,1,11:16 AM,9:18,Snow Bad Pass Turnover (P1.T2),,Battie STEAL (2 STL),,
0020100337,21,2,1,1,11:16 AM,9:10,,,MISS Walker 27' 3PT Jump Shot,,
0020100337,22,4,0,1,11:16 AM,9:08,Snow REBOUND (Off:0 Def:1),,,,
0020100337,23,6,2,1,11:16 AM,8:51,,,Walker S.FOUL (P1.T2),,
0020100337,24,3,11,1,11:16 AM,8:51,Mutombo Free Throw 1 of 2 (3 PTS),,,4 - 5,1
0020100337,25,8,0,1,11:17 AM,8:51,,,SUB: Potapenko FOR Battie,,
0020100337,26,3,12,1,11:17 AM,8:51,Mutombo Free Throw 2 of 2 (4 PTS),,,4 - 6,2
0020100337,27,1,1,1,11:18 AM,8:35,,,Potapenko 6' Jump Shot (2 PTS),6 - 6,TIE
0020100337,28,2,1,1,11:18 AM,8:16,MISS Iverson 13' Jump Shot,,,,
0020100337,29,4,0,1,11:18 AM,8:14,,,Anderson REBOUND (Off:0 Def:1),,
0020100337,30,1,42,1,11:18 AM,8:09,,,Potapenko  Driving Layup (4 PTS) (Anderson 2 AST),8 - 6,-2
0020100337,31,8,0,1,11:19 AM,7:54,,,SUB: Battie FOR Potapenko,,
0020100337,32,2,1,1,11:19 AM,7:44,MISS Iverson 8' Jump Shot,,,,
0020100337,34,4,0,1,11:19 AM,7:41,Mutombo REBOUND (Off:1 Def:2),,,,
0020100337,33,1,5,1,11:19 AM,7:41,Mutombo  Layup (6 PTS),,,8 - 8,TIE
0020100337,35,1,47,1,11:19 AM,7:25,,,Johnson 17' Turnaround Jump Shot (2 PTS),10 - 8,-2
0020100337,36,2,1,1,11:20 AM,7:03,MISS Harpring 16' Jump Shot,,,,
0020100337,37,4,0,1,11:20 AM,7:02,,,Johnson REBOUND (Off:0 Def:1),,
0020100337,38,2,1,1,11:20 AM,6:52,,,MISS Walker 14' Jump Shot,,
0020100337,39,4,0,1,11:20 AM,6:52,76ERS Rebound,,,,
0020100337,40,6,3,1,11:20 AM,6:52,,,Battie L.B.FOUL (P1.T3),,
0020100337,41,1,42,1,11:20 AM,6:41,Iverson  Driving Layup (2 PTS),,,10 - 10,TIE
0020100337,42,2,1,1,11:21 AM,6:28,,,MISS Pierce 9' Jump Shot,,
0020100337,44,4,0,1,11:21 AM,6:26,,,Battie REBOUND (Off:1 Def:0),,
0020100337,43,2,4,1,11:21 AM,6:26,,,MISS Battie  Tip Shot,,
0020100337,45,4,0,1,11:21 AM,6:24,Iverson REBOUND (Off:0 Def:1),,,,
0020100337,46,1,42,1,11:21 AM,6:19,Iverson  Driving Layup (4 PTS),,,10 - 12,2
0020100337,47,2,1,1,11:21 AM,6:03,,,MISS Battie 16' Jump Shot,,
0020100337,48,4,0,1,11:21 AM,6:01,Mutombo REBOUND (Off:1 Def:3),,,,
0020100337,49,6,2,1,11:21 AM,5:45,,,Anderson S.FOUL (P1.T4),,
0020100337,50,9,1,1,11:22 AM,5:45,76ERS Timeout: Regular (Full 1 Short 0),,,,
0020100337,52,3,11,1,11:24 AM,5:45,MISS Mutombo Free Throw 1 of 2,,,,
0020100337,54,4,1,1,11:24 AM,5:45,76ERS Rebound,,,,
0020100337,55,3,12,1,11:24 AM,5:45,Mutombo Free Throw 2 of 2 (7 PTS),,,10 - 13,3
0020100337,56,2,1,1,11:24 AM,5:32,,,MISS Pierce 18' Jump Shot,,
0020100337,57,4,0,1,11:24 AM,5:29,Coleman REBOUND (Off:1 Def:1),,,,
0020100337,58,2,5,1,11:25 AM,5:22,MISS Mutombo  Layup,,,,
0020100337,59,4,0,1,11:25 AM,5:20,Mutombo REBOUND (Off:2 Def:3),,,,
0020100337,60,6,2,1,11:25 AM,5:20,,,Anderson S.FOUL (P2.PN),,
0020100337,61,3,11,1,11:25 AM,5:20,Mutombo Free Throw 1 of 2 (8 PTS),,,10 - 14,4
0020100337,62,8,0,1,11:25 AM,5:20,,,SUB: Palacio FOR Anderson,,
0020100337,63,3,12,1,11:25 AM,5:20,Mutombo Free Throw 2 of 2 (9 PTS),,,10 - 15,5
0020100337,64,2,1,1,11:26 AM,4:58,,,MISS Walker 26' 3PT Jump Shot,,
0020100337,65,4,0,1,11:26 AM,4:55,Snow REBOUND (Off:0 Def:2),,,,
0020100337,66,1,5,1,11:26 AM,4:50,Coleman  Layup (2 PTS) (Iverson 1 AST),,,10 - 17,7
0020100337,67,2,1,1,11:26 AM,4:27,,,MISS Walker 28' 3PT Jump Shot,,
0020100337,68,4,0,1,11:27 AM,4:25,Mutombo REBOUND (Off:2 Def:4),,,,
0020100337,69,2,1,1,11:27 AM,4:16,MISS Iverson 4' Jump Shot,,Battie BLOCK (1 BLK),,
0020100337,70,4,0,1,11:27 AM,4:13,,,Walker REBOUND (Off:0 Def:2),,
0020100337,71,1,42,1,11:27 AM,4:10,,,Walker  Driving Layup (2 PTS),12 - 17,5
0020100337,72,2,1,1,11:27 AM,3:45,MISS Coleman 28' 3PT Jump Shot,,,,
0020100337,73,4,0,1,11:27 AM,3:43,,,Pierce REBOUND (Off:0 Def:1),,
0020100337,74,6,2,1,11:27 AM,3:41,Snow S.FOUL (P1.T1),,,,
0020100337,75,8,0,1,11:27 AM,3:41,SUB: McKie FOR Harpring,,,,
0020100337,76,8,0,1,11:28 AM,3:41,SUB: Blount FOR Mutombo,,,,
0020100337,77,8,0,1,11:28 AM,3:41,,,SUB: Potapenko FOR Battie,,
0020100337,78,3,11,1,11:28 AM,3:41,,,Pierce Free Throw 1 of 2 (3 PTS),13 - 17,4
0020100337,79,8,0,1,11:28 AM,3:41,,,SUB: Strickland FOR Johnson,,
0020100337,80,3,12,1,11:28 AM,3:41,,,Pierce Free Throw 2 of 2 (4 PTS),14 - 17,3
0020100337,81,6,1,1,11:28 AM,3:31,,,Strickland P.FOUL (P1.PN),,
0020100337,82,3,11,1,11:29 AM,3:31,Iverson Free Throw 1 of 2 (5 PTS),,,14 - 18,4
0020100337,83,3,12,1,11:29 AM,3:31,Iverson Free Throw 2 of 2 (6 PTS),,,14 - 19,5
0020100337,84,2,1,1,11:29 AM,3:19,,,MISS Strickland 12' Jump Shot,,
0020100337,85,4,0,1,11:29 AM,3:18,Iverson REBOUND (Off:0 Def:2),,,,
0020100337,86,2,1,1,11:30 AM,3:02,MISS Coleman 4' Jump Shot,,,,
0020100337,88,4,0,1,11:30 AM,3:00,Coleman REBOUND (Off:2 Def:1),,,,
0020100337,87,1,5,1,11:30 AM,3:00,Coleman  Layup (4 PTS),,,14 - 21,7
0020100337,89,6,2,1,11:30 AM,3:00,,,Potapenko S.FOUL (P1.PN),,
0020100337,90,8,0,1,11:30 AM,3:00,SUB: Cummings FOR Snow,,,,
0020100337,91,3,10,1,11:30 AM,3:00,Coleman Free Throw 1 of 1 (5 PTS),,,14 - 22,8
0020100337,92,9,1,1,11:31 AM,2:45,,,Celtics Timeout: Regular (Reg.1 Short 0),,
0020100337,94,5,11,1,11:33 AM,2:36,,,Celtics Turnover: Shot Clock (T#1),,
0020100337,95,2,1,1,11:34 AM,2:22,MISS Iverson 17' Jump Shot,,,,
0020100337,96,4,0,1,11:34 AM,2:21,76ERS Rebound,,,,
0020100337,97,1,1,1,11:34 AM,2:18,Iverson 16' Jump Shot (8 PTS) (Cummings 1 AST),,,14 - 24,10
0020100337,98,2,1,1,11:34 AM,2:04,,,MISS Pierce 9' Jump Shot,,
0020100337,99,4,0,1,11:34 AM,2:02,Coleman REBOUND (Off:2 Def:2),,,,
0020100337,100,8,0,1,11:35 AM,1:56,,,SUB: Williams FOR Palacio,,
0020100337,101,5,1,1,11:35 AM,1:44,Coleman Bad Pass Turnover (P2.T3),,Pierce STEAL (1 STL),,
0020100337,102,1,1,1,11:35 AM,1:38,,,Strickland 27' 3PT Jump Shot (3 PTS) (Pierce 2 AST),17 - 24,7
0020100337,103,1,46,1,11:35 AM,1:19,Iverson 12' Running Jump Shot (10 PTS),,,17 - 26,9
0020100337,104,1,42,1,11:36 AM,1:07,,,Williams  Driving Layup (2 PTS) (Walker 1 AST),19 - 26,7
0020100337,105,6,2,1,11:36 AM,0:49,,,Strickland S.FOUL (P2.PN),,
0020100337,106,3,11,1,11:36 AM,0:49,Iverson Free Throw 1 of 2 (11 PTS),,,19 - 27,8
0020100337,113,3,12,1,11:36 AM,0:49,MISS Iverson Free Throw 2 of 2,,,,
0020100337,107,8,0,1,11:37 AM,0:49,SUB: Bell FOR Cummings,,,,
0020100337,110,4,0,1,11:37 AM,0:49,,,Williams REBOUND (Off:0 Def:1),,
0020100337,108,6,11,1,11:37 AM,0:49,,,Pierce T.FOUL (P1.PN),,
0020100337,109,3,16,1,11:37 AM,0:49,Iverson Free Throw Technical (12 PTS),,,19 - 28,9
0020100337,111,2,1,1,11:38 AM,0:33,,,MISS Pierce 27' 3PT Jump Shot,,
0020100337,112,4,0,1,11:38 AM,0:29,Bell REBOUND (Off:0 Def:1),,,,
0020100337,114,1,1,1,11:38 AM,0:08,Iverson 20' Jump Shot (14 PTS),,,19 - 30,11
0020100337,116,6,1,1,11:39 AM,0:04,McKie P.FOUL (P1.T2),,,,
0020100337,117,8,0,1,11:39 AM,0:04,SUB: Snow FOR Iverson,,,,
0020100337,118,8,0,1,11:39 AM,0:04,SUB: Ruffin FOR Coleman,,,,
0020100337,122,8,0,1,11:39 AM,0:04,,,SUB: Anderson FOR Strickland,,
0020100337,119,2,1,1,11:39 AM,0:00,Ruffin BLOCK (1 BLK),,MISS Anderson 13' Jump Shot,,
0020100337,134,4,0,1,11:39 AM,0:00,,,Potapenko REBOUND (Off:1 Def:0),,
0020100337,120,1,4,1,11:39 AM,0:00,,,Potapenko  Tip Shot (6 PTS),21 - 30,9
0020100337,121,13,0,1,11:39 AM,0:00,,,,21 - 30,9
0020100337,126,12,0,2,11:42 AM,12:00,,,,21 - 30,9
0020100337,127,1,3,2,11:42 AM,11:45,Mutombo 8' Hook Shot (11 PTS) (McKie 1 AST),,,21 - 32,11
0020100337,128,8,0,2,11:43 AM,11:30,,,SUB: Johnson FOR Pierce,,
0020100337,129,5,11,2,11:43 AM,11:17,,,Celtics Turnover: Shot Clock (T#2),,
0020100337,131,1,1,2,11:43 AM,10:57,McKie 20' Jump Shot (2 PTS) (Bell 1 AST),,,21 - 34,13
0020100337,132,6,1,2,11:44 AM,10:46,Bell P.FOUL (P1.T1),,,,
0020100337,135,2,1,2,11:44 AM,10:33,,,MISS Anderson 11' Jump Shot,,
0020100337,136,4,0,2,11:44 AM,10:30,Mutombo REBOUND (Off:2 Def:5),,,,
0020100337,137,5,1,2,11:45 AM,10:22,McKie Bad Pass Turnover (P1.T4),,Johnson STEAL (1 STL),,
0020100337,139,6,1,2,11:45 AM,10:21,Bell P.FOUL (P2.T2),,,,
0020100337,141,6,2,2,11:45 AM,10:11,Mutombo S.FOUL (P1.T3),,,,
0020100337,142,3,11,2,11:45 AM,10:11,,,Williams Free Throw 1 of 2 (3 PTS),22 - 34,12
0020100337,143,3,12,2,11:46 AM,10:11,,,MISS Williams Free Throw 2 of 2,,
0020100337,145,4,0,2,11:46 AM,10:10,Mutombo REBOUND (Off:2 Def:6),,,,
0020100337,146,1,1,2,11:46 AM,9:57,Blount 13' Jump Shot (2 PTS) (McKie 2 AST),,,22 - 36,14
0020100337,147,6,1,2,11:46 AM,9:42,Snow P.FOUL (P2.T4),,,,
0020100337,148,2,7,2,11:47 AM,9:35,Mutombo BLOCK (1 BLK),,MISS Williams 1' Dunk,,
0020100337,149,4,0,2,11:47 AM,9:32,McKie REBOUND (Off:0 Def:1),,,,
0020100337,150,1,7,2,11:47 AM,9:29,Bell  Dunk (2 PTS) (McKie 3 AST),,,22 - 38,16
0020100337,151,1,1,2,11:47 AM,9:13,,,Potapenko 15' Jump Shot (8 PTS) (Anderson 3 AST),24 - 38,14
0020100337,152,5,4,2,11:48 AM,8:51,Snow Traveling Turnover (P2.T5),,,,
0020100337,153,9,4,2,11:48 AM,8:51,,,,,
0020100337,155,8,0,2,11:50 AM,8:51,SUB: Harpring FOR Bell,,,,
0020100337,156,8,0,2,11:50 AM,8:51,SUB: Iverson FOR Snow,,,,
0020100337,157,8,0,2,11:50 AM,8:51,,,SUB: Pierce FOR Walker,,
0020100337,158,5,1,2,11:50 AM,8:37,Harpring STEAL (1 STL),,Anderson Bad Pass Turnover (P1.T3),,
0020100337,159,1,44,2,11:50 AM,8:24,Iverson  Reverse Layup (16 PTS) (McKie 4 AST),,,24 - 40,16
0020100337,160,2,1,2,11:51 AM,8:04,,,MISS Pierce 19' Jump Shot,,
0020100337,161,4,0,2,11:51 AM,8:03,76ERS Rebound,,,,
0020100337,162,5,2,2,11:51 AM,7:44,McKie Lost Ball Turnover (P2.T6),,Johnson STEAL (2 STL),,
0020100337,163,2,1,2,11:51 AM,7:38,Blount BLOCK (1 BLK),,MISS Johnson 11' Jump Shot,,
0020100337,164,4,0,2,11:51 AM,7:36,Mutombo REBOUND (Off:2 Def:7),,,,
0020100337,165,6,2,2,11:52 AM,7:17,,,Johnson S.FOUL (P1.T1),,
0020100337,166,3,11,2,11:52 AM,7:17,Iverson Free Throw 1 of 2 (17 PTS),,,24 - 41,17
0020100337,167,8,0,2,11:52 AM,7:17,,,SUB: Walker FOR Potapenko,,
0020100337,168,8,0,2,11:52 AM,7:17,,,SUB: Battie FOR Williams,,
0020100337,170,7,3,2,11:52 AM,7:17,,,Johnson Violation:Lane,,
0020100337,171,3,12,2,11:53 AM,7:17,Iverson Free Throw 2 of 2 (18 PTS),,,24 - 42,18
0020100337,172,2,1,2,11:54 AM,7:07,,,MISS Walker 26' 3PT Jump Shot,,
0020100337,173,4,0,2,11:54 AM,7:05,Mutombo REBOUND (Off:2 Def:8),,,,
0020100337,174,5,1,2,11:54 AM,6:47,Iverson Bad Pass Turnover (P1.T7),,Anderson STEAL (1 STL),,
0020100337,175,1,50,2,11:54 AM,6:43,,,Walker  Running Dunk (4 PTS) (Pierce 3 AST),26 - 42,16
0020100337,176,5,2,2,11:54 AM,6:24,Blount Lost Ball Turnover (P1.T8),,,,
0020100337,177,2,5,2,11:55 AM,6:08,,,MISS Pierce  Layup,,
0020100337,178,4,0,2,11:55 AM,6:07,Blount REBOUND (Off:0 Def:1),,,,
0020100337,179,5,1,2,11:55 AM,6:01,Blount Bad Pass Turnover (P2.T9),,Anderson STEAL (2 STL),,
0020100337,180,2,1,2,11:55 AM,5:58,,,MISS Anderson 17' Jump Shot,,
0020100337,181,4,0,2,11:55 AM,5:58,Mutombo REBOUND (Off:2 Def:9),,,,
0020100337,182,9,1,2,11:55 AM,5:58,76ERS Timeout: Regular (Full 2 Short 0),,,,
0020100337,184,8,0,2,11:57 AM,5:58,SUB: Coleman FOR Blount,,,,
0020100337,185,2,1,2,11:57 AM,5:45,MISS McKie 26' 3PT Jump Shot,,,,
0020100337,186,4,0,2,11:57 AM,5:43,,,Johnson REBOUND (Off:0 Def:2),,
0020100337,188,2,1,2,11:58 AM,5:33,,,MISS Battie 16' Jump Shot,,
0020100337,189,4,0,2,11:58 AM,5:31,Mutombo REBOUND (Off:2 Def:10),,,,
0020100337,190,2,1,2,11:58 AM,5:11,MISS Iverson 20' Jump Shot,,Battie BLOCK (2 BLK),,
0020100337,191,4,0,2,11:58 AM,5:09,76ERS Rebound,,,,
0020100337,192,6,1,2,11:58 AM,5:09,,,Pierce P.FOUL (P2.T2),,
0020100337,193,8,0,2,11:59 AM,5:08,,,SUB: Williams FOR Johnson,,
0020100337,195,6,1,2,12:00 PM,5:06,,,Anderson P.FOUL (P3.T3),,
0020100337,196,8,0,2,12:00 PM,5:06,,,SUB: Strickland FOR Anderson,,
0020100337,197,6,1,2,12:00 PM,4:48,,,Strickland P.FOUL (P3.T4),,
0020100337,198,8,0,2,12:00 PM,4:48,,,SUB: Palacio FOR Strickland,,
0020100337,199,2,1,2,12:01 PM,4:33,MISS Harpring 17' Jump Shot,,Pierce BLOCK (1 BLK),,
0020100337,200,4,0,2,12:01 PM,4:33,76ERS Rebound,,,,
0020100337,201,5,11,2,12:01 PM,4:33,76ERS Turnover: Shot Clock (T#10),,,,
0020100337,202,2,1,2,12:01 PM,4:23,,,MISS Palacio 12' Jump Shot,,
0020100337,204,4,0,2,12:01 PM,4:20,,,Battie REBOUND (Off:2 Def:0),,
0020100337,203,2,1,2,12:01 PM,4:20,,,MISS Battie 8' Jump Shot,,
0020100337,205,4,0,2,12:01 PM,4:18,McKie REBOUND (Off:0 Def:2),,,,
0020100337,206,1,46,2,12:02 PM,4:06,Iverson 8' Running Jump Shot (20 PTS),,,26 - 44,18
0020100337,207,2,1,2,12:02 PM,3:42,,,MISS Walker 27' 3PT Jump Shot,,
0020100337,208,4,0,2,12:02 PM,3:40,Harpring REBOUND (Off:0 Def:2),,,,
0020100337,209,2,5,2,12:02 PM,3:29,MISS Coleman  Layup,,,,
0020100337,210,4,0,2,12:02 PM,3:27,,,Williams REBOUND (Off:0 Def:2),,
0020100337,211,2,1,2,12:02 PM,3:18,,,MISS Pierce 26' 3PT Jump Shot,,
0020100337,212,4,0,2,12:02 PM,3:15,76ERS Rebound,,,,
0020100337,213,2,5,2,12:03 PM,3:01,MISS McKie  Layup,,,,
0020100337,214,4,0,2,12:03 PM,2:58,,,Battie REBOUND (Off:2 Def:1),,
0020100337,215,2,5,2,12:03 PM,2:50,Mutombo BLOCK (2 BLK),,MISS Walker  Layup,,
0020100337,216,4,0,2,12:03 PM,2:49,,,Battie REBOUND (Off:3 Def:1),,
0020100337,217,6,2,2,12:03 PM,2:49,Harpring S.FOUL (P1.PN),,,,
0020100337,218,9,1,2,12:03 PM,2:49,,,Celtics Timeout: Regular (Reg.2 Short 0),,
0020100337,220,3,11,2,12:06 PM,2:49,,,Battie Free Throw 1 of 2 (3 PTS),27 - 44,17
0020100337,221,3,12,2,12:06 PM,2:49,,,Battie Free Throw 2 of 2 (4 PTS),28 - 44,16
0020100337,223,6,2,2,12:06 PM,2:35,,,Williams S.FOUL (P1.PN),,
0020100337,224,3,11,2,12:06 PM,2:35,MISS Harpring Free Throw 1 of 2,,,,
0020100337,225,4,1,2,12:07 PM,2:35,76ERS Rebound,,,,
0020100337,226,3,12,2,12:07 PM,2:35,Harpring Free Throw 2 of 2 (3 PTS),,,28 - 45,17
0020100337,229,6,1,2,12:08 PM,2:15,Mutombo P.FOUL (P2.PN),,,,
0020100337,232,3,11,2,12:08 PM,2:15,,,Pierce Free Throw 1 of 2 (5 PTS),29 - 45,16
0020100337,233,3,12,2,12:08 PM,2:15,,,Pierce Free Throw 2 of 2 (6 PTS),30 - 45,15
0020100337,234,1,1,2,12:08 PM,2:00,Iverson 17' Jump Shot (22 PTS),,,30 - 47,17
0020100337,235,2,1,2,12:09 PM,1:44,,,MISS Walker 28' 3PT Jump Shot,,
0020100337,236,4,0,2,12:09 PM,1:42,Coleman REBOUND (Off:2 Def:3),,,,
0020100337,237,1,42,2,12:09 PM,1:36,Iverson  Driving Layup (24 PTS),,,30 - 49,19
0020100337,238,1,1,2,12:09 PM,1:22,,,Walker 18' Jump Shot (6 PTS) (Pierce 4 AST),32 - 49,17
0020100337,240,2,1,2,12:09 PM,0:56,MISS McKie 13' Jump Shot,,,,
0020100337,241,4,0,2,12:09 PM,0:54,,,Walker REBOUND (Off:0 Def:3),,
0020100337,242,6,1,2,12:09 PM,0:51,Coleman P.FOUL (P1.PN),,,,
0020100337,244,8,0,2,12:10 PM,0:51,SUB: Blount FOR Mutombo,,,,
0020100337,245,8,0,2,12:10 PM,0:51,,,SUB: Johnson FOR Pierce,,
0020100337,246,3,11,2,12:10 PM,0:51,,,MISS Walker Free Throw 1 of 2,,
0020100337,247,4,1,2,12:10 PM,0:51,,,Celtics Rebound,,
0020100337,248,3,12,2,12:10 PM,0:51,,,Walker Free Throw 2 of 2 (7 PTS),33 - 49,16
0020100337,249,1,1,2,12:11 PM,0:32,Coleman 14' Jump Shot (7 PTS) (Iverson 2 AST),,,33 - 51,18
0020100337,250,1,42,2,12:11 PM,0:20,,,Palacio  Driving Layup (2 PTS),35 - 51,16
0020100337,251,2,1,2,12:11 PM,0:01,MISS Iverson 14' Jump Shot,,,,
0020100337,252,4,0,2,12:11 PM,0:00,,,Johnson REBOUND (Off:0 Def:3),,
0020100337,253,13,0,2,12:11 PM,0:00,,,,35 - 51,16
0020100337,255,12,0,3,12:28 PM,12:00,,,,35 - 51,16
0020100337,256,2,1,3,12:28 PM,11:45,MISS Harpring 4' Jump Shot,,Battie BLOCK (3 BLK),,
0020100337,258,4,0,3,12:28 PM,11:41,Mutombo REBOUND (Off:3 Def:10),,,,
0020100337,257,1,5,3,12:28 PM,11:41,Mutombo  Layup (13 PTS),,,35 - 53,18
0020100337,259,5,1,3,12:29 PM,11:32,Harpring STEAL (2 STL),,Walker Bad Pass Turnover (P1.T4),,
0020100337,260,6,2,3,12:29 PM,11:13,,,Battie S.FOUL (P2.T1),,
0020100337,261,3,11,3,12:29 PM,11:13,Mutombo Free Throw 1 of 2 (14 PTS),,,35 - 54,19
0020100337,262,3,12,3,12:29 PM,11:13,Mutombo Free Throw 2 of 2 (15 PTS),,,35 - 55,20
0020100337,263,2,1,3,12:30 PM,11:02,,,MISS Pierce 22' Jump Shot,,
0020100337,264,4,0,3,12:30 PM,11:00,76ERS Rebound,,,,
0020100337,265,5,1,3,12:30 PM,10:46,Iverson Bad Pass Turnover (P2.T11),,Anderson STEAL (3 STL),,
0020100337,266,6,1,3,12:30 PM,10:42,Iverson P.FOUL (P1.T1),,,,
0020100337,267,6,2,3,12:31 PM,10:37,Harpring S.FOUL (P2.T2),,,,
0020100337,268,3,11,3,12:31 PM,10:37,,,Pierce Free Throw 1 of 2 (7 PTS),36 - 55,19
0020100337,269,3,12,3,12:31 PM,10:37,,,Pierce Free Throw 2 of 2 (8 PTS),37 - 55,18
0020100337,270,1,3,3,12:32 PM,10:18,Mutombo 9' Hook Shot (17 PTS) (Coleman 1 AST),,,37 - 57,20
0020100337,271,5,1,3,12:32 PM,10:03,Snow STEAL (1 STL),,Anderson Bad Pass Turnover (P2.T5),,
0020100337,272,1,42,3,12:32 PM,9:58,Iverson  Driving Layup (26 PTS),,,37 - 59,22
0020100337,273,9,1,3,12:32 PM,9:51,,,Celtics Timeout: Regular (Reg.3 Short 0),,
0020100337,274,1,1,3,12:35 PM,9:37,,,Pierce 27' 3PT Jump Shot (11 PTS),40 - 59,19
0020100337,275,6,4,3,12:35 PM,9:20,Mutombo OFF.Foul (P3),,,,
0020100337,276,5,5,3,12:35 PM,9:20,Mutombo Foul Turnover (P1.T12),,,,
0020100337,277,1,1,3,12:35 PM,9:12,,,Pierce 26' 3PT Jump Shot (14 PTS) (Walker 2 AST),43 - 59,16
0020100337,278,6,1,3,12:36 PM,8:58,,,Walker P.FOUL (P2.T2),,
0020100337,279,2,1,3,12:36 PM,8:51,MISS Iverson 27' 3PT Jump Shot,,,,
0020100337,280,4,0,3,12:36 PM,8:46,,,Pierce REBOUND (Off:0 Def:2),,
0020100337,281,2,1,3,12:36 PM,8:31,,,MISS Battie 5' Jump Shot,,
0020100337,282,4,0,3,12:36 PM,8:29,Iverson REBOUND (Off:0 Def:3),,,,
0020100337,283,2,1,3,12:37 PM,8:17,MISS Harpring 16' Jump Shot,,,,
0020100337,284,4,0,3,12:37 PM,8:16,,,Celtics Rebound,,
0020100337,285,6,3,3,12:37 PM,8:16,Mutombo L.B.FOUL (P4.T3),,,,
0020100337,286,8,0,3,12:37 PM,8:16,SUB: Blount FOR Mutombo,,,,
0020100337,287,1,1,3,12:37 PM,8:04,,,Pierce 26' 3PT Jump Shot (17 PTS) (Johnson 1 AST),46 - 59,13
0020100337,288,1,46,3,12:38 PM,7:41,Coleman 9' Running Jump Shot (9 PTS) (Harpring 1 AST),,,46 - 61,15
0020100337,289,1,8,3,12:38 PM,7:17,,,Battie  Slam Dunk (6 PTS) (Anderson 4 AST),48 - 61,13
0020100337,290,5,1,3,12:38 PM,6:58,Snow Bad Pass Turnover (P3.T13),,Anderson STEAL (4 STL),,
0020100337,291,2,1,3,12:38 PM,6:49,,,MISS Walker 26' 3PT Jump Shot,,
0020100337,292,4,0,3,12:38 PM,6:47,Blount REBOUND (Off:0 Def:2),,,,
0020100337,293,2,1,3,12:39 PM,6:41,MISS Iverson 6' Jump Shot,,,,
0020100337,294,4,0,3,12:39 PM,6:38,,,Anderson REBOUND (Off:0 Def:2),,
0020100337,295,2,1,3,12:39 PM,6:29,,,MISS Pierce 28' 3PT Jump Shot,,
0020100337,296,4,0,3,12:39 PM,6:28,Harpring REBOUND (Off:0 Def:3),,,,
0020100337,297,6,3,3,12:39 PM,6:27,,,Johnson L.B.FOUL (P2.T3),,
0020100337,298,9,1,3,12:39 PM,6:27,76ERS Timeout: Regular (Full 3 Short 0),,,,
0020100337,299,8,0,3,12:41 PM,6:27,SUB: McKie FOR Harpring,,,,
0020100337,300,1,1,3,12:42 PM,6:04,Iverson 15' Jump Shot (28 PTS) (Snow 2 AST),,,48 - 63,15
0020100337,301,1,42,3,12:42 PM,5:52,,,Walker  Driving Layup (9 PTS) (Anderson 5 AST),50 - 63,13
0020100337,302,2,1,3,12:42 PM,5:39,MISS Coleman 17' Jump Shot,,,,
0020100337,303,4,0,3,12:42 PM,5:37,,,Battie REBOUND (Off:3 Def:2),,
0020100337,304,1,1,3,12:42 PM,5:28,,,Walker 15' Jump Shot (11 PTS) (Pierce 5 AST),52 - 63,11
0020100337,305,8,0,3,12:43 PM,4:59,,,SUB: Strickland FOR Battie,,
0020100337,306,8,0,3,12:43 PM,4:59,,,SUB: Potapenko FOR Johnson,,
0020100337,307,5,11,3,12:43 PM,4:59,76ERS Turnover: Shot Clock (T#14),,,,
0020100337,308,2,1,3,12:43 PM,4:53,,,MISS Anderson 17' Jump Shot,,
0020100337,309,4,0,3,12:43 PM,4:50,,,Potapenko REBOUND (Off:2 Def:0),,
0020100337,310,6,2,3,12:43 PM,4:43,Coleman S.FOUL (P2.T4),,,,
0020100337,311,3,11,3,12:43 PM,4:43,,,Walker Free Throw 1 of 2 (12 PTS),53 - 63,10
0020100337,313,8,0,3,12:44 PM,4:43,,,SUB: Palacio FOR Anderson,,
0020100337,315,3,12,3,12:44 PM,4:43,,,Walker Free Throw 2 of 2 (13 PTS),54 - 63,9
0020100337,317,1,1,3,12:44 PM,4:26,McKie 19' Jump Shot (4 PTS) (Snow 3 AST),,,54 - 65,11
0020100337,318,2,1,3,12:45 PM,4:03,,,MISS Walker 9' Jump Shot,,
0020100337,319,4,0,3,12:45 PM,4:01,,,Palacio REBOUND (Off:1 Def:0),,
0020100337,320,2,1,3,12:45 PM,3:58,,,MISS Strickland 30' 3PT Jump Shot,,
0020100337,321,4,0,3,12:45 PM,3:56,Blount REBOUND (Off:0 Def:3),,,,
0020100337,322,5,1,3,12:45 PM,3:43,Snow Bad Pass Turnover (P4.T15),,,,
0020100337,323,1,5,3,12:45 PM,3:41,,,Pierce  Layup (19 PTS) (Strickland 1 AST),56 - 65,9
0020100337,324,6,2,3,12:45 PM,3:27,,,Pierce S.FOUL (P3.T4),,
0020100337,325,3,11,3,12:46 PM,3:27,McKie Free Throw 1 of 2 (5 PTS),,,56 - 66,10
0020100337,327,8,0,3,12:46 PM,3:27,SUB: Bell FOR Snow,,,,
0020100337,328,3,12,3,12:46 PM,3:27,McKie Free Throw 2 of 2 (6 PTS),,,56 - 67,11
0020100337,329,2,1,3,12:46 PM,3:14,,,MISS Pierce 9' Jump Shot,,
0020100337,330,4,0,3,12:46 PM,3:12,Iverson REBOUND (Off:0 Def:4),,,,
0020100337,331,5,4,3,12:47 PM,3:01,Coleman Traveling Turnover (P3.T16),,,,
0020100337,332,2,1,3,12:47 PM,2:45,,,MISS Walker 26' 3PT Jump Shot,,
0020100337,333,4,0,3,12:47 PM,2:44,76ERS Rebound,,,,
0020100337,334,1,1,3,12:48 PM,2:28,Iverson 16' Jump Shot (30 PTS),,,56 - 69,13
0020100337,335,5,2,3,12:48 PM,2:14,McKie STEAL (1 STL),,Pierce Lost Ball Turnover (P1.T6),,
0020100337,336,1,1,3,12:48 PM,2:00,McKie 18' Jump Shot (8 PTS) (Bell 2 AST),,,56 - 71,15
0020100337,337,6,1,3,12:48 PM,1:43,Iverson P.FOUL (P2.PN),,,,
0020100337,338,8,0,3,12:49 PM,1:43,,,SUB: Anderson FOR Palacio,,
0020100337,339,3,11,3,12:49 PM,1:43,,,Strickland Free Throw 1 of 2 (4 PTS),57 - 71,14
0020100337,340,3,12,3,12:49 PM,1:43,,,MISS Strickland Free Throw 2 of 2,,
0020100337,341,4,0,3,12:49 PM,1:42,Coleman REBOUND (Off:2 Def:4),,,,
0020100337,342,1,1,3,12:50 PM,1:23,McKie 21' Jump Shot (10 PTS) (Bell 3 AST),,,57 - 73,16
0020100337,343,5,4,3,12:50 PM,1:09,,,Potapenko Traveling Turnover (P1.T7),,
0020100337,344,8,0,3,12:50 PM,1:09,,,SUB: Williams FOR Walker,,
0020100337,346,1,1,3,12:51 PM,0:55,McKie 28' 3PT Jump Shot (13 PTS) (Bell 4 AST),,,57 - 76,19
0020100337,347,6,4,3,12:51 PM,0:33,,,Williams OFF.Foul (P2),,
0020100337,348,5,5,3,12:51 PM,0:33,,,Williams Foul Turnover (P1.T8),,
0020100337,349,1,1,3,12:51 PM,0:25,McKie 18' Jump Shot (15 PTS),,,57 - 78,21
0020100337,350,2,1,3,12:52 PM,0:03,,,MISS Potapenko 17' Jump Shot,,
0020100337,351,4,0,3,12:52 PM,0:01,McKie REBOUND (Off:0 Def:3),,,,
0020100337,352,2,1,3,12:52 PM,0:00,MISS McKie 83' 3PT Jump Shot,,,,
0020100337,353,4,0,3,12:52 PM,0:00,,,Celtics Rebound,,
0020100337,354,13,0,3,12:52 PM,0:00,,,,57 - 78,21
0020100337,355,12,0,4,12:55 PM,12:00,,,,57 - 78,21
0020100337,356,2,1,4,12:55 PM,11:48,,,MISS Walker 27' 3PT Jump Shot,,
0020100337,357,4,0,4,12:55 PM,11:46,,,Potapenko REBOUND (Off:3 Def:0),,
0020100337,358,5,2,4,12:55 PM,11:43,Blount STEAL (1 STL),,Potapenko Lost Ball Turnover (P2.T9),,
0020100337,359,5,2,4,12:55 PM,11:38,Coleman Lost Ball Turnover (P4.T17),,,,
0020100337,360,1,42,4,12:56 PM,11:19,,,Walker  Driving Layup (15 PTS) (Anderson 6 AST),59 - 78,19
0020100337,361,5,1,4,12:56 PM,11:04,Iverson Bad Pass Turnover (P3.T18),,Johnson STEAL (3 STL),,
0020100337,362,6,1,4,12:56 PM,11:04,Coleman P.FOUL (P3.T1),,,,
0020100337,363,8,0,4,12:56 PM,11:04,SUB: Mutombo FOR Coleman,,,,
0020100337,364,6,1,4,12:56 PM,10:53,Blount P.FOUL (P1.T2),,,,
0020100337,365,1,1,4,12:57 PM,10:46,,,Potapenko 16' Jump Shot (10 PTS) (Anderson 7 AST),61 - 78,17
0020100337,366,9,1,4,12:57 PM,10:41,76ERS Timeout: Regular (Full 4 Short 0),,,,
0020100337,368,6,1,4,12:59 PM,10:25,,,Potapenko P.FOUL (P2.T1),,
0020100337,369,6,2,4,1:00 PM,10:13,,,Potapenko S.FOUL (P3.T2),,
0020100337,370,3,11,4,1:00 PM,10:13,Iverson Free Throw 1 of 2 (31 PTS),,,61 - 79,18
0020100337,371,8,0,4,1:00 PM,10:13,SUB: Snow FOR Bell,,,,
0020100337,372,3,12,4,1:00 PM,10:13,Iverson Free Throw 2 of 2 (32 PTS),,,61 - 80,19
0020100337,373,5,2,4,1:01 PM,10:02,,,Walker Lost Ball Turnover (P2.T10),,
0020100337,374,6,4,4,1:01 PM,9:50,Mutombo OFF.Foul (P5),,,,
0020100337,375,5,5,4,1:01 PM,9:50,Mutombo Foul Turnover (P2.T19),,,,
0020100337,376,8,0,4,1:01 PM,9:50,,,SUB: Pierce FOR Williams,,
0020100337,377,8,0,4,1:01 PM,9:50,SUB: Ruffin FOR Mutombo,,,,
0020100337,378,1,5,4,1:02 PM,9:32,,,Potapenko  Layup (12 PTS) (Walker 3 AST),63 - 80,17
0020100337,379,1,1,4,1:02 PM,9:13,Iverson 20' Jump Shot (34 PTS) (McKie 5 AST),,,63 - 82,19
0020100337,380,2,1,4,1:02 PM,9:01,,,MISS Walker 6' Jump Shot,,
0020100337,381,4,0,4,1:02 PM,9:00,Ruffin REBOUND (Off:0 Def:1),,,,
0020100337,382,1,1,4,1:02 PM,8:47,McKie 16' Jump Shot (17 PTS) (Snow 4 AST),,,63 - 84,21
0020100337,383,1,46,4,1:03 PM,8:35,,,Johnson 10' Running Jump Shot (4 PTS),65 - 84,19
0020100337,384,1,1,4,1:03 PM,8:16,Snow 18' Jump Shot (2 PTS) (McKie 6 AST),,,65 - 86,21
0020100337,385,2,1,4,1:03 PM,8:01,,,MISS Pierce 4' Jump Shot,,
0020100337,387,4,0,4,1:03 PM,8:00,,,Potapenko REBOUND (Off:4 Def:0),,
0020100337,386,1,4,4,1:03 PM,8:00,,,Potapenko  Tip Shot (14 PTS),67 - 86,19
0020100337,388,6,4,4,1:04 PM,7:45,McKie OFF.Foul (P2),,,,
0020100337,389,5,5,4,1:04 PM,7:45,McKie Foul Turnover (P3.T20),,,,
0020100337,390,8,0,4,1:04 PM,7:45,,,SUB: Strickland FOR Johnson,,
0020100337,391,8,0,4,1:04 PM,7:45,SUB: Coleman FOR Blount,,,,
0020100337,392,2,5,4,1:04 PM,7:31,Coleman BLOCK (1 BLK),,MISS Walker 1' Layup,,
0020100337,393,4,0,4,1:04 PM,7:29,Coleman REBOUND (Off:2 Def:5),,,,
0020100337,394,1,1,4,1:04 PM,7:21,Iverson 26' 3PT Jump Shot (37 PTS) (Snow 5 AST),,,67 - 89,22
0020100337,395,2,1,4,1:05 PM,7:08,,,MISS Pierce 26' 3PT Jump Shot,,
0020100337,396,4,0,4,1:05 PM,7:06,,,Walker REBOUND (Off:1 Def:3),,
0020100337,397,2,5,4,1:05 PM,7:04,,,MISS Walker 2' Layup,,
0020100337,398,4,0,4,1:05 PM,7:01,Coleman REBOUND (Off:2 Def:6),,,,
0020100337,399,2,5,4,1:05 PM,6:57,MISS McKie  Layup,,Pierce BLOCK (2 BLK),,
0020100337,400,4,0,4,1:05 PM,6:55,,,Anderson REBOUND (Off:0 Def:3),,
0020100337,401,2,1,4,1:05 PM,6:48,,,MISS Walker 28' 3PT Jump Shot,,
0020100337,402,4,0,4,1:05 PM,6:47,,,Potapenko REBOUND (Off:5 Def:0),,
0020100337,403,6,3,4,1:05 PM,6:47,Ruffin L.B.FOUL (P1.T3),,,,
0020100337,404,8,0,4,1:05 PM,6:47,SUB: Mutombo FOR Ruffin,,,,
0020100337,405,8,0,4,1:05 PM,6:47,,,SUB: Brown FOR Anderson,,
0020100337,406,8,0,4,1:05 PM,6:47,SUB: Bell FOR McKie,,,,
0020100337,407,8,0,4,1:06 PM,6:47,,,SUB: Blount FOR Potapenko,,
0020100337,408,1,42,4,1:06 PM,6:40,,,Pierce  Driving Layup (21 PTS) (Walker 4 AST),69 - 89,20
0020100337,409,2,1,4,1:06 PM,6:15,MISS Iverson 26' 3PT Jump Shot,,,,
0020100337,410,4,0,4,1:06 PM,6:14,,,Strickland REBOUND (Off:0 Def:1),,
0020100337,411,1,1,4,1:07 PM,6:09,,,Pierce 28' 3PT Jump Shot (24 PTS) (Strickland 2 AST),72 - 89,17
0020100337,412,1,47,4,1:07 PM,5:42,Snow 11' Turnaround Jump Shot (4 PTS) (Bell 5 AST),,,72 - 91,19
0020100337,413,5,1,4,1:07 PM,5:28,Bell STEAL (1 STL),,Blount Bad Pass Turnover (P1.T11),,
0020100337,414,9,4,4,1:07 PM,5:24,,,,,
0020100337,415,6,2,4,1:07 PM,5:24,,,Pierce S.FOUL (P4.T3),,
0020100337,416,3,11,4,1:09 PM,5:24,Bell Free Throw 1 of 2 (3 PTS),,,72 - 92,20
0020100337,417,3,12,4,1:10 PM,5:24,Bell Free Throw 2 of 2 (4 PTS),,,72 - 93,21
0020100337,418,2,1,4,1:10 PM,5:09,,,MISS Walker 28' 3PT Jump Shot,,
0020100337,419,4,0,4,1:10 PM,5:07,Coleman REBOUND (Off:2 Def:7),,,,
0020100337,420,6,2,4,1:10 PM,4:51,,,Pierce S.FOUL (P5.T4),,
0020100337,421,8,0,4,1:11 PM,4:51,SUB: McKie FOR Bell,,,,
0020100337,422,3,11,4,1:11 PM,4:51,MISS Iverson Free Throw 1 of 2,,,,
0020100337,423,4,1,4,1:11 PM,4:51,76ERS Rebound,,,,
0020100337,424,8,0,4,1:11 PM,4:51,,,SUB: Johnson FOR Pierce,,
0020100337,425,8,0,4,1:11 PM,4:51,,,SUB: Williams FOR Walker,,
0020100337,426,3,12,4,1:11 PM,4:51,MISS Iverson Free Throw 2 of 2,,,,
0020100337,427,8,0,4,1:11 PM,4:51,SUB: Harpring FOR Coleman,,,,
0020100337,428,4,0,4,1:11 PM,4:51,,,Blount REBOUND (Off:0 Def:1),,
0020100337,429,2,1,4,1:12 PM,4:39,,,MISS Johnson 27' 3PT Jump Shot,,
0020100337,430,4,0,4,1:12 PM,4:38,McKie REBOUND (Off:0 Def:4),,,,
0020100337,431,2,1,4,1:12 PM,4:25,MISS Harpring 14' Jump Shot,,,,
0020100337,433,4,0,4,1:12 PM,4:22,Mutombo REBOUND (Off:4 Def:10),,,,
0020100337,432,2,1,4,1:12 PM,4:22,MISS Mutombo 7' Jump Shot,,,,
0020100337,435,4,0,4,1:12 PM,4:20,Harpring REBOUND (Off:1 Def:3),,,,
0020100337,434,1,5,4,1:12 PM,4:20,Harpring  Layup (5 PTS),,,72 - 95,23
0020100337,436,1,1,4,1:12 PM,3:58,,,Brown 28' 3PT Jump Shot (3 PTS) (Strickland 3 AST),75 - 95,20
0020100337,437,2,1,4,1:13 PM,3:39,MISS McKie 13' Jump Shot,,,,
0020100337,438,4,0,4,1:13 PM,3:37,,,Brown REBOUND (Off:0 Def:1),,
0020100337,439,1,1,4,1:13 PM,3:25,,,Johnson 27' 3PT Jump Shot (7 PTS) (Strickland 4 AST),78 - 95,17
0020100337,440,6,1,4,1:13 PM,3:12,,,Strickland P.FOUL (P4.PN),,
0020100337,441,9,1,4,1:13 PM,3:12,,,Celtics Timeout: Regular (Reg.4 Short 0),,
0020100337,442,8,0,4,1:14 PM,3:12,SUB: Ruffin FOR Mutombo,,,,
0020100337,444,8,0,4,1:15 PM,3:12,,,SUB: McCarty FOR Williams,,
0020100337,445,3,11,4,1:15 PM,3:12,Snow Free Throw 1 of 2 (5 PTS),,,78 - 96,18
0020100337,446,3,12,4,1:16 PM,3:12,Snow Free Throw 2 of 2 (6 PTS),,,78 - 97,19
0020100337,447,6,1,4,1:16 PM,3:10,Snow P.FOUL (P3.T4),,,,
0020100337,448,8,0,4,1:16 PM,3:10,SUB: Cummings FOR Snow,,,,
0020100337,450,1,42,4,1:16 PM,2:59,,,Johnson  Driving Layup (9 PTS),80 - 97,17
0020100337,451,2,1,4,1:17 PM,2:39,MISS Cummings 27' 3PT Jump Shot,,,,
0020100337,452,4,0,4,1:17 PM,2:37,Harpring REBOUND (Off:2 Def:3),,,,
0020100337,453,6,2,4,1:17 PM,2:36,,,Johnson S.FOUL (P3.PN),,
0020100337,454,8,0,4,1:17 PM,2:36,SUB: Brown FOR Iverson,,,,
0020100337,455,8,0,4,1:17 PM,2:36,SUB: Bell FOR McKie,,,,
0020100337,456,3,11,4,1:17 PM,2:36,Harpring Free Throw 1 of 2 (6 PTS),,,80 - 98,18
0020100337,457,3,12,4,1:17 PM,2:36,MISS Harpring Free Throw 2 of 2,,,,
0020100337,458,4,0,4,1:17 PM,2:34,,,Blount REBOUND (Off:0 Def:2),,
0020100337,459,5,2,4,1:18 PM,2:26,,,McCarty Lost Ball Turnover (P1.T12),,
0020100337,460,8,0,4,1:18 PM,2:26,SUB: Dalembert FOR Harpring,,,,
0020100337,461,5,2,4,1:18 PM,2:12,Brown Lost Ball Turnover (P1.T21),,Strickland STEAL (1 STL),,
0020100337,462,1,42,4,1:18 PM,2:07,,,Strickland  Driving Layup (6 PTS),82 - 98,16
0020100337,463,5,1,4,1:18 PM,1:51,Brown Bad Pass Turnover (P2.T22),,McCarty STEAL (1 STL),,
0020100337,464,6,1,4,1:19 PM,1:40,Brown P.FOUL (P1.PN),,,,
0020100337,465,3,11,4,1:19 PM,1:40,,,MISS Blount Free Throw 1 of 2,,
0020100337,466,4,1,4,1:19 PM,1:40,,,Celtics Rebound,,
0020100337,467,3,12,4,1:19 PM,1:40,,,Blount Free Throw 2 of 2 (1 PTS),83 - 98,15
0020100337,468,2,1,4,1:19 PM,1:26,MISS Brown 18' Jump Shot,,,,
0020100337,469,4,0,4,1:19 PM,1:23,,,Strickland REBOUND (Off:0 Def:2),,
0020100337,470,2,1,4,1:20 PM,1:16,,,MISS McCarty 29' 3PT Jump Shot,,
0020100337,471,4,0,4,1:20 PM,1:14,Cummings REBOUND (Off:0 Def:1),,,,
0020100337,472,2,1,4,1:20 PM,1:02,MISS Bell 19' Jump Shot,,,,
0020100337,473,4,0,4,1:20 PM,0:57,,,Brown REBOUND (Off:0 Def:2),,
0020100337,474,5,3,4,1:20 PM,0:42,,,Blount Out Of Bounds Turnover (P2.T13),,
0020100337,475,6,2,4,1:21 PM,0:25,,,Johnson S.FOUL (P4.PN),,
0020100337,476,3,11,4,1:21 PM,0:25,Bell Free Throw 1 of 2 (5 PTS),,,83 - 99,16
0020100337,477,3,12,4,1:21 PM,0:25,MISS Bell Free Throw 2 of 2,,,,
0020100337,478,4,0,4,1:21 PM,0:23,Bell REBOUND (Off:1 Def:1),,,,
0020100337,479,5,1,4,1:21 PM,0:17,Bell Bad Pass Turnover (P1.T23),,Johnson STEAL (4 STL),,
0020100337,480,6,2,4,1:21 PM,0:13,Cummings S.FOUL (P1.PN),,,,
0020100337,481,3,11,4,1:21 PM,0:13,,,MISS Johnson Free Throw 1 of 2,,
0020100337,482,4,1,4,1:21 PM,0:13,,,Celtics Rebound,,
0020100337,483,3,12,4,1:22 PM,0:13,,,MISS Johnson Free Throw 2 of 2,,
0020100337,484,4,0,4,1:22 PM,0:11,Ruffin REBOUND (Off:0 Def:2),,,,
0020100337,485,13,0,4,1:22 PM,0:00,,,,83 - 99,16
