GAME_ID,EVENTNUM,EVENTMSGTYPE,EVENTMSGACTIONTYPE,PERIOD,WCTIMESTRING,PCTIMESTRING,HOMEDESCRIPTION,NEUTRALDESCRIPTION,VISITORDESCRIPTION,SCORE,SCOREMARGIN,PERSON1TYPE,PLAYER1_ID,PLAYER1_NAME,PLAYER1_TEAM_ID,PLAYER1_TEAM_CITY,PLAYER1_TEAM_NICKNAME,PLAYER1_TEAM_ABBREVIATION,PERSON2TYPE,PLAYER2_ID,PLAYER2_NAME,PLAYER2_TEAM_ID,PLAYER2_TEAM_CITY,PLAYER2_TEAM_NICKNAME,PLAYER2_TEAM_ABBREVIATION,PERSON3TYPE,PLAYER3_ID,PLAYER3_NAME,PLAYER3_TEAM_ID,PLAYER3_TEAM_CITY,PLAYER3_TEAM_NICKNAME,PLAYER3_TEAM_ABBREVIATION,VIDEO_AVAILABLE_FLAG
0020100279,0,12,0,1,4:00 AM,12:00,,,,,,0,0,,,,,,0,0,,,,,,0,0,,,,,,0
0020100279,1,10,0,1,8:12 PM,12:00,Jump Ball Gasol vs. Mutombo: Tip to Austin,,,,,4,2200,Pau Gasol,1610612763.0,Memphis,Grizzlies,MEM,5,87,Dikembe Mutombo,1610612755.0,Philadelphia,76ers,PHI,4,1134,Ike Austin,1610612763.0,Memphis,Grizzlies,MEM,0
0020100279,2,1,1,1,8:12 PM,11:41,Austin 14' Jump Shot (2 PTS) (Williams 1 AST),,,0 - 2,2,4,1134,Ike Austin,1610612763.0,Memphis,Grizzlies,MEM,4,1715,Jason Williams,1610612763.0,Memphis,Grizzlies,MEM,0,0,,,,,,0
0020100279,3,1,1,1,8:12 PM,11:22,,,Claxton 14' Jump Shot (2 PTS),2 - 2,TIE,5,2049,Speedy Claxton,1610612755.0,Philadelphia,76ers,PHI,0,0,,,,,,0,0,,,,,,0
0020100279,4,2,1,1,8:13 PM,11:02,MISS Battier 5' Jump Shot,,,,,4,2203,Shane Battier,1610612763.0,Memphis,Grizzlies,MEM,0,0,,,,,,0,0,,,,,,0
0020100279,5,4,0,1,8:13 PM,10:59,,,Blount REBOUND (Off:0 Def:1),,,5,916,Corie Blount,1610612755.0,Philadelphia,76ers,PHI,0,0,,,,,,0,0,,,,,,0
0020100279,6,2,1,1,8:13 PM,10:51,,,MISS Claxton 18' Jump Shot,,,5,2049,Speedy Claxton,1610612755.0,Philadelphia,76ers,PHI,0,0,,,,,,0,0,,,,,,0
0020100279,7,4,0,1,8:13 PM,10:47,Austin REBOUND (Off:0 Def:1),,,,,4,1134,Ike Austin,1610612763.0,Memphis,Grizzlies,MEM,0,0,,,,,,0,0,,,,,,0
0020100279,8,1,1,1,8:14 PM,10:31,Austin 19' Jump Shot (4 PTS) (Williams 2 AST),,,2 - 4,2,4,1134,Ike Austin,1610612763.0,Memphis,Grizzlies,MEM,4,1715,Jason Williams,1610612763.0,Memphis,Grizzlies,MEM,0,0,,,,,,0
0020100279,9,6,2,1,8:14 PM,10:12,Battier S.FOUL (P1.T1),,,,,4,2203,Shane Battier,1610612763.0,Memphis,Grizzlies,MEM,0,0,,,,,,1,0,,,,,,0
0020100279,10,3,11,1,8:14 PM,10:12,,,Harpring Free Throw 1 of 2 (1 PTS),3 - 4,1,5,1723,Matt Harpring,1610612755.0,Philadelphia,76ers,PHI,0,0,,,,,,0,0,,,,,,0
0020100279,11,3,12,1,8:15 PM,10:12,,,Harpring Free Throw 2 of 2 (2 PTS),4 - 4,TIE,5,1723,Matt Harpring,1610612755.0,Philadelphia,76ers,PHI,0,0,,,,,,0,0,,,,,,0
0020100279,12,2,5,1,8:15 PM,9:58,MISS Gasol  Layup,,,,,4,2200,Pau Gasol,1610612763.0,Memphis,Grizzlies,MEM,0,0,,,,,,0,0,,,,,,0
0020100279,13,4,0,1,8:15 PM,9:54,,,Harpring REBOUND (Off:0 Def:1),,,5,1723,Matt Harpring,1610612755.0,Philadelphia,76ers,PHI,0,0,,,,,,0,0,,,,,,0
0020100279,14,2,1,1,8:15 PM,9:42,,,MISS Claxton 14' Jump Shot,,,5,2049,Speedy Claxton,1610612755.0,Philadelphia,76ers,PHI,0,0,,,,,,0,0,,,,,,0
0020100279,15,4,0,1,8:15 PM,9:39,Gasol REBOUND (Off:0 Def:1),,,,,4,2200,Pau Gasol,1610612763.0,Memphis,Grizzlies,MEM,0,0,,,,,,0,0,,,,,,0
0020100279,16,2,5,1,8:15 PM,9:29,MISS Gasol 2' Layup,,,,,4,2200,Pau Gasol,1610612763.0,Memphis,Grizzlies,MEM,0,0,,,,,,0,0,,,,,,0
0020100279,17,4,0,1,8:16 PM,9:26,,,Claxton REBOUND (Off:0 Def:1),,,5,2049,Speedy Claxton,1610612755.0,Philadelphia,76ers,PHI,0,0,,,,,,0,0,,,,,,0
0020100279,18,2,7,1,8:16 PM,9:22,,,MISS Blount  Dunk,,,5,916,Corie Blount,1610612755.0,Philadelphia,76ers,PHI,0,0,,,,,,0,0,,,,,,0
0020100279,19,4,0,1,8:16 PM,9:17,,,Cummings REBOUND (Off:1 Def:0),,,5,1907,Vonteego Cummings,1610612755.0,Philadelphia,76ers,PHI,0,0,,,,,,0,0,,,,,,0
0020100279,20,2,3,1,8:16 PM,9:06,,,MISS Mutombo 4' Hook Shot,,,5,87,Dikembe Mutombo,1610612755.0,Philadelphia,76ers,PHI,0,0,,,,,,0,0,,,,,,0
0020100279,21,4,0,1,8:16 PM,9:02,Buford REBOUND (Off:0 Def:1),,,,,4,1934,Rodney Buford,1610612763.0,Memphis,Grizzlies,MEM,0,0,,,,,,0,0,,,,,,0
0020100279,22,1,1,1,8:16 PM,8:57,Williams 25' 3PT Jump Shot (3 PTS),,,4 - 7,3,4,1715,Jason Williams,1610612763.0,Memphis,Grizzlies,MEM,0,0,,,,,,0,0,,,,,,0
0020100279,23,6,2,1,8:16 PM,8:39,Gasol S.FOUL (P1.T2),,,,,4,2200,Pau Gasol,1610612763.0,Memphis,Grizzlies,MEM,0,0,,,,,,1,0,,,,,,0
0020100279,24,3,11,1,8:17 PM,8:39,,,Harpring Free Throw 1 of 2 (3 PTS),5 - 7,2,5,1723,Matt Harpring,1610612755.0,Philadelphia,76ers,PHI,0,0,,,,,,0,0,,,,,,0
0020100279,25,3,12,1,8:17 PM,8:39,,,Harpring Free Throw 2 of 2 (4 PTS),6 - 7,1,5,1723,Matt Harpring,1610612755.0,Philadelphia,76ers,PHI,0,0,,,,,,0,0,,,,,,0
0020100279,26,2,1,1,8:17 PM,8:26,MISS Williams 26' 3PT Jump Shot,,,,,4,1715,Jason Williams,1610612763.0,Memphis,Grizzlies,MEM,0,0,,,,,,0,0,,,,,,0
0020100279,28,4,0,1,8:17 PM,8:21,Gasol REBOUND (Off:1 Def:1),,,,,4,2200,Pau Gasol,1610612763.0,Memphis,Grizzlies,MEM,0,0,,,,,,0,0,,,,,,0
0020100279,27,1,8,1,8:17 PM,8:21,Gasol  Slam Dunk (2 PTS),,,6 - 9,3,4,2200,Pau Gasol,1610612763.0,Memphis,Grizzlies,MEM,0,0,,,,,,0,0,,,,,,0
0020100279,29,5,4,1,8:18 PM,8:04,,,Mutombo Traveling Turnover (P1.T1),,,5,87,Dikembe Mutombo,1610612755.0,Philadelphia,76ers,PHI,0,0,,,,,,1,0,,,,,,0
0020100279,30,1,3,1,8:18 PM,7:51,Buford 5' Hook Shot (2 PTS),,,6 - 11,5,4,1934,Rodney Buford,1610612763.0,Memphis,Grizzlies,MEM,0,0,,,,,,0,0,,,,,,0
0020100279,31,2,1,1,8:19 PM,7:33,,,MISS Claxton 19' Jump Shot,,,5,2049,Speedy Claxton,1610612755.0,Philadelphia,76ers,PHI,0,0,,,,,,0,0,,,,,,0
0020100279,32,4,0,1,8:19 PM,7:29,Austin REBOUND (Off:0 Def:2),,,,,4,1134,Ike Austin,1610612763.0,Memphis,Grizzlies,MEM,0,0,,,,,,0,0,,,,,,0
0020100279,33,1,1,1,8:19 PM,7:25,Williams 20' Jump Shot (5 PTS),,,6 - 13,7,4,1715,Jason Williams,1610612763.0,Memphis,Grizzlies,MEM,0,0,,,,,,0,0,,,,,,0
0020100279,34,1,5,1,8:20 PM,7:03,,,Harpring  Layup (6 PTS) (Mutombo 1 AST),8 - 13,5,5,1723,Matt Harpring,1610612755.0,Philadelphia,76ers,PHI,5,87,Dikembe Mutombo,1610612755.0,Philadelphia,76ers,PHI,0,0,,,,,,0
0020100279,35,9,1,1,8:20 PM,6:57,GRIZZLIES Timeout: Regular (Full 1 Short 0),,,,,2,1610612763,,,,,,0,0,,,,,,0,0,,,,,,0
0020100279,37,1,3,1,8:22 PM,6:42,Gasol 7' Hook Shot (4 PTS),,,8 - 15,7,4,2200,Pau Gasol,1610612763.0,Memphis,Grizzlies,MEM,0,0,,,,,,0,0,,,,,,0
0020100279,38,1,42,1,8:23 PM,6:21,,,Claxton  Driving Layup (4 PTS),10 - 15,5,5,2049,Speedy Claxton,1610612755.0,Philadelphia,76ers,PHI,0,0,,,,,,0,0,,,,,,0
0020100279,39,2,1,1,8:23 PM,6:07,MISS Austin 19' Jump Shot,,,,,4,1134,Ike Austin,1610612763.0,Memphis,Grizzlies,MEM,0,0,,,,,,0,0,,,,,,0
0020100279,40,4,0,1,8:23 PM,6:03,,,Claxton REBOUND (Off:0 Def:2),,,5,2049,Speedy Claxton,1610612755.0,Philadelphia,76ers,PHI,0,0,,,,,,0,0,,,,,,0
0020100279,41,1,5,1,8:23 PM,5:58,,,Cummings  Layup (2 PTS) (Claxton 1 AST),12 - 15,3,5,1907,Vonteego Cummings,1610612755.0,Philadelphia,76ers,PHI,5,2049,Speedy Claxton,1610612755.0,Philadelphia,76ers,PHI,0,0,,,,,,0
0020100279,42,2,1,1,8:23 PM,5:41,MISS Gasol 7' Jump Shot,,Mutombo BLOCK (1 BLK),,,4,2200,Pau Gasol,1610612763.0,Memphis,Grizzlies,MEM,0,0,,,,,,5,87,Dikembe Mutombo,1610612755.0,Philadelphia,76ers,PHI,0
0020100279,43,4,0,1,8:24 PM,5:38,,,Cummings REBOUND (Off:1 Def:1),,,5,1907,Vonteego Cummings,1610612755.0,Philadelphia,76ers,PHI,0,0,,,,,,0,0,,,,,,0
0020100279,44,1,1,1,8:24 PM,5:36,,,Cummings 8' Jump Shot (4 PTS),14 - 15,1,5,1907,Vonteego Cummings,1610612755.0,Philadelphia,76ers,PHI,0,0,,,,,,0,0,,,,,,0
0020100279,45,1,1,1,8:24 PM,5:24,Williams 28' 3PT Jump Shot (8 PTS),,,14 - 18,4,4,1715,Jason Williams,1610612763.0,Memphis,Grizzlies,MEM,0,0,,,,,,0,0,,,,,,0
0020100279,46,1,47,1,8:24 PM,5:03,,,Mutombo 8' Turnaround Jump Shot (2 PTS),16 - 18,2,5,87,Dikembe Mutombo,1610612755.0,Philadelphia,76ers,PHI,0,0,,,,,,0,0,,,,,,0
0020100279,47,2,1,1,8:24 PM,4:56,MISS Williams 25' 3PT Jump Shot,,,,,4,1715,Jason Williams,1610612763.0,Memphis,Grizzlies,MEM,0,0,,,,,,0,0,,,,,,0
0020100279,48,4,0,1,8:24 PM,4:52,,,Mutombo REBOUND (Off:0 Def:1),,,5,87,Dikembe Mutombo,1610612755.0,Philadelphia,76ers,PHI,0,0,,,,,,0,0,,,,,,0
0020100279,49,2,58,1,8:25 PM,4:34,,,MISS Mutombo 8' Turnaround Hook Shot,,,5,87,Dikembe Mutombo,1610612755.0,Philadelphia,76ers,PHI,0,0,,,,,,0,0,,,,,,0
0020100279,50,4,0,1,8:25 PM,4:27,,,Blount REBOUND (Off:1 Def:1),,,5,916,Corie Blount,1610612755.0,Philadelphia,76ers,PHI,0,0,,,,,,0,0,,,,,,0
0020100279,51,1,1,1,8:25 PM,4:17,,,Harpring 15' Jump Shot (8 PTS) (Claxton 2 AST),18 - 18,TIE,5,1723,Matt Harpring,1610612755.0,Philadelphia,76ers,PHI,5,2049,Speedy Claxton,1610612755.0,Philadelphia,76ers,PHI,0,0,,,,,,0
0020100279,52,2,1,1,8:25 PM,4:00,MISS Battier 16' Jump Shot,,,,,4,2203,Shane Battier,1610612763.0,Memphis,Grizzlies,MEM,0,0,,,,,,0,0,,,,,,0
0020100279,53,4,0,1,8:25 PM,3:57,,,Mutombo REBOUND (Off:0 Def:2),,,5,87,Dikembe Mutombo,1610612755.0,Philadelphia,76ers,PHI,0,0,,,,,,0,0,,,,,,0
0020100279,54,1,1,1,8:25 PM,3:43,,,Mutombo 9' Jump Shot (4 PTS) (Cummings 1 AST),20 - 18,-2,5,87,Dikembe Mutombo,1610612755.0,Philadelphia,76ers,PHI,5,1907,Vonteego Cummings,1610612755.0,Philadelphia,76ers,PHI,0,0,,,,,,0
0020100279,55,1,1,1,8:26 PM,3:30,Williams 26' 3PT Jump Shot (11 PTS),,,20 - 21,1,4,1715,Jason Williams,1610612763.0,Memphis,Grizzlies,MEM,0,0,,,,,,0,0,,,,,,0
0020100279,56,9,1,1,8:26 PM,3:17,,,76ers Timeout: Regular (Reg.1 Short 0),,,3,1610612755,,,,,,0,0,,,,,,0,0,,,,,,0
0020100279,58,8,0,1,8:28 PM,3:17,,,SUB: Bell FOR Mutombo,,,5,87,Dikembe Mutombo,1610612755.0,Philadelphia,76ers,PHI,5,1952,Raja Bell,1610612755.0,Philadelphia,76ers,PHI,0,0,,,,,,0
0020100279,59,8,0,1,8:28 PM,3:17,,,SUB: Ruffin FOR Cummings,,,5,1907,Vonteego Cummings,1610612755.0,Philadelphia,76ers,PHI,5,1913,Michael Ruffin,1610612755.0,Philadelphia,76ers,PHI,0,0,,,,,,0
0020100279,60,8,0,1,8:28 PM,3:17,SUB: Knight FOR Williams,,,,,4,1715,Jason Williams,1610612763.0,Memphis,Grizzlies,MEM,4,1510,Brevin Knight,1610612763.0,Memphis,Grizzlies,MEM,0,0,,,,,,0
0020100279,61,5,8,1,8:29 PM,3:04,,,Blount 3 Second Violation Turnover (P1.T2),,,5,916,Corie Blount,1610612755.0,Philadelphia,76ers,PHI,0,0,,,,,,1,0,,,,,,0
0020100279,62,1,1,1,8:29 PM,2:51,Battier 24' 3PT Jump Shot (3 PTS) (Knight 1 AST),,,20 - 24,4,4,2203,Shane Battier,1610612763.0,Memphis,Grizzlies,MEM,4,1510,Brevin Knight,1610612763.0,Memphis,Grizzlies,MEM,0,0,,,,,,0
0020100279,63,2,1,1,8:29 PM,2:31,,,MISS Harpring  3PT Jump Shot,,,5,1723,Matt Harpring,1610612755.0,Philadelphia,76ers,PHI,0,0,,,,,,0,0,,,,,,0
0020100279,64,4,0,1,8:29 PM,2:29,,,Blount REBOUND (Off:2 Def:1),,,5,916,Corie Blount,1610612755.0,Philadelphia,76ers,PHI,0,0,,,,,,0,0,,,,,,0
0020100279,65,2,1,1,8:29 PM,2:19,,,MISS Blount 18' Jump Shot,,,5,916,Corie Blount,1610612755.0,Philadelphia,76ers,PHI,0,0,,,,,,0,0,,,,,,0
0020100279,66,4,0,1,8:29 PM,2:16,Gasol REBOUND (Off:1 Def:2),,,,,4,2200,Pau Gasol,1610612763.0,Memphis,Grizzlies,MEM,0,0,,,,,,0,0,,,,,,0
0020100279,67,2,5,1,8:30 PM,1:58,MISS Gasol 4' Layup,,Ruffin BLOCK (1 BLK),,,4,2200,Pau Gasol,1610612763.0,Memphis,Grizzlies,MEM,0,0,,,,,,5,1913,Michael Ruffin,1610612755.0,Philadelphia,76ers,PHI,0
0020100279,68,4,0,1,8:30 PM,1:53,,,Claxton REBOUND (Off:0 Def:3),,,5,2049,Speedy Claxton,1610612755.0,Philadelphia,76ers,PHI,0,0,,,,,,0,0,,,,,,0
0020100279,69,2,5,1,8:30 PM,1:50,,,MISS Bell  Layup,,,5,1952,Raja Bell,1610612755.0,Philadelphia,76ers,PHI,0,0,,,,,,0,0,,,,,,0
0020100279,70,4,0,1,8:30 PM,1:48,Austin REBOUND (Off:0 Def:3),,,,,4,1134,Ike Austin,1610612763.0,Memphis,Grizzlies,MEM,0,0,,,,,,0,0,,,,,,0
0020100279,71,6,2,1,8:30 PM,1:44,,,Harpring S.FOUL (P1.T1),,,5,1723,Matt Harpring,1610612755.0,Philadelphia,76ers,PHI,0,0,,,,,,1,0,,,,,,0
0020100279,72,8,0,1,8:30 PM,1:44,SUB: Massenburg FOR Austin,,,,,4,1134,Ike Austin,1610612763.0,Memphis,Grizzlies,MEM,4,763,Tony Massenburg,1610612763.0,Memphis,Grizzlies,MEM,0,0,,,,,,0
0020100279,73,3,11,1,8:30 PM,1:44,Knight Free Throw 1 of 2 (1 PTS),,,20 - 25,5,4,1510,Brevin Knight,1610612763.0,Memphis,Grizzlies,MEM,0,0,,,,,,0,0,,,,,,0
0020100279,75,8,0,1,8:31 PM,1:44,SUB: Long FOR Gasol,,,,,4,2200,Pau Gasol,1610612763.0,Memphis,Grizzlies,MEM,4,3,Grant Long,1610612763.0,Memphis,Grizzlies,MEM,0,0,,,,,,0
0020100279,76,3,12,1,8:31 PM,1:44,Knight Free Throw 2 of 2 (2 PTS),,,20 - 26,6,4,1510,Brevin Knight,1610612763.0,Memphis,Grizzlies,MEM,0,0,,,,,,0,0,,,,,,0
0020100279,77,2,5,1,8:31 PM,1:26,Long BLOCK (1 BLK),,MISS Claxton  Layup,,,5,2049,Speedy Claxton,1610612755.0,Philadelphia,76ers,PHI,0,0,,,,,,4,3,Grant Long,1610612763.0,Memphis,Grizzlies,MEM,0
0020100279,79,4,0,1,8:31 PM,1:18,,,Ruffin REBOUND (Off:1 Def:0),,,5,1913,Michael Ruffin,1610612755.0,Philadelphia,76ers,PHI,0,0,,,,,,0,0,,,,,,0
0020100279,78,1,5,1,8:31 PM,1:18,,,Ruffin  Layup (2 PTS),22 - 26,4,5,1913,Michael Ruffin,1610612755.0,Philadelphia,76ers,PHI,0,0,,,,,,0,0,,,,,,0
0020100279,80,6,2,1,8:32 PM,1:02,,,Blount S.FOUL (P1.PN),,,5,916,Corie Blount,1610612755.0,Philadelphia,76ers,PHI,0,0,,,,,,1,0,,,,,,0
0020100279,81,3,11,1,8:32 PM,1:02,Battier Free Throw 1 of 2 (4 PTS),,,22 - 27,5,4,2203,Shane Battier,1610612763.0,Memphis,Grizzlies,MEM,0,0,,,,,,0,0,,,,,,0
0020100279,82,8,0,1,8:32 PM,1:02,,,SUB: Cummings FOR Claxton,,,5,2049,Speedy Claxton,1610612755.0,Philadelphia,76ers,PHI,5,1907,Vonteego Cummings,1610612755.0,Philadelphia,76ers,PHI,0,0,,,,,,0
0020100279,83,3,12,1,8:32 PM,1:02,Battier Free Throw 2 of 2 (5 PTS),,,22 - 28,6,4,2203,Shane Battier,1610612763.0,Memphis,Grizzlies,MEM,0,0,,,,,,0,0,,,,,,0
0020100279,84,2,1,1,8:33 PM,0:47,,,MISS Bell 26' 3PT Jump Shot,,,5,1952,Raja Bell,1610612755.0,Philadelphia,76ers,PHI,0,0,,,,,,0,0,,,,,,0
0020100279,85,4,0,1,8:33 PM,0:46,,,Blount REBOUND (Off:3 Def:1),,,5,916,Corie Blount,1610612755.0,Philadelphia,76ers,PHI,0,0,,,,,,0,0,,,,,,0
0020100279,86,6,2,1,8:33 PM,0:46,Buford S.FOUL (P1.T3),,,,,4,1934,Rodney Buford,1610612763.0,Memphis,Grizzlies,MEM,0,0,,,,,,1,0,,,,,,0
0020100279,87,3,11,1,8:33 PM,0:46,,,Blount Free Throw 1 of 2 (1 PTS),23 - 28,5,5,916,Corie Blount,1610612755.0,Philadelphia,76ers,PHI,0,0,,,,,,0,0,,,,,,0
0020100279,88,3,12,1,8:33 PM,0:46,,,Blount Free Throw 2 of 2 (2 PTS),24 - 28,4,5,916,Corie Blount,1610612755.0,Philadelphia,76ers,PHI,0,0,,,,,,0,0,,,,,,0
0020100279,89,1,1,1,8:34 PM,0:35,Buford 21' Jump Shot (4 PTS) (Battier 1 AST),,,24 - 30,6,4,1934,Rodney Buford,1610612763.0,Memphis,Grizzlies,MEM,4,2203,Shane Battier,1610612763.0,Memphis,Grizzlies,MEM,0,0,,,,,,0
0020100279,90,2,1,1,8:34 PM,0:14,,,MISS Harpring  3PT Jump Shot,,,5,1723,Matt Harpring,1610612755.0,Philadelphia,76ers,PHI,0,0,,,,,,0,0,,,,,,0
0020100279,91,4,0,1,8:34 PM,0:09,Battier REBOUND (Off:0 Def:1),,,,,4,2203,Shane Battier,1610612763.0,Memphis,Grizzlies,MEM,0,0,,,,,,0,0,,,,,,0
0020100279,92,6,1,1,8:34 PM,0:06,,,Bell P.FOUL (P1.PN),,,5,1952,Raja Bell,1610612755.0,Philadelphia,76ers,PHI,0,0,,,,,,1,0,,,,,,0
0020100279,93,3,11,1,8:34 PM,0:06,Long Free Throw 1 of 2 (1 PTS),,,24 - 31,7,4,3,Grant Long,1610612763.0,Memphis,Grizzlies,MEM,0,0,,,,,,0,0,,,,,,0
0020100279,94,8,0,1,8:35 PM,0:06,,,SUB: Claxton FOR Harpring,,,5,1723,Matt Harpring,1610612755.0,Philadelphia,76ers,PHI,5,2049,Speedy Claxton,1610612755.0,Philadelphia,76ers,PHI,0,0,,,,,,0
0020100279,95,3,12,1,8:35 PM,0:06,Long Free Throw 2 of 2 (2 PTS),,,24 - 32,8,4,3,Grant Long,1610612763.0,Memphis,Grizzlies,MEM,0,0,,,,,,0,0,,,,,,0
0020100279,96,5,2,1,8:35 PM,0:04,,,Claxton Lost Ball Turnover (P1.T3),,,5,2049,Speedy Claxton,1610612755.0,Philadelphia,76ers,PHI,0,0,,,,,,0,0,,,,,,0
0020100279,97,8,0,1,8:35 PM,0:04,SUB: Gasol FOR Long,,,,,4,3,Grant Long,1610612763.0,Memphis,Grizzlies,MEM,4,2200,Pau Gasol,1610612763.0,Memphis,Grizzlies,MEM,0,0,,,,,,0
0020100279,98,1,1,1,8:36 PM,0:00,Massenburg 27' 3PT Jump Shot (3 PTS) (Battier 2 AST),,,24 - 35,11,4,763,Tony Massenburg,1610612763.0,Memphis,Grizzlies,MEM,4,2203,Shane Battier,1610612763.0,Memphis,Grizzlies,MEM,0,0,,,,,,0
0020100279,99,13,0,1,8:36 PM,0:00,,,,24 - 35,11,0,0,,,,,,0,0,,,,,,0,0,,,,,,0
0020100279,101,12,0,2,8:38 PM,12:00,,,,24 - 35,11,0,0,,,,,,0,0,,,,,,0,0,,,,,,0
0020100279,102,1,1,2,8:39 PM,11:50,,,Claxton 8' Jump Shot (6 PTS),26 - 35,9,5,2049,Speedy Claxton,1610612755.0,Philadelphia,76ers,PHI,0,0,,,,,,0,0,,,,,,0
0020100279,103,6,1,2,8:39 PM,11:44,,,Cummings P.FOUL (P1.T1),,,5,1907,Vonteego Cummings,1610612755.0,Philadelphia,76ers,PHI,0,0,,,,,,1,0,,,,,,0
0020100279,104,8,0,2,8:39 PM,11:44,,,SUB: Brown FOR Claxton,,,5,2049,Speedy Claxton,1610612755.0,Philadelphia,76ers,PHI,5,2245,Damone Brown,1610612755.0,Philadelphia,76ers,PHI,0,0,,,,,,0
0020100279,105,2,1,2,8:41 PM,11:27,MISS Battier 13' Jump Shot,,,,,4,2203,Shane Battier,1610612763.0,Memphis,Grizzlies,MEM,0,0,,,,,,0,0,,,,,,0
0020100279,106,4,0,2,8:41 PM,11:24,Massenburg REBOUND (Off:1 Def:0),,,,,4,763,Tony Massenburg,1610612763.0,Memphis,Grizzlies,MEM,0,0,,,,,,0,0,,,,,,0
0020100279,107,2,1,2,8:42 PM,11:07,MISS Battier 15' Jump Shot,,,,,4,2203,Shane Battier,1610612763.0,Memphis,Grizzlies,MEM,0,0,,,,,,0,0,,,,,,0
0020100279,108,4,0,2,8:42 PM,11:04,,,Ruffin REBOUND (Off:1 Def:1),,,5,1913,Michael Ruffin,1610612755.0,Philadelphia,76ers,PHI,0,0,,,,,,0,0,,,,,,0
0020100279,109,6,1,2,8:42 PM,10:46,Battier P.FOUL (P2.T1),,,,,4,2203,Shane Battier,1610612763.0,Memphis,Grizzlies,MEM,0,0,,,,,,1,0,,,,,,0
0020100279,110,8,0,2,8:42 PM,10:46,SUB: Williams FOR Battier,,,,,4,2203,Shane Battier,1610612763.0,Memphis,Grizzlies,MEM,4,1715,Jason Williams,1610612763.0,Memphis,Grizzlies,MEM,0,0,,,,,,0
0020100279,111,2,1,2,8:43 PM,10:38,,,MISS Bell 17' Jump Shot,,,5,1952,Raja Bell,1610612755.0,Philadelphia,76ers,PHI,0,0,,,,,,0,0,,,,,,0
0020100279,112,4,0,2,8:43 PM,10:38,Long REBOUND (Off:0 Def:1),,,,,4,3,Grant Long,1610612763.0,Memphis,Grizzlies,MEM,0,0,,,,,,0,0,,,,,,0
0020100279,113,6,1,2,8:43 PM,10:38,,,Ruffin P.FOUL (P1.T2),,,5,1913,Michael Ruffin,1610612755.0,Philadelphia,76ers,PHI,0,0,,,,,,1,0,,,,,,0
0020100279,114,2,1,2,8:43 PM,10:20,MISS Williams 16' Jump Shot,,,,,4,1715,Jason Williams,1610612763.0,Memphis,Grizzlies,MEM,0,0,,,,,,0,0,,,,,,0
0020100279,115,4,0,2,8:43 PM,10:17,,,Ruffin REBOUND (Off:1 Def:2),,,5,1913,Michael Ruffin,1610612755.0,Philadelphia,76ers,PHI,0,0,,,,,,0,0,,,,,,0
0020100279,116,5,2,2,8:44 PM,10:04,,,Brown Lost Ball Turnover (P1.T4),,,5,2245,Damone Brown,1610612755.0,Philadelphia,76ers,PHI,0,0,,,,,,0,0,,,,,,0
0020100279,117,2,46,2,8:44 PM,9:46,MISS Buford 3' Running Jump Shot,,,,,4,1934,Rodney Buford,1610612763.0,Memphis,Grizzlies,MEM,0,0,,,,,,0,0,,,,,,0
0020100279,118,4,0,2,8:44 PM,9:41,,,Ruffin REBOUND (Off:1 Def:3),,,5,1913,Michael Ruffin,1610612755.0,Philadelphia,76ers,PHI,0,0,,,,,,0,0,,,,,,0
0020100279,119,6,2,2,8:44 PM,9:40,Long S.FOUL (P1.T2),,,,,4,3,Grant Long,1610612763.0,Memphis,Grizzlies,MEM,0,0,,,,,,1,0,,,,,,0
0020100279,120,3,11,2,8:44 PM,9:40,,,Bell Free Throw 1 of 2 (1 PTS),27 - 35,8,5,1952,Raja Bell,1610612755.0,Philadelphia,76ers,PHI,0,0,,,,,,0,0,,,,,,0
0020100279,121,8,0,2,8:45 PM,9:40,SUB: Gasol FOR Buford,,,,,4,1934,Rodney Buford,1610612763.0,Memphis,Grizzlies,MEM,4,2200,Pau Gasol,1610612763.0,Memphis,Grizzlies,MEM,0,0,,,,,,0
0020100279,122,3,12,2,8:45 PM,9:40,,,Bell Free Throw 2 of 2 (2 PTS),28 - 35,7,5,1952,Raja Bell,1610612755.0,Philadelphia,76ers,PHI,0,0,,,,,,0,0,,,,,,0
0020100279,123,6,1,2,8:45 PM,9:30,,,Mutombo P.FOUL (P1.T3),,,5,87,Dikembe Mutombo,1610612755.0,Philadelphia,76ers,PHI,0,0,,,,,,1,0,,,,,,0
0020100279,124,6,11,2,8:46 PM,9:30,Knight T.FOUL (P0.T2),,,,,4,1510,Brevin Knight,1610612763.0,Memphis,Grizzlies,MEM,0,0,,,,,,1,0,,,,,,0
0020100279,125,3,16,2,8:46 PM,9:30,,,Cummings Free Throw Technical (5 PTS),29 - 35,6,5,1907,Vonteego Cummings,1610612755.0,Philadelphia,76ers,PHI,0,0,,,,,,0,0,,,,,,0
0020100279,126,2,1,2,8:46 PM,9:21,MISS Williams 21' Jump Shot,,,,,4,1715,Jason Williams,1610612763.0,Memphis,Grizzlies,MEM,0,0,,,,,,0,0,,,,,,0
0020100279,127,4,0,2,8:46 PM,9:17,,,Mutombo REBOUND (Off:0 Def:3),,,5,87,Dikembe Mutombo,1610612755.0,Philadelphia,76ers,PHI,0,0,,,,,,0,0,,,,,,0
0020100279,128,5,8,2,8:47 PM,9:08,,,Mutombo 3 Second Violation Turnover (P2.T5),,,5,87,Dikembe Mutombo,1610612755.0,Philadelphia,76ers,PHI,0,0,,,,,,1,0,,,,,,0
0020100279,129,5,1,2,8:47 PM,8:50,Williams Bad Pass Turnover (P1.T1),,Mutombo STEAL (1 STL),,,4,1715,Jason Williams,1610612763.0,Memphis,Grizzlies,MEM,5,87,Dikembe Mutombo,1610612755.0,Philadelphia,76ers,PHI,0,0,,,,,,0
0020100279,130,2,46,2,8:47 PM,8:40,,,MISS Mutombo 9' Running Jump Shot,,,5,87,Dikembe Mutombo,1610612755.0,Philadelphia,76ers,PHI,0,0,,,,,,0,0,,,,,,0
0020100279,131,4,0,2,8:47 PM,8:37,Knight REBOUND (Off:0 Def:1),,,,,4,1510,Brevin Knight,1610612763.0,Memphis,Grizzlies,MEM,0,0,,,,,,0,0,,,,,,0
0020100279,132,1,1,2,8:47 PM,8:31,Gasol 16' Jump Shot (6 PTS) (Long 1 AST),,,29 - 37,8,4,2200,Pau Gasol,1610612763.0,Memphis,Grizzlies,MEM,4,3,Grant Long,1610612763.0,Memphis,Grizzlies,MEM,0,0,,,,,,0
0020100279,133,1,41,2,8:48 PM,8:14,,,Cummings  Running Layup (7 PTS),31 - 37,6,5,1907,Vonteego Cummings,1610612755.0,Philadelphia,76ers,PHI,0,0,,,,,,0,0,,,,,,0
0020100279,134,6,2,2,8:48 PM,8:14,Knight S.FOUL (P1.T3),,,,,4,1510,Brevin Knight,1610612763.0,Memphis,Grizzlies,MEM,0,0,,,,,,1,0,,,,,,0
0020100279,135,9,4,2,8:48 PM,8:14,,,,,,1,0,,,,,,0,0,,,,,,0,0,,,,,,0
0020100279,137,8,0,2,8:50 PM,8:14,SUB: Austin FOR Massenburg,,,,,4,763,Tony Massenburg,1610612763.0,Memphis,Grizzlies,MEM,4,1134,Ike Austin,1610612763.0,Memphis,Grizzlies,MEM,0,0,,,,,,0
0020100279,138,3,10,2,8:50 PM,8:14,,,MISS Cummings Free Throw 1 of 1,,,5,1907,Vonteego Cummings,1610612755.0,Philadelphia,76ers,PHI,0,0,,,,,,0,0,,,,,,0
0020100279,139,4,0,2,8:50 PM,8:10,,,Mutombo REBOUND (Off:1 Def:3),,,5,87,Dikembe Mutombo,1610612755.0,Philadelphia,76ers,PHI,0,0,,,,,,0,0,,,,,,0
0020100279,140,5,2,2,8:51 PM,8:01,Williams STEAL (1 STL),,Bell Lost Ball Turnover (P1.T6),,,5,1952,Raja Bell,1610612755.0,Philadelphia,76ers,PHI,4,1715,Jason Williams,1610612763.0,Memphis,Grizzlies,MEM,0,0,,,,,,0
0020100279,141,2,5,2,8:51 PM,7:53,MISS Gasol  Layup,,,,,4,2200,Pau Gasol,1610612763.0,Memphis,Grizzlies,MEM,0,0,,,,,,0,0,,,,,,0
0020100279,142,4,0,2,8:51 PM,7:50,,,Ruffin REBOUND (Off:1 Def:4),,,5,1913,Michael Ruffin,1610612755.0,Philadelphia,76ers,PHI,0,0,,,,,,0,0,,,,,,0
0020100279,143,6,4,2,8:51 PM,7:42,,,Brown OFF.Foul (P1),,,5,2245,Damone Brown,1610612755.0,Philadelphia,76ers,PHI,0,0,,,,,,1,0,,,,,,0
0020100279,144,5,5,2,8:51 PM,7:42,,,Brown Foul Turnover (P2.T7),,,5,2245,Damone Brown,1610612755.0,Philadelphia,76ers,PHI,0,0,,,,,,0,0,,,,,,0
0020100279,145,8,0,2,8:51 PM,7:42,SUB: Battier FOR Knight,,,,,4,1510,Brevin Knight,1610612763.0,Memphis,Grizzlies,MEM,4,2203,Shane Battier,1610612763.0,Memphis,Grizzlies,MEM,0,0,,,,,,0
0020100279,146,8,0,2,8:51 PM,7:42,,,SUB: Harpring FOR Brown,,,5,2245,Damone Brown,1610612755.0,Philadelphia,76ers,PHI,5,1723,Matt Harpring,1610612755.0,Philadelphia,76ers,PHI,0,0,,,,,,0
0020100279,147,1,3,2,8:52 PM,7:26,Gasol 7' Hook Shot (8 PTS) (Williams 3 AST),,,31 - 39,8,4,2200,Pau Gasol,1610612763.0,Memphis,Grizzlies,MEM,4,1715,Jason Williams,1610612763.0,Memphis,Grizzlies,MEM,0,0,,,,,,0
0020100279,148,2,1,2,8:52 PM,7:09,,,MISS Harpring 15' Jump Shot,,,5,1723,Matt Harpring,1610612755.0,Philadelphia,76ers,PHI,0,0,,,,,,0,0,,,,,,0
0020100279,149,4,0,2,8:52 PM,7:07,GRIZZLIES Rebound,,,,,2,1610612763,,,,,,0,0,,,,,,0,0,,,,,,0
0020100279,151,7,2,2,8:52 PM,7:04,,,Mutombo Violation:Defensive Goaltending,,,5,87,Dikembe Mutombo,1610612755.0,Philadelphia,76ers,PHI,0,0,,,,,,1,0,,,,,,0
0020100279,150,1,5,2,8:52 PM,7:04,Battier  Layup (7 PTS) (Williams 4 AST),,,31 - 41,10,4,2203,Shane Battier,1610612763.0,Memphis,Grizzlies,MEM,4,1715,Jason Williams,1610612763.0,Memphis,Grizzlies,MEM,0,0,,,,,,0
0020100279,152,5,8,2,8:53 PM,6:43,,,Mutombo 3 Second Violation Turnover (P3.T8),,,5,87,Dikembe Mutombo,1610612755.0,Philadelphia,76ers,PHI,0,0,,,,,,1,0,,,,,,0
0020100279,153,2,47,2,8:53 PM,6:22,MISS Battier 15' Turnaround Jump Shot,,,,,4,2203,Shane Battier,1610612763.0,Memphis,Grizzlies,MEM,0,0,,,,,,0,0,,,,,,0
0020100279,154,4,0,2,8:53 PM,6:16,,,Bell REBOUND (Off:0 Def:1),,,5,1952,Raja Bell,1610612755.0,Philadelphia,76ers,PHI,0,0,,,,,,0,0,,,,,,0
0020100279,155,2,1,2,8:54 PM,6:08,,,MISS Harpring 20' Jump Shot,,,5,1723,Matt Harpring,1610612755.0,Philadelphia,76ers,PHI,0,0,,,,,,0,0,,,,,,0
0020100279,156,4,0,2,8:54 PM,6:03,Long REBOUND (Off:0 Def:2),,,,,4,3,Grant Long,1610612763.0,Memphis,Grizzlies,MEM,0,0,,,,,,0,0,,,,,,0
0020100279,157,1,3,2,8:54 PM,5:57,Gasol 4' Hook Shot (10 PTS) (Williams 5 AST),,,31 - 43,12,4,2200,Pau Gasol,1610612763.0,Memphis,Grizzlies,MEM,4,1715,Jason Williams,1610612763.0,Memphis,Grizzlies,MEM,0,0,,,,,,0
0020100279,158,9,1,2,8:54 PM,5:51,,,76ers Timeout: Regular (Reg.2 Short 0),,,3,1610612755,,,,,,0,0,,,,,,0,0,,,,,,0
0020100279,160,8,0,2,8:56 PM,5:51,,,SUB: Blount FOR Ruffin,,,5,1913,Michael Ruffin,1610612755.0,Philadelphia,76ers,PHI,5,916,Corie Blount,1610612755.0,Philadelphia,76ers,PHI,0,0,,,,,,0
0020100279,161,1,46,2,8:57 PM,5:39,,,Cummings 13' Running Jump Shot (9 PTS),33 - 43,10,5,1907,Vonteego Cummings,1610612755.0,Philadelphia,76ers,PHI,0,0,,,,,,0,0,,,,,,0
0020100279,162,2,1,2,8:57 PM,5:21,MISS Williams 26' 3PT Jump Shot,,,,,4,1715,Jason Williams,1610612763.0,Memphis,Grizzlies,MEM,0,0,,,,,,0,0,,,,,,0
0020100279,163,4,0,2,8:57 PM,5:19,,,Mutombo REBOUND (Off:1 Def:4),,,5,87,Dikembe Mutombo,1610612755.0,Philadelphia,76ers,PHI,0,0,,,,,,0,0,,,,,,0
0020100279,164,2,1,2,8:58 PM,5:04,,,MISS Harpring 18' Jump Shot,,,5,1723,Matt Harpring,1610612755.0,Philadelphia,76ers,PHI,0,0,,,,,,0,0,,,,,,0
0020100279,165,4,0,2,8:58 PM,5:00,Gasol REBOUND (Off:1 Def:3),,,,,4,2200,Pau Gasol,1610612763.0,Memphis,Grizzlies,MEM,0,0,,,,,,0,0,,,,,,0
0020100279,166,1,5,2,8:58 PM,4:51,Gasol  Layup (12 PTS) (Long 2 AST),,,33 - 45,12,4,2200,Pau Gasol,1610612763.0,Memphis,Grizzlies,MEM,4,3,Grant Long,1610612763.0,Memphis,Grizzlies,MEM,0,0,,,,,,0
0020100279,167,2,5,2,8:58 PM,4:34,,,MISS Cummings  Layup,,,5,1907,Vonteego Cummings,1610612755.0,Philadelphia,76ers,PHI,0,0,,,,,,0,0,,,,,,0
0020100279,168,4,0,2,8:58 PM,4:30,Austin REBOUND (Off:0 Def:4),,,,,4,1134,Ike Austin,1610612763.0,Memphis,Grizzlies,MEM,0,0,,,,,,0,0,,,,,,0
0020100279,169,1,5,2,8:58 PM,4:27,Williams  Layup (13 PTS),,,33 - 47,14,4,1715,Jason Williams,1610612763.0,Memphis,Grizzlies,MEM,0,0,,,,,,0,0,,,,,,0
0020100279,170,8,0,2,8:59 PM,4:06,,,SUB: Brown FOR Harpring,,,5,1723,Matt Harpring,1610612755.0,Philadelphia,76ers,PHI,5,2245,Damone Brown,1610612755.0,Philadelphia,76ers,PHI,0,0,,,,,,0
0020100279,171,5,1,2,8:59 PM,4:03,Austin STEAL (1 STL),,Cummings Bad Pass Turnover (P1.T9),,,5,1907,Vonteego Cummings,1610612755.0,Philadelphia,76ers,PHI,4,1134,Ike Austin,1610612763.0,Memphis,Grizzlies,MEM,0,0,,,,,,0
0020100279,172,1,5,2,8:59 PM,3:58,Gasol  Layup (14 PTS) (Williams 6 AST),,,33 - 49,16,4,2200,Pau Gasol,1610612763.0,Memphis,Grizzlies,MEM,4,1715,Jason Williams,1610612763.0,Memphis,Grizzlies,MEM,0,0,,,,,,0
0020100279,173,9,2,2,8:59 PM,3:51,,,76ers Timeout: Short (Reg.2 Short 1),,,3,1610612755,,,,,,0,0,,,,,,0,0,,,,,,0
0020100279,176,6,17,2,9:01 PM,3:44,GRIZZLIES T.Foul (Def. 3 Sec Austin ),,,,,4,1134,Ike Austin,1610612763.0,Memphis,Grizzlies,MEM,0,0,,,,,,1,0,,,,,,0
0020100279,177,3,16,2,9:01 PM,3:44,,,Cummings Free Throw Technical (10 PTS),34 - 49,15,5,1907,Vonteego Cummings,1610612755.0,Philadelphia,76ers,PHI,0,0,,,,,,0,0,,,,,,0
0020100279,178,2,47,2,9:01 PM,3:34,,,MISS Mutombo 12' Turnaround Jump Shot,,,5,87,Dikembe Mutombo,1610612755.0,Philadelphia,76ers,PHI,0,0,,,,,,0,0,,,,,,0
0020100279,179,4,0,2,9:01 PM,3:32,Gasol REBOUND (Off:1 Def:4),,,,,4,2200,Pau Gasol,1610612763.0,Memphis,Grizzlies,MEM,0,0,,,,,,0,0,,,,,,0
0020100279,180,1,1,2,9:01 PM,3:17,Williams 19' Jump Shot (15 PTS),,,34 - 51,17,4,1715,Jason Williams,1610612763.0,Memphis,Grizzlies,MEM,0,0,,,,,,0,0,,,,,,0
0020100279,181,2,46,2,9:02 PM,2:54,Gasol BLOCK (1 BLK),,MISS Bell 6' Running Jump Shot,,,5,1952,Raja Bell,1610612755.0,Philadelphia,76ers,PHI,0,0,,,,,,4,2200,Pau Gasol,1610612763.0,Memphis,Grizzlies,MEM,0
0020100279,182,4,0,2,9:02 PM,2:49,Long REBOUND (Off:0 Def:3),,,,,4,3,Grant Long,1610612763.0,Memphis,Grizzlies,MEM,0,0,,,,,,0,0,,,,,,0
0020100279,183,2,1,2,9:02 PM,2:41,MISS Battier 26' 3PT Jump Shot,,,,,4,2203,Shane Battier,1610612763.0,Memphis,Grizzlies,MEM,0,0,,,,,,0,0,,,,,,0
0020100279,184,4,0,2,9:02 PM,2:37,Battier REBOUND (Off:1 Def:1),,,,,4,2203,Shane Battier,1610612763.0,Memphis,Grizzlies,MEM,0,0,,,,,,0,0,,,,,,0
0020100279,185,6,1,2,9:02 PM,2:27,,,Brown P.FOUL (P2.T4),,,5,2245,Damone Brown,1610612755.0,Philadelphia,76ers,PHI,0,0,,,,,,1,0,,,,,,0
0020100279,186,9,1,2,9:03 PM,2:27,GRIZZLIES Timeout: Regular (Full 2 Short 0),,,,,2,1610612763,,,,,,0,0,,,,,,0,0,,,,,,0
0020100279,188,5,13,2,9:05 PM,2:15,Williams Backcourt Turnover (P2.T2),,,,,4,1715,Jason Williams,1610612763.0,Memphis,Grizzlies,MEM,0,0,,,,,,1,0,,,,,,0
0020100279,189,1,1,2,9:05 PM,2:00,,,Cummings 8' Jump Shot (12 PTS),36 - 51,15,5,1907,Vonteego Cummings,1610612755.0,Philadelphia,76ers,PHI,0,0,,,,,,0,0,,,,,,0
0020100279,190,2,1,2,9:06 PM,1:34,MISS Austin 24' 3PT Jump Shot,,,,,4,1134,Ike Austin,1610612763.0,Memphis,Grizzlies,MEM,0,0,,,,,,0,0,,,,,,0
0020100279,191,4,0,2,9:06 PM,1:30,,,Bell REBOUND (Off:0 Def:2),,,5,1952,Raja Bell,1610612755.0,Philadelphia,76ers,PHI,0,0,,,,,,0,0,,,,,,0
0020100279,192,2,1,2,9:06 PM,1:22,,,MISS Brown 21' Jump Shot,,,5,2245,Damone Brown,1610612755.0,Philadelphia,76ers,PHI,0,0,,,,,,0,0,,,,,,0
0020100279,193,4,0,2,9:06 PM,1:18,Gasol REBOUND (Off:1 Def:5),,,,,4,2200,Pau Gasol,1610612763.0,Memphis,Grizzlies,MEM,0,0,,,,,,0,0,,,,,,0
0020100279,194,2,1,2,9:06 PM,1:00,MISS Battier 17' Jump Shot,,,,,4,2203,Shane Battier,1610612763.0,Memphis,Grizzlies,MEM,0,0,,,,,,0,0,,,,,,0
0020100279,195,4,0,2,9:07 PM,0:59,,,76ers Rebound,,,3,1610612755,,,,,,0,0,,,,,,0,0,,,,,,0
0020100279,196,8,0,2,9:07 PM,0:59,SUB: Buford FOR Battier,,,,,4,2203,Shane Battier,1610612763.0,Memphis,Grizzlies,MEM,4,1934,Rodney Buford,1610612763.0,Memphis,Grizzlies,MEM,0,0,,,,,,0
0020100279,197,5,2,2,9:07 PM,0:52,Long STEAL (1 STL),,Bell Lost Ball Turnover (P2.T10),,,5,1952,Raja Bell,1610612755.0,Philadelphia,76ers,PHI,4,3,Grant Long,1610612763.0,Memphis,Grizzlies,MEM,0,0,,,,,,0
0020100279,198,6,1,2,9:07 PM,0:52,,,Bell P.FOUL (P2.PN),,,5,1952,Raja Bell,1610612755.0,Philadelphia,76ers,PHI,0,0,,,,,,1,0,,,,,,0
0020100279,199,3,11,2,9:07 PM,0:52,Long Free Throw 1 of 2 (3 PTS),,,36 - 52,16,4,3,Grant Long,1610612763.0,Memphis,Grizzlies,MEM,0,0,,,,,,0,0,,,,,,0
0020100279,200,3,12,2,9:08 PM,0:52,Long Free Throw 2 of 2 (4 PTS),,,36 - 53,17,4,3,Grant Long,1610612763.0,Memphis,Grizzlies,MEM,0,0,,,,,,0,0,,,,,,0
0020100279,201,1,5,2,9:08 PM,0:46,,,Cummings  Layup (14 PTS),38 - 53,15,5,1907,Vonteego Cummings,1610612755.0,Philadelphia,76ers,PHI,0,0,,,,,,0,0,,,,,,0
0020100279,202,2,1,2,9:09 PM,0:12,MISS Williams 27' 3PT Jump Shot,,,,,4,1715,Jason Williams,1610612763.0,Memphis,Grizzlies,MEM,0,0,,,,,,0,0,,,,,,0
0020100279,203,4,0,2,9:09 PM,0:09,,,Blount REBOUND (Off:3 Def:2),,,5,916,Corie Blount,1610612755.0,Philadelphia,76ers,PHI,0,0,,,,,,0,0,,,,,,0
0020100279,204,1,5,2,9:09 PM,0:07,,,Cummings  Layup (16 PTS) (Blount 1 AST),40 - 53,13,5,1907,Vonteego Cummings,1610612755.0,Philadelphia,76ers,PHI,5,916,Corie Blount,1610612755.0,Philadelphia,76ers,PHI,0,0,,,,,,0
0020100279,205,9,2,2,9:09 PM,0:07,GRIZZLIES Timeout: Short (Full 2 Short 1),,,,,2,1610612763,,,,,,0,0,,,,,,0,0,,,,,,0
0020100279,206,8,0,2,9:10 PM,0:07,SUB: Knight FOR Gasol,,,,,4,2200,Pau Gasol,1610612763.0,Memphis,Grizzlies,MEM,4,1510,Brevin Knight,1610612763.0,Memphis,Grizzlies,MEM,0,0,,,,,,0
0020100279,207,8,0,2,9:10 PM,0:07,,,SUB: Harpring FOR Mutombo,,,5,87,Dikembe Mutombo,1610612755.0,Philadelphia,76ers,PHI,5,1723,Matt Harpring,1610612755.0,Philadelphia,76ers,PHI,0,0,,,,,,0
0020100279,208,2,1,2,9:10 PM,0:00,MISS Williams 25' 3PT Jump Shot,,,,,4,1715,Jason Williams,1610612763.0,Memphis,Grizzlies,MEM,0,0,,,,,,0,0,,,,,,0
0020100279,209,4,0,2,9:10 PM,0:00,,,Cummings REBOUND (Off:1 Def:2),,,5,1907,Vonteego Cummings,1610612755.0,Philadelphia,76ers,PHI,0,0,,,,,,0,0,,,,,,0
0020100279,210,13,0,2,9:10 PM,0:00,,,,40 - 53,13,0,0,,,,,,0,0,,,,,,0,0,,,,,,0
0020100279,212,12,0,3,9:27 PM,12:00,,,,40 - 53,13,0,0,,,,,,0,0,,,,,,0,0,,,,,,0
0020100279,213,2,41,3,9:27 PM,11:47,,,MISS Cummings  Running Layup,,,5,1907,Vonteego Cummings,1610612755.0,Philadelphia,76ers,PHI,0,0,,,,,,0,0,,,,,,0
0020100279,214,4,0,3,9:28 PM,11:41,Gasol REBOUND (Off:1 Def:6),,,,,4,2200,Pau Gasol,1610612763.0,Memphis,Grizzlies,MEM,0,0,,,,,,0,0,,,,,,0
0020100279,215,2,1,3,9:28 PM,11:29,MISS Austin 16' Jump Shot,,,,,4,1134,Ike Austin,1610612763.0,Memphis,Grizzlies,MEM,0,0,,,,,,0,0,,,,,,0
0020100279,216,4,0,3,9:28 PM,11:26,,,Mutombo REBOUND (Off:1 Def:5),,,5,87,Dikembe Mutombo,1610612755.0,Philadelphia,76ers,PHI,0,0,,,,,,0,0,,,,,,0
0020100279,217,5,4,3,9:28 PM,11:08,,,Mutombo Traveling Turnover (P4.T11),,,5,87,Dikembe Mutombo,1610612755.0,Philadelphia,76ers,PHI,0,0,,,,,,1,0,,,,,,0
0020100279,218,6,11,3,9:28 PM,11:06,,,Mutombo T.FOUL (P1.T0),,,5,87,Dikembe Mutombo,1610612755.0,Philadelphia,76ers,PHI,0,0,,,,,,1,0,,,,,,0
0020100279,219,3,16,3,9:29 PM,11:06,Williams Free Throw Technical (16 PTS),,,40 - 54,14,4,1715,Jason Williams,1610612763.0,Memphis,Grizzlies,MEM,0,0,,,,,,0,0,,,,,,0
0020100279,220,2,5,3,9:29 PM,10:55,MISS Austin  Layup,,Mutombo BLOCK (2 BLK),,,4,1134,Ike Austin,1610612763.0,Memphis,Grizzlies,MEM,0,0,,,,,,5,87,Dikembe Mutombo,1610612755.0,Philadelphia,76ers,PHI,0
0020100279,221,4,0,3,9:30 PM,10:54,,,Bell REBOUND (Off:0 Def:3),,,5,1952,Raja Bell,1610612755.0,Philadelphia,76ers,PHI,0,0,,,,,,0,0,,,,,,0
0020100279,224,1,46,3,9:30 PM,10:34,,,Cummings 5' Running Jump Shot (18 PTS),42 - 54,12,5,1907,Vonteego Cummings,1610612755.0,Philadelphia,76ers,PHI,0,0,,,,,,0,0,,,,,,0
0020100279,222,1,1,3,9:30 PM,10:23,Buford 23' Jump Shot (6 PTS) (Williams 7 AST),,,42 - 56,14,4,1934,Rodney Buford,1610612763.0,Memphis,Grizzlies,MEM,4,1715,Jason Williams,1610612763.0,Memphis,Grizzlies,MEM,0,0,,,,,,0
0020100279,223,1,1,3,9:30 PM,10:08,,,Bell 17' Jump Shot (4 PTS) (Cummings 2 AST),44 - 56,12,5,1952,Raja Bell,1610612755.0,Philadelphia,76ers,PHI,5,1907,Vonteego Cummings,1610612755.0,Philadelphia,76ers,PHI,0,0,,,,,,0
0020100279,446,5,5,3,9:30 PM,9:57,Buford Foul Turnover (P1.T3),,,,,4,1934,Rodney Buford,1610612763.0,Memphis,Grizzlies,MEM,0,0,,,,,,1,0,,,,,,0
0020100279,225,8,0,3,9:31 PM,9:57,SUB: Long FOR Buford,,,,,4,1934,Rodney Buford,1610612763.0,Memphis,Grizzlies,MEM,4,3,Grant Long,1610612763.0,Memphis,Grizzlies,MEM,0,0,,,,,,0
0020100279,226,6,2,3,9:31 PM,9:47,Austin S.FOUL (P1.T1),,,,,4,1134,Ike Austin,1610612763.0,Memphis,Grizzlies,MEM,0,0,,,,,,1,0,,,,,,0
0020100279,227,3,11,3,9:31 PM,9:47,,,Harpring Free Throw 1 of 2 (9 PTS),45 - 56,11,5,1723,Matt Harpring,1610612755.0,Philadelphia,76ers,PHI,0,0,,,,,,0,0,,,,,,0
0020100279,228,3,12,3,9:31 PM,9:47,,,Harpring Free Throw 2 of 2 (10 PTS),46 - 56,10,5,1723,Matt Harpring,1610612755.0,Philadelphia,76ers,PHI,0,0,,,,,,0,0,,,,,,0
0020100279,229,6,2,3,9:32 PM,9:26,,,Mutombo S.FOUL (P2.T1),,,5,87,Dikembe Mutombo,1610612755.0,Philadelphia,76ers,PHI,0,0,,,,,,1,0,,,,,,0
0020100279,230,3,11,3,9:32 PM,9:26,Williams Free Throw 1 of 2 (17 PTS),,,46 - 57,11,4,1715,Jason Williams,1610612763.0,Memphis,Grizzlies,MEM,0,0,,,,,,0,0,,,,,,0
0020100279,231,3,12,3,9:32 PM,9:26,Williams Free Throw 2 of 2 (18 PTS),,,46 - 58,12,4,1715,Jason Williams,1610612763.0,Memphis,Grizzlies,MEM,0,0,,,,,,0,0,,,,,,0
0020100279,232,2,5,3,9:33 PM,9:14,,,MISS Harpring  Layup,,,5,1723,Matt Harpring,1610612755.0,Philadelphia,76ers,PHI,0,0,,,,,,0,0,,,,,,0
0020100279,233,4,0,3,9:33 PM,9:14,,,Mutombo REBOUND (Off:2 Def:5),,,5,87,Dikembe Mutombo,1610612755.0,Philadelphia,76ers,PHI,0,0,,,,,,0,0,,,,,,0
0020100279,234,6,1,3,9:33 PM,9:14,Gasol P.FOUL (P2.T2),,,,,4,2200,Pau Gasol,1610612763.0,Memphis,Grizzlies,MEM,0,0,,,,,,1,0,,,,,,0
0020100279,235,2,1,3,9:33 PM,9:07,,,MISS Cummings 20' Jump Shot,,,5,1907,Vonteego Cummings,1610612755.0,Philadelphia,76ers,PHI,0,0,,,,,,0,0,,,,,,0
0020100279,237,4,0,3,9:33 PM,9:02,,,Harpring REBOUND (Off:1 Def:1),,,5,1723,Matt Harpring,1610612755.0,Philadelphia,76ers,PHI,0,0,,,,,,0,0,,,,,,0
0020100279,238,1,5,3,9:33 PM,8:54,,,Mutombo  Layup (6 PTS),48 - 58,10,5,87,Dikembe Mutombo,1610612755.0,Philadelphia,76ers,PHI,0,0,,,,,,0,0,,,,,,0
0020100279,240,1,58,3,9:34 PM,8:33,Gasol 11' Turnaround Hook Shot (16 PTS),,,48 - 60,12,4,2200,Pau Gasol,1610612763.0,Memphis,Grizzlies,MEM,0,0,,,,,,0,0,,,,,,0
0020100279,241,2,1,3,9:34 PM,8:11,,,MISS Harpring 8' Jump Shot,,,5,1723,Matt Harpring,1610612755.0,Philadelphia,76ers,PHI,0,0,,,,,,0,0,,,,,,0
0020100279,242,4,0,3,9:34 PM,8:07,,,Mutombo REBOUND (Off:3 Def:5),,,5,87,Dikembe Mutombo,1610612755.0,Philadelphia,76ers,PHI,0,0,,,,,,0,0,,,,,,0
0020100279,243,5,4,3,9:34 PM,8:07,,,Mutombo Traveling Turnover (P5.T12),,,5,87,Dikembe Mutombo,1610612755.0,Philadelphia,76ers,PHI,0,0,,,,,,1,0,,,,,,0
0020100279,245,2,1,3,9:35 PM,7:54,MISS Williams 16' Jump Shot,,,,,4,1715,Jason Williams,1610612763.0,Memphis,Grizzlies,MEM,0,0,,,,,,0,0,,,,,,0
0020100279,246,4,0,3,9:35 PM,7:50,,,Mutombo REBOUND (Off:3 Def:6),,,5,87,Dikembe Mutombo,1610612755.0,Philadelphia,76ers,PHI,0,0,,,,,,0,0,,,,,,0
0020100279,247,1,1,3,9:35 PM,7:33,,,Blount 15' Jump Shot (4 PTS) (Mutombo 2 AST),50 - 60,10,5,916,Corie Blount,1610612755.0,Philadelphia,76ers,PHI,5,87,Dikembe Mutombo,1610612755.0,Philadelphia,76ers,PHI,0,0,,,,,,0
0020100279,248,2,1,3,9:35 PM,7:12,MISS Long 17' Jump Shot,,,,,4,3,Grant Long,1610612763.0,Memphis,Grizzlies,MEM,0,0,,,,,,0,0,,,,,,0
0020100279,249,4,0,3,9:35 PM,7:06,,,Mutombo REBOUND (Off:3 Def:7),,,5,87,Dikembe Mutombo,1610612755.0,Philadelphia,76ers,PHI,0,0,,,,,,0,0,,,,,,0
0020100279,250,6,2,3,9:36 PM,7:04,Gasol S.FOUL (P3.T3),,,,,4,2200,Pau Gasol,1610612763.0,Memphis,Grizzlies,MEM,0,0,,,,,,1,0,,,,,,0
0020100279,251,3,11,3,9:36 PM,7:04,,,Cummings Free Throw 1 of 2 (19 PTS),51 - 60,9,5,1907,Vonteego Cummings,1610612755.0,Philadelphia,76ers,PHI,0,0,,,,,,0,0,,,,,,0
0020100279,252,8,0,3,9:36 PM,7:04,,,SUB: Brown FOR Blount,,,5,916,Corie Blount,1610612755.0,Philadelphia,76ers,PHI,5,2245,Damone Brown,1610612755.0,Philadelphia,76ers,PHI,0,0,,,,,,0
0020100279,253,8,0,3,9:36 PM,7:04,,,SUB: Ruffin FOR Bell,,,5,1952,Raja Bell,1610612755.0,Philadelphia,76ers,PHI,5,1913,Michael Ruffin,1610612755.0,Philadelphia,76ers,PHI,0,0,,,,,,0
0020100279,254,3,12,3,9:36 PM,7:04,,,Cummings Free Throw 2 of 2 (20 PTS),52 - 60,8,5,1907,Vonteego Cummings,1610612755.0,Philadelphia,76ers,PHI,0,0,,,,,,0,0,,,,,,0
0020100279,255,9,1,3,9:36 PM,6:59,GRIZZLIES Timeout: Regular (Full 3 Short 1),,,,,2,1610612763,,,,,,0,0,,,,,,0,0,,,,,,0
0020100279,257,8,0,3,9:39 PM,6:59,,,SUB: Bell FOR Cummings,,,5,1907,Vonteego Cummings,1610612755.0,Philadelphia,76ers,PHI,5,1952,Raja Bell,1610612755.0,Philadelphia,76ers,PHI,0,0,,,,,,0
0020100279,259,5,4,3,9:39 PM,6:49,Gasol Traveling Turnover (P1.T4),,,,,4,2200,Pau Gasol,1610612763.0,Memphis,Grizzlies,MEM,0,0,,,,,,1,0,,,,,,0
0020100279,260,8,0,3,9:39 PM,6:49,SUB: Buford FOR Long,,,,,4,3,Grant Long,1610612763.0,Memphis,Grizzlies,MEM,4,1934,Rodney Buford,1610612763.0,Memphis,Grizzlies,MEM,0,0,,,,,,0
0020100279,262,1,46,3,9:40 PM,6:27,,,Bell 8' Running Jump Shot (6 PTS),54 - 60,6,5,1952,Raja Bell,1610612755.0,Philadelphia,76ers,PHI,0,0,,,,,,0,0,,,,,,0
0020100279,263,2,1,3,9:40 PM,6:16,MISS Battier 25' 3PT Jump Shot,,,,,4,2203,Shane Battier,1610612763.0,Memphis,Grizzlies,MEM,0,0,,,,,,0,0,,,,,,0
0020100279,264,4,0,3,9:40 PM,6:15,,,76ers Rebound,,,3,1610612755,,,,,,0,0,,,,,,0,0,,,,,,0
0020100279,265,2,1,3,9:40 PM,5:59,,,MISS Bell 26' 3PT Jump Shot,,,5,1952,Raja Bell,1610612755.0,Philadelphia,76ers,PHI,0,0,,,,,,0,0,,,,,,0
0020100279,267,4,0,3,9:40 PM,5:56,Buford REBOUND (Off:0 Def:2),,,,,4,1934,Rodney Buford,1610612763.0,Memphis,Grizzlies,MEM,0,0,,,,,,0,0,,,,,,0
0020100279,268,1,1,3,9:41 PM,5:42,Williams 19' Jump Shot (20 PTS) (Battier 3 AST),,,54 - 62,8,4,1715,Jason Williams,1610612763.0,Memphis,Grizzlies,MEM,4,2203,Shane Battier,1610612763.0,Memphis,Grizzlies,MEM,0,0,,,,,,0
0020100279,269,2,1,3,9:41 PM,5:26,,,MISS Brown 11' Jump Shot,,,5,2245,Damone Brown,1610612755.0,Philadelphia,76ers,PHI,0,0,,,,,,0,0,,,,,,0
0020100279,270,4,0,3,9:41 PM,5:21,Austin REBOUND (Off:0 Def:5),,,,,4,1134,Ike Austin,1610612763.0,Memphis,Grizzlies,MEM,0,0,,,,,,0,0,,,,,,0
0020100279,271,6,2,3,9:41 PM,5:20,,,Bell S.FOUL (P3.T2),,,5,1952,Raja Bell,1610612755.0,Philadelphia,76ers,PHI,0,0,,,,,,1,0,,,,,,0
0020100279,272,3,11,3,9:41 PM,5:20,Battier Free Throw 1 of 2 (8 PTS),,,54 - 63,9,4,2203,Shane Battier,1610612763.0,Memphis,Grizzlies,MEM,0,0,,,,,,0,0,,,,,,0
0020100279,273,8,0,3,9:41 PM,5:20,,,SUB: Cummings FOR Brown,,,5,2245,Damone Brown,1610612755.0,Philadelphia,76ers,PHI,5,1907,Vonteego Cummings,1610612755.0,Philadelphia,76ers,PHI,0,0,,,,,,0
0020100279,274,3,12,3,9:42 PM,5:20,MISS Battier Free Throw 2 of 2,,,,,4,2203,Shane Battier,1610612763.0,Memphis,Grizzlies,MEM,0,0,,,,,,0,0,,,,,,0
0020100279,275,4,0,3,9:42 PM,5:20,,,Mutombo REBOUND (Off:3 Def:8),,,5,87,Dikembe Mutombo,1610612755.0,Philadelphia,76ers,PHI,0,0,,,,,,0,0,,,,,,0
0020100279,276,2,5,3,9:42 PM,5:04,,,MISS Ruffin  Layup,,,5,1913,Michael Ruffin,1610612755.0,Philadelphia,76ers,PHI,0,0,,,,,,0,0,,,,,,0
0020100279,277,4,0,3,9:42 PM,5:00,Buford REBOUND (Off:0 Def:3),,,,,4,1934,Rodney Buford,1610612763.0,Memphis,Grizzlies,MEM,0,0,,,,,,0,0,,,,,,0
0020100279,278,1,7,3,9:42 PM,4:49,Gasol  Dunk (18 PTS) (Williams 8 AST),,,54 - 65,11,4,2200,Pau Gasol,1610612763.0,Memphis,Grizzlies,MEM,4,1715,Jason Williams,1610612763.0,Memphis,Grizzlies,MEM,0,0,,,,,,0
0020100279,279,2,1,3,9:43 PM,4:23,,,MISS Harpring 16' Jump Shot,,,5,1723,Matt Harpring,1610612755.0,Philadelphia,76ers,PHI,0,0,,,,,,0,0,,,,,,0
0020100279,280,4,0,3,9:43 PM,4:20,,,Harpring REBOUND (Off:2 Def:1),,,5,1723,Matt Harpring,1610612755.0,Philadelphia,76ers,PHI,0,0,,,,,,0,0,,,,,,0
0020100279,281,1,1,3,9:43 PM,4:18,,,Harpring 11' Jump Shot (12 PTS),56 - 65,9,5,1723,Matt Harpring,1610612755.0,Philadelphia,76ers,PHI,0,0,,,,,,0,0,,,,,,0
0020100279,282,2,1,3,9:44 PM,3:57,MISS Williams 16' Jump Shot,,,,,4,1715,Jason Williams,1610612763.0,Memphis,Grizzlies,MEM,0,0,,,,,,0,0,,,,,,0
0020100279,283,4,0,3,9:44 PM,3:55,,,76ers Rebound,,,3,1610612755,,,,,,0,0,,,,,,0,0,,,,,,0
0020100279,284,9,1,3,9:44 PM,3:55,,,76ers Timeout: Regular (Reg.3 Short 1),,,3,1610612755,,,,,,0,0,,,,,,0,0,,,,,,0
0020100279,286,5,1,3,9:47 PM,3:45,Williams STEAL (2 STL),,Bell Bad Pass Turnover (P3.T13),,,5,1952,Raja Bell,1610612755.0,Philadelphia,76ers,PHI,4,1715,Jason Williams,1610612763.0,Memphis,Grizzlies,MEM,0,0,,,,,,0
0020100279,287,2,1,3,9:47 PM,3:29,MISS Buford 9' Jump Shot,,,,,4,1934,Rodney Buford,1610612763.0,Memphis,Grizzlies,MEM,0,0,,,,,,0,0,,,,,,0
0020100279,288,4,0,3,9:47 PM,3:21,Austin REBOUND (Off:1 Def:5),,,,,4,1134,Ike Austin,1610612763.0,Memphis,Grizzlies,MEM,0,0,,,,,,0,0,,,,,,0
0020100279,289,2,1,3,9:47 PM,3:21,MISS Buford 25' 3PT Jump Shot,,Bell BLOCK (1 BLK),,,4,1934,Rodney Buford,1610612763.0,Memphis,Grizzlies,MEM,0,0,,,,,,5,1952,Raja Bell,1610612755.0,Philadelphia,76ers,PHI,0
0020100279,290,4,0,3,9:47 PM,3:21,,,Mutombo REBOUND (Off:3 Def:9),,,5,87,Dikembe Mutombo,1610612755.0,Philadelphia,76ers,PHI,0,0,,,,,,0,0,,,,,,0
0020100279,291,6,1,3,9:47 PM,3:21,Battier P.FOUL (P3.T4),,,,,4,2203,Shane Battier,1610612763.0,Memphis,Grizzlies,MEM,0,0,,,,,,1,0,,,,,,0
0020100279,292,8,0,3,9:47 PM,3:21,SUB: Knight FOR Williams,,,,,4,1715,Jason Williams,1610612763.0,Memphis,Grizzlies,MEM,4,1510,Brevin Knight,1610612763.0,Memphis,Grizzlies,MEM,0,0,,,,,,0
0020100279,293,3,11,3,9:47 PM,3:21,,,MISS Mutombo Free Throw 1 of 2,,,5,87,Dikembe Mutombo,1610612755.0,Philadelphia,76ers,PHI,0,0,,,,,,0,0,,,,,,0
0020100279,294,4,1,3,9:47 PM,3:21,,,76ers Rebound,,,3,1610612755,,,,,,0,0,,,,,,0,0,,,,,,0
0020100279,295,3,12,3,9:48 PM,3:21,,,Mutombo Free Throw 2 of 2 (7 PTS),57 - 65,8,5,87,Dikembe Mutombo,1610612755.0,Philadelphia,76ers,PHI,0,0,,,,,,0,0,,,,,,0
0020100279,296,5,8,3,9:48 PM,3:03,Gasol 3 Second Violation Turnover (P2.T5),,,,,4,2200,Pau Gasol,1610612763.0,Memphis,Grizzlies,MEM,0,0,,,,,,1,0,,,,,,0
0020100279,297,2,1,3,9:49 PM,2:47,,,MISS Harpring  Jump Shot,,,5,1723,Matt Harpring,1610612755.0,Philadelphia,76ers,PHI,0,0,,,,,,0,0,,,,,,0
0020100279,299,4,0,3,9:49 PM,2:44,,,Ruffin REBOUND (Off:2 Def:4),,,5,1913,Michael Ruffin,1610612755.0,Philadelphia,76ers,PHI,0,0,,,,,,0,0,,,,,,0
0020100279,298,2,4,3,9:49 PM,2:44,,,MISS Ruffin  Tip Shot,,,5,1913,Michael Ruffin,1610612755.0,Philadelphia,76ers,PHI,0,0,,,,,,0,0,,,,,,0
0020100279,300,4,0,3,9:49 PM,2:39,Battier REBOUND (Off:1 Def:2),,,,,4,2203,Shane Battier,1610612763.0,Memphis,Grizzlies,MEM,0,0,,,,,,0,0,,,,,,0
0020100279,301,1,1,3,9:49 PM,2:29,Knight 19' Jump Shot (4 PTS) (Austin 1 AST),,,57 - 67,10,4,1510,Brevin Knight,1610612763.0,Memphis,Grizzlies,MEM,4,1134,Ike Austin,1610612763.0,Memphis,Grizzlies,MEM,0,0,,,,,,0
0020100279,302,2,1,3,9:49 PM,2:03,,,MISS Harpring 11' Jump Shot,,,5,1723,Matt Harpring,1610612755.0,Philadelphia,76ers,PHI,0,0,,,,,,0,0,,,,,,0
0020100279,303,4,0,3,9:49 PM,1:59,Austin REBOUND (Off:1 Def:6),,,,,4,1134,Ike Austin,1610612763.0,Memphis,Grizzlies,MEM,0,0,,,,,,0,0,,,,,,0
0020100279,304,1,1,3,9:50 PM,1:43,Austin 11' Jump Shot (6 PTS) (Knight 2 AST),,,57 - 69,12,4,1134,Ike Austin,1610612763.0,Memphis,Grizzlies,MEM,4,1510,Brevin Knight,1610612763.0,Memphis,Grizzlies,MEM,0,0,,,,,,0
0020100279,305,5,1,3,9:50 PM,1:27,Buford STEAL (1 STL),,Cummings Bad Pass Turnover (P2.T14),,,5,1907,Vonteego Cummings,1610612755.0,Philadelphia,76ers,PHI,4,1934,Rodney Buford,1610612763.0,Memphis,Grizzlies,MEM,0,0,,,,,,0
0020100279,306,6,1,3,9:50 PM,1:23,,,Ruffin P.FOUL (P2.T3),,,5,1913,Michael Ruffin,1610612755.0,Philadelphia,76ers,PHI,0,0,,,,,,1,0,,,,,,0
0020100279,307,8,0,3,9:51 PM,1:23,SUB: Massenburg FOR Austin,,,,,4,1134,Ike Austin,1610612763.0,Memphis,Grizzlies,MEM,4,763,Tony Massenburg,1610612763.0,Memphis,Grizzlies,MEM,0,0,,,,,,0
0020100279,308,8,0,3,9:51 PM,1:23,,,SUB: Brown FOR Bell,,,5,1952,Raja Bell,1610612755.0,Philadelphia,76ers,PHI,5,2245,Damone Brown,1610612755.0,Philadelphia,76ers,PHI,0,0,,,,,,0
0020100279,309,6,1,3,9:51 PM,1:13,,,Brown P.FOUL (P3.PN),,,5,2245,Damone Brown,1610612755.0,Philadelphia,76ers,PHI,0,0,,,,,,1,0,,,,,,0
0020100279,310,3,11,3,9:51 PM,1:13,Battier Free Throw 1 of 2 (9 PTS),,,57 - 70,13,4,2203,Shane Battier,1610612763.0,Memphis,Grizzlies,MEM,0,0,,,,,,0,0,,,,,,0
0020100279,311,3,12,3,9:51 PM,1:13,Battier Free Throw 2 of 2 (10 PTS),,,57 - 71,14,4,2203,Shane Battier,1610612763.0,Memphis,Grizzlies,MEM,0,0,,,,,,0,0,,,,,,0
0020100279,312,1,5,3,9:52 PM,0:58,,,Mutombo  Layup (9 PTS) (Harpring 1 AST),59 - 71,12,5,87,Dikembe Mutombo,1610612755.0,Philadelphia,76ers,PHI,5,1723,Matt Harpring,1610612755.0,Philadelphia,76ers,PHI,0,0,,,,,,0
0020100279,313,6,2,3,9:52 PM,0:44,,,Ruffin S.FOUL (P3.PN),,,5,1913,Michael Ruffin,1610612755.0,Philadelphia,76ers,PHI,0,0,,,,,,1,0,,,,,,0
0020100279,314,3,11,3,9:52 PM,0:44,MISS Gasol Free Throw 1 of 2,,,,,4,2200,Pau Gasol,1610612763.0,Memphis,Grizzlies,MEM,0,0,,,,,,0,0,,,,,,0
0020100279,315,4,1,3,9:52 PM,0:44,GRIZZLIES Rebound,,,,,2,1610612763,,,,,,0,0,,,,,,0,0,,,,,,0
0020100279,317,8,0,3,9:53 PM,0:44,SUB: Long FOR Battier,,,,,4,2203,Shane Battier,1610612763.0,Memphis,Grizzlies,MEM,4,3,Grant Long,1610612763.0,Memphis,Grizzlies,MEM,0,0,,,,,,0
0020100279,318,3,12,3,9:53 PM,0:44,Gasol Free Throw 2 of 2 (19 PTS),,,59 - 72,13,4,2200,Pau Gasol,1610612763.0,Memphis,Grizzlies,MEM,0,0,,,,,,0,0,,,,,,0
0020100279,319,1,1,3,9:53 PM,0:32,,,Harpring 13' Jump Shot (14 PTS) (Cummings 3 AST),61 - 72,11,5,1723,Matt Harpring,1610612755.0,Philadelphia,76ers,PHI,5,1907,Vonteego Cummings,1610612755.0,Philadelphia,76ers,PHI,0,0,,,,,,0
0020100279,320,5,2,3,9:54 PM,0:11,Buford Lost Ball Turnover (P2.T6),,,,,4,1934,Rodney Buford,1610612763.0,Memphis,Grizzlies,MEM,0,0,,,,,,1,0,,,,,,0
0020100279,321,8,0,3,9:54 PM,0:11,,,SUB: Bell FOR Mutombo,,,5,87,Dikembe Mutombo,1610612755.0,Philadelphia,76ers,PHI,5,1952,Raja Bell,1610612755.0,Philadelphia,76ers,PHI,0,0,,,,,,0
0020100279,322,5,2,3,9:55 PM,0:00,Knight STEAL (1 STL),,Cummings Lost Ball Turnover (P3.T15),,,5,1907,Vonteego Cummings,1610612755.0,Philadelphia,76ers,PHI,4,1510,Brevin Knight,1610612763.0,Memphis,Grizzlies,MEM,0,0,,,,,,0
0020100279,323,2,1,3,9:55 PM,0:00,MISS Knight 55' 3PT Jump Shot,,,,,4,1510,Brevin Knight,1610612763.0,Memphis,Grizzlies,MEM,0,0,,,,,,0,0,,,,,,0
0020100279,325,4,0,3,9:55 PM,0:00,GRIZZLIES Rebound,,,,,2,1610612763,,,,,,0,0,,,,,,0,0,,,,,,0
0020100279,324,13,0,3,9:55 PM,0:00,,,,61 - 72,11,0,0,,,,,,0,0,,,,,,0,0,,,,,,0
0020100279,327,12,0,4,9:58 PM,12:00,,,,61 - 72,11,0,0,,,,,,0,0,,,,,,0,0,,,,,,0
0020100279,328,2,1,4,9:58 PM,11:34,MISS Long 19' Jump Shot,,,,,4,3,Grant Long,1610612763.0,Memphis,Grizzlies,MEM,0,0,,,,,,0,0,,,,,,0
0020100279,330,4,0,4,9:58 PM,11:28,Massenburg REBOUND (Off:2 Def:0),,,,,4,763,Tony Massenburg,1610612763.0,Memphis,Grizzlies,MEM,0,0,,,,,,0,0,,,,,,0
0020100279,329,1,1,4,9:58 PM,11:28,Massenburg 4' Jump Shot (5 PTS),,,61 - 74,13,4,763,Tony Massenburg,1610612763.0,Memphis,Grizzlies,MEM,0,0,,,,,,0,0,,,,,,0
0020100279,331,2,5,4,9:58 PM,11:14,Gasol BLOCK (2 BLK),,MISS Blount  Layup,,,5,916,Corie Blount,1610612755.0,Philadelphia,76ers,PHI,0,0,,,,,,4,2200,Pau Gasol,1610612763.0,Memphis,Grizzlies,MEM,0
0020100279,332,4,0,4,9:58 PM,11:10,Massenburg REBOUND (Off:2 Def:1),,,,,4,763,Tony Massenburg,1610612763.0,Memphis,Grizzlies,MEM,0,0,,,,,,0,0,,,,,,0
0020100279,333,6,2,4,9:59 PM,11:09,,,Ruffin S.FOUL (P4.T1),,,5,1913,Michael Ruffin,1610612755.0,Philadelphia,76ers,PHI,0,0,,,,,,1,0,,,,,,0
0020100279,334,3,11,4,9:59 PM,11:09,MISS Knight Free Throw 1 of 2,,,,,4,1510,Brevin Knight,1610612763.0,Memphis,Grizzlies,MEM,0,0,,,,,,0,0,,,,,,0
0020100279,335,4,1,4,9:59 PM,11:09,GRIZZLIES Rebound,,,,,2,1610612763,,,,,,0,0,,,,,,0,0,,,,,,0
0020100279,336,3,12,4,9:59 PM,11:09,Knight Free Throw 2 of 2 (5 PTS),,,61 - 75,14,4,1510,Brevin Knight,1610612763.0,Memphis,Grizzlies,MEM,0,0,,,,,,0,0,,,,,,0
0020100279,337,2,1,4,9:59 PM,10:57,,,MISS Harpring 18' Jump Shot,,,5,1723,Matt Harpring,1610612755.0,Philadelphia,76ers,PHI,0,0,,,,,,0,0,,,,,,0
0020100279,338,4,0,4,9:59 PM,10:54,,,Ruffin REBOUND (Off:3 Def:4),,,5,1913,Michael Ruffin,1610612755.0,Philadelphia,76ers,PHI,0,0,,,,,,0,0,,,,,,0
0020100279,339,6,1,4,9:59 PM,10:54,Massenburg P.FOUL (P1.T1),,,,,4,763,Tony Massenburg,1610612763.0,Memphis,Grizzlies,MEM,0,0,,,,,,1,0,,,,,,0
0020100279,340,8,0,4,10:00 PM,10:54,,,SUB: Mutombo FOR Ruffin,,,5,1913,Michael Ruffin,1610612755.0,Philadelphia,76ers,PHI,5,87,Dikembe Mutombo,1610612755.0,Philadelphia,76ers,PHI,0,0,,,,,,0
0020100279,341,1,1,4,10:00 PM,10:48,,,Blount 5' Jump Shot (6 PTS),63 - 75,12,5,916,Corie Blount,1610612755.0,Philadelphia,76ers,PHI,0,0,,,,,,0,0,,,,,,0
0020100279,342,5,1,4,10:00 PM,10:32,Long Bad Pass Turnover (P1.T7),,Harpring STEAL (1 STL),,,4,3,Grant Long,1610612763.0,Memphis,Grizzlies,MEM,5,1723,Matt Harpring,1610612755.0,Philadelphia,76ers,PHI,0,0,,,,,,0
0020100279,343,5,2,4,10:00 PM,10:25,Battier STEAL (1 STL),,Harpring Lost Ball Turnover (P1.T16),,,5,1723,Matt Harpring,1610612755.0,Philadelphia,76ers,PHI,4,2203,Shane Battier,1610612763.0,Memphis,Grizzlies,MEM,0,0,,,,,,0
0020100279,344,2,1,4,10:01 PM,10:07,MISS Knight 21' Jump Shot,,,,,4,1510,Brevin Knight,1610612763.0,Memphis,Grizzlies,MEM,0,0,,,,,,0,0,,,,,,0
0020100279,345,4,0,4,10:01 PM,10:02,,,Mutombo REBOUND (Off:3 Def:10),,,5,87,Dikembe Mutombo,1610612755.0,Philadelphia,76ers,PHI,0,0,,,,,,0,0,,,,,,0
0020100279,346,1,1,4,10:01 PM,9:43,,,Cummings 19' Jump Shot (22 PTS),65 - 75,10,5,1907,Vonteego Cummings,1610612755.0,Philadelphia,76ers,PHI,0,0,,,,,,0,0,,,,,,0
0020100279,347,2,3,4,10:01 PM,9:22,MISS Gasol 8' Hook Shot,,,,,4,2200,Pau Gasol,1610612763.0,Memphis,Grizzlies,MEM,0,0,,,,,,0,0,,,,,,0
0020100279,348,4,0,4,10:01 PM,9:15,,,Mutombo REBOUND (Off:3 Def:11),,,5,87,Dikembe Mutombo,1610612755.0,Philadelphia,76ers,PHI,0,0,,,,,,0,0,,,,,,0
0020100279,349,5,2,4,10:02 PM,9:03,,,Harpring Lost Ball Turnover (P2.T17),,,5,1723,Matt Harpring,1610612755.0,Philadelphia,76ers,PHI,0,0,,,,,,1,0,,,,,,0
0020100279,350,8,0,4,10:02 PM,9:03,,,SUB: Bell FOR Harpring,,,5,1723,Matt Harpring,1610612755.0,Philadelphia,76ers,PHI,5,1952,Raja Bell,1610612755.0,Philadelphia,76ers,PHI,0,0,,,,,,0
0020100279,351,9,4,4,10:02 PM,8:40,,,,,,1,0,,,,,,0,0,,,,,,0,0,,,,,,0
0020100279,353,1,1,4,10:05 PM,8:37,Gasol 16' Jump Shot (21 PTS) (Knight 3 AST),,,65 - 77,12,4,2200,Pau Gasol,1610612763.0,Memphis,Grizzlies,MEM,4,1510,Brevin Knight,1610612763.0,Memphis,Grizzlies,MEM,0,0,,,,,,0
0020100279,354,2,1,4,10:05 PM,8:18,,,MISS Brown 18' Jump Shot,,,5,2245,Damone Brown,1610612755.0,Philadelphia,76ers,PHI,0,0,,,,,,0,0,,,,,,0
0020100279,355,4,0,4,10:05 PM,8:15,Knight REBOUND (Off:0 Def:2),,,,,4,1510,Brevin Knight,1610612763.0,Memphis,Grizzlies,MEM,0,0,,,,,,0,0,,,,,,0
0020100279,356,5,2,4,10:05 PM,8:10,Knight Lost Ball Turnover (P1.T8),,Mutombo STEAL (2 STL),,,4,1510,Brevin Knight,1610612763.0,Memphis,Grizzlies,MEM,5,87,Dikembe Mutombo,1610612755.0,Philadelphia,76ers,PHI,0,0,,,,,,0
0020100279,357,1,7,4,10:05 PM,8:05,,,Cummings  Dunk (24 PTS) (Mutombo 3 AST),67 - 77,10,5,1907,Vonteego Cummings,1610612755.0,Philadelphia,76ers,PHI,5,87,Dikembe Mutombo,1610612755.0,Philadelphia,76ers,PHI,0,0,,,,,,0
0020100279,358,1,1,4,10:05 PM,7:59,Battier 26' 3PT Jump Shot (13 PTS) (Gasol 1 AST),,,67 - 80,13,4,2203,Shane Battier,1610612763.0,Memphis,Grizzlies,MEM,4,2200,Pau Gasol,1610612763.0,Memphis,Grizzlies,MEM,0,0,,,,,,0
0020100279,359,2,3,4,10:06 PM,7:39,,,MISS Blount 3' Hook Shot,,,5,916,Corie Blount,1610612755.0,Philadelphia,76ers,PHI,0,0,,,,,,0,0,,,,,,0
0020100279,361,4,0,4,10:06 PM,7:34,,,Brown REBOUND (Off:1 Def:0),,,5,2245,Damone Brown,1610612755.0,Philadelphia,76ers,PHI,0,0,,,,,,0,0,,,,,,0
0020100279,360,2,53,4,10:06 PM,7:34,,,MISS Brown  Tip Shot,,,5,2245,Damone Brown,1610612755.0,Philadelphia,76ers,PHI,0,0,,,,,,0,0,,,,,,0
0020100279,362,4,0,4,10:06 PM,7:26,Long REBOUND (Off:0 Def:4),,,,,4,3,Grant Long,1610612763.0,Memphis,Grizzlies,MEM,0,0,,,,,,0,0,,,,,,0
0020100279,363,2,1,4,10:06 PM,7:19,MISS Gasol 13' Jump Shot,,,,,4,2200,Pau Gasol,1610612763.0,Memphis,Grizzlies,MEM,0,0,,,,,,0,0,,,,,,0
0020100279,364,4,0,4,10:06 PM,7:18,,,Cummings REBOUND (Off:1 Def:3),,,5,1907,Vonteego Cummings,1610612755.0,Philadelphia,76ers,PHI,0,0,,,,,,0,0,,,,,,0
0020100279,365,5,2,4,10:06 PM,7:18,Battier STEAL (2 STL),,Cummings Lost Ball Turnover (P4.T18),,,5,1907,Vonteego Cummings,1610612755.0,Philadelphia,76ers,PHI,4,2203,Shane Battier,1610612763.0,Memphis,Grizzlies,MEM,0,0,,,,,,0
0020100279,366,6,2,4,10:06 PM,7:18,,,Mutombo S.FOUL (P3.T2),,,5,87,Dikembe Mutombo,1610612755.0,Philadelphia,76ers,PHI,0,0,,,,,,1,0,,,,,,0
0020100279,367,3,11,4,10:07 PM,7:18,Battier Free Throw 1 of 2 (14 PTS),,,67 - 81,14,4,2203,Shane Battier,1610612763.0,Memphis,Grizzlies,MEM,0,0,,,,,,0,0,,,,,,0
0020100279,368,8,0,4,10:07 PM,7:18,SUB: Williams FOR Long,,,,,4,3,Grant Long,1610612763.0,Memphis,Grizzlies,MEM,4,1715,Jason Williams,1610612763.0,Memphis,Grizzlies,MEM,0,0,,,,,,0
0020100279,369,8,0,4,10:07 PM,7:18,,,SUB: Harpring FOR Brown,,,5,2245,Damone Brown,1610612755.0,Philadelphia,76ers,PHI,5,1723,Matt Harpring,1610612755.0,Philadelphia,76ers,PHI,0,0,,,,,,0
0020100279,370,3,12,4,10:07 PM,7:18,Battier Free Throw 2 of 2 (15 PTS),,,67 - 82,15,4,2203,Shane Battier,1610612763.0,Memphis,Grizzlies,MEM,0,0,,,,,,0,0,,,,,,0
0020100279,371,6,2,4,10:07 PM,7:08,Battier S.FOUL (P4.T2),,,,,4,2203,Shane Battier,1610612763.0,Memphis,Grizzlies,MEM,0,0,,,,,,1,0,,,,,,0
0020100279,372,3,11,4,10:07 PM,7:08,,,Harpring Free Throw 1 of 2 (15 PTS),68 - 82,14,5,1723,Matt Harpring,1610612755.0,Philadelphia,76ers,PHI,0,0,,,,,,0,0,,,,,,0
0020100279,373,8,0,4,10:08 PM,7:08,,,SUB: Brown FOR Cummings,,,5,1907,Vonteego Cummings,1610612755.0,Philadelphia,76ers,PHI,5,2245,Damone Brown,1610612755.0,Philadelphia,76ers,PHI,0,0,,,,,,0
0020100279,447,3,12,4,10:08 PM,7:08,,,MISS Harpring Free Throw 2 of 2,,,5,1723,Matt Harpring,1610612755.0,Philadelphia,76ers,PHI,0,0,,,,,,0,0,,,,,,0
0020100279,450,4,0,4,10:08 PM,7:06,Massenburg REBOUND (Off:2 Def:2),,,,,4,763,Tony Massenburg,1610612763.0,Memphis,Grizzlies,MEM,0,0,,,,,,0,0,,,,,,0
0020100279,376,2,1,4,10:08 PM,6:53,MISS Williams 26' 3PT Jump Shot,,,,,4,1715,Jason Williams,1610612763.0,Memphis,Grizzlies,MEM,0,0,,,,,,0,0,,,,,,0
0020100279,377,4,0,4,10:08 PM,6:51,,,Harpring REBOUND (Off:2 Def:2),,,5,1723,Matt Harpring,1610612755.0,Philadelphia,76ers,PHI,0,0,,,,,,0,0,,,,,,0
0020100279,378,1,43,4,10:09 PM,6:41,,,Mutombo  Alley Oop Layup (11 PTS) (Blount 2 AST),70 - 82,12,5,87,Dikembe Mutombo,1610612755.0,Philadelphia,76ers,PHI,5,916,Corie Blount,1610612755.0,Philadelphia,76ers,PHI,0,0,,,,,,0
0020100279,379,6,10,4,10:09 PM,6:24,,,,,,4,2203,Shane Battier,1610612763.0,Memphis,Grizzlies,MEM,5,2245,Damone Brown,1610612755.0,Philadelphia,76ers,PHI,1,0,,,,,,0
0020100279,385,8,0,4,10:10 PM,6:24,SUB: Buford FOR Battier,,,,,4,2203,Shane Battier,1610612763.0,Memphis,Grizzlies,MEM,4,1934,Rodney Buford,1610612763.0,Memphis,Grizzlies,MEM,0,0,,,,,,0
0020100279,384,8,0,4,10:10 PM,6:24,SUB: Austin FOR Massenburg,,,,,4,763,Tony Massenburg,1610612763.0,Memphis,Grizzlies,MEM,4,1134,Ike Austin,1610612763.0,Memphis,Grizzlies,MEM,0,0,,,,,,0
0020100279,382,2,1,4,10:10 PM,6:15,MISS Austin 19' Jump Shot,,,,,4,1134,Ike Austin,1610612763.0,Memphis,Grizzlies,MEM,0,0,,,,,,0,0,,,,,,0
0020100279,383,4,0,4,10:10 PM,6:14,GRIZZLIES Rebound,,,,,2,1610612763,,,,,,0,0,,,,,,0,0,,,,,,0
0020100279,451,9,1,4,10:12 PM,6:14,GRIZZLIES Timeout: Regular (Full 4 Short 1),,,,,2,1610612763,,,,,,0,0,,,,,,0,0,,,,,,0
0020100279,386,8,0,4,10:12 PM,6:14,,,SUB: Cummings FOR Brown,,,5,2245,Damone Brown,1610612755.0,Philadelphia,76ers,PHI,5,1907,Vonteego Cummings,1610612755.0,Philadelphia,76ers,PHI,0,0,,,,,,0
0020100279,387,2,1,4,10:12 PM,5:58,MISS Williams 24' 3PT Jump Shot,,,,,4,1715,Jason Williams,1610612763.0,Memphis,Grizzlies,MEM,0,0,,,,,,0,0,,,,,,0
0020100279,388,4,0,4,10:12 PM,5:55,,,Mutombo REBOUND (Off:3 Def:12),,,5,87,Dikembe Mutombo,1610612755.0,Philadelphia,76ers,PHI,0,0,,,,,,0,0,,,,,,0
0020100279,389,1,1,4,10:13 PM,5:49,,,Harpring 18' Jump Shot (17 PTS) (Cummings 4 AST),72 - 82,10,5,1723,Matt Harpring,1610612755.0,Philadelphia,76ers,PHI,5,1907,Vonteego Cummings,1610612755.0,Philadelphia,76ers,PHI,0,0,,,,,,0
0020100279,390,1,1,4,10:13 PM,5:22,Austin 20' Jump Shot (8 PTS) (Knight 4 AST),,,72 - 84,12,4,1134,Ike Austin,1610612763.0,Memphis,Grizzlies,MEM,4,1510,Brevin Knight,1610612763.0,Memphis,Grizzlies,MEM,0,0,,,,,,0
0020100279,391,6,1,4,10:13 PM,5:07,Austin P.FOUL (P2.T3),,,,,4,1134,Ike Austin,1610612763.0,Memphis,Grizzlies,MEM,0,0,,,,,,1,0,,,,,,0
0020100279,392,8,0,4,10:13 PM,5:07,SUB: Long FOR Knight,,,,,4,1510,Brevin Knight,1610612763.0,Memphis,Grizzlies,MEM,4,3,Grant Long,1610612763.0,Memphis,Grizzlies,MEM,0,0,,,,,,0
0020100279,393,9,1,4,10:13 PM,5:07,,,76ers Timeout: Regular (Reg.4 Short 1),,,3,1610612755,,,,,,0,0,,,,,,0,0,,,,,,0
0020100279,395,6,2,4,10:16 PM,5:03,Austin S.FOUL (P3.T4),,,,,4,1134,Ike Austin,1610612763.0,Memphis,Grizzlies,MEM,0,0,,,,,,1,0,,,,,,0
0020100279,445,3,11,4,10:16 PM,5:03,,,Harpring Free Throw 1 of 2 (18 PTS),73 - 84,11,5,1723,Matt Harpring,1610612755.0,Philadelphia,76ers,PHI,0,0,,,,,,0,0,,,,,,0
0020100279,455,7,3,4,10:16 PM,5:03,,,Mutombo Violation:Lane,,,5,87,Dikembe Mutombo,1610612755.0,Philadelphia,76ers,PHI,0,0,,,,,,1,0,,,,,,0
0020100279,399,2,47,4,10:17 PM,4:39,MISS Gasol 9' Turnaround Jump Shot,,,,,4,2200,Pau Gasol,1610612763.0,Memphis,Grizzlies,MEM,0,0,,,,,,0,0,,,,,,0
0020100279,400,4,0,4,10:17 PM,4:35,,,Mutombo REBOUND (Off:3 Def:13),,,5,87,Dikembe Mutombo,1610612755.0,Philadelphia,76ers,PHI,0,0,,,,,,0,0,,,,,,0
0020100279,401,2,5,4,10:17 PM,4:33,Buford BLOCK (1 BLK),,MISS Blount  Layup,,,5,916,Corie Blount,1610612755.0,Philadelphia,76ers,PHI,0,0,,,,,,4,1934,Rodney Buford,1610612763.0,Memphis,Grizzlies,MEM,0
0020100279,402,4,0,4,10:17 PM,4:28,,,Harpring REBOUND (Off:3 Def:2),,,5,1723,Matt Harpring,1610612755.0,Philadelphia,76ers,PHI,0,0,,,,,,0,0,,,,,,0
0020100279,403,1,5,4,10:17 PM,4:19,,,Harpring  Layup (20 PTS),75 - 84,9,5,1723,Matt Harpring,1610612755.0,Philadelphia,76ers,PHI,0,0,,,,,,0,0,,,,,,0
0020100279,404,1,52,4,10:17 PM,4:00,Buford  Alley Oop Dunk (8 PTS) (Williams 9 AST),,,75 - 86,11,4,1934,Rodney Buford,1610612763.0,Memphis,Grizzlies,MEM,4,1715,Jason Williams,1610612763.0,Memphis,Grizzlies,MEM,0,0,,,,,,0
0020100279,405,1,5,4,10:18 PM,3:43,,,Cummings  Layup (26 PTS) (Bell 1 AST),77 - 86,9,5,1907,Vonteego Cummings,1610612755.0,Philadelphia,76ers,PHI,5,1952,Raja Bell,1610612755.0,Philadelphia,76ers,PHI,0,0,,,,,,0
0020100279,406,1,1,4,10:18 PM,3:31,Williams 25' 3PT Jump Shot (23 PTS),,,77 - 89,12,4,1715,Jason Williams,1610612763.0,Memphis,Grizzlies,MEM,0,0,,,,,,0,0,,,,,,0
0020100279,407,1,1,4,10:18 PM,3:15,,,Harpring 19' Jump Shot (22 PTS) (Bell 2 AST),79 - 89,10,5,1723,Matt Harpring,1610612755.0,Philadelphia,76ers,PHI,5,1952,Raja Bell,1610612755.0,Philadelphia,76ers,PHI,0,0,,,,,,0
0020100279,408,2,1,4,10:18 PM,3:01,MISS Williams 27' 3PT Jump Shot,,,,,4,1715,Jason Williams,1610612763.0,Memphis,Grizzlies,MEM,0,0,,,,,,0,0,,,,,,0
0020100279,409,4,0,4,10:19 PM,2:57,,,Mutombo REBOUND (Off:3 Def:14),,,5,87,Dikembe Mutombo,1610612755.0,Philadelphia,76ers,PHI,0,0,,,,,,0,0,,,,,,0
0020100279,410,9,2,4,10:19 PM,2:57,,,76ers Timeout: Short (Reg.4 Short 2),,,3,1610612755,,,,,,0,0,,,,,,0,0,,,,,,0
0020100279,412,8,0,4,10:19 PM,2:57,SUB: Battier FOR Long,,,,,4,3,Grant Long,1610612763.0,Memphis,Grizzlies,MEM,4,2203,Shane Battier,1610612763.0,Memphis,Grizzlies,MEM,0,0,,,,,,0
0020100279,413,2,1,4,10:20 PM,2:47,,,MISS Bell 19' Jump Shot,,,5,1952,Raja Bell,1610612755.0,Philadelphia,76ers,PHI,0,0,,,,,,0,0,,,,,,0
0020100279,414,4,0,4,10:20 PM,2:43,Battier REBOUND (Off:1 Def:3),,,,,4,2203,Shane Battier,1610612763.0,Memphis,Grizzlies,MEM,0,0,,,,,,0,0,,,,,,0
0020100279,415,6,2,4,10:20 PM,2:31,,,Blount S.FOUL (P2.T3),,,5,916,Corie Blount,1610612755.0,Philadelphia,76ers,PHI,0,0,,,,,,1,0,,,,,,0
0020100279,416,3,11,4,10:20 PM,2:31,MISS Gasol Free Throw 1 of 2,,,,,4,2200,Pau Gasol,1610612763.0,Memphis,Grizzlies,MEM,0,0,,,,,,0,0,,,,,,0
0020100279,417,4,1,4,10:20 PM,2:31,GRIZZLIES Rebound,,,,,2,1610612763,,,,,,0,0,,,,,,0,0,,,,,,0
0020100279,418,3,12,4,10:20 PM,2:31,Gasol Free Throw 2 of 2 (22 PTS),,,79 - 90,11,4,2200,Pau Gasol,1610612763.0,Memphis,Grizzlies,MEM,0,0,,,,,,0,0,,,,,,0
0020100279,419,2,1,4,10:21 PM,2:23,,,MISS Cummings 7' Jump Shot,,,5,1907,Vonteego Cummings,1610612755.0,Philadelphia,76ers,PHI,0,0,,,,,,0,0,,,,,,0
0020100279,420,4,0,4,10:21 PM,2:17,Gasol REBOUND (Off:1 Def:7),,,,,4,2200,Pau Gasol,1610612763.0,Memphis,Grizzlies,MEM,0,0,,,,,,0,0,,,,,,0
0020100279,421,2,5,4,10:21 PM,2:06,MISS Williams  Layup,,,,,4,1715,Jason Williams,1610612763.0,Memphis,Grizzlies,MEM,0,0,,,,,,0,0,,,,,,0
0020100279,422,4,0,4,10:21 PM,2:03,,,Blount REBOUND (Off:3 Def:3),,,5,916,Corie Blount,1610612755.0,Philadelphia,76ers,PHI,0,0,,,,,,0,0,,,,,,0
0020100279,423,2,1,4,10:21 PM,1:46,,,MISS Mutombo 10' Jump Shot,,,5,87,Dikembe Mutombo,1610612755.0,Philadelphia,76ers,PHI,0,0,,,,,,0,0,,,,,,0
0020100279,424,4,0,4,10:21 PM,1:42,Austin REBOUND (Off:1 Def:7),,,,,4,1134,Ike Austin,1610612763.0,Memphis,Grizzlies,MEM,0,0,,,,,,0,0,,,,,,0
0020100279,425,2,1,4,10:22 PM,1:23,MISS Williams  3PT Jump Shot,,,,,4,1715,Jason Williams,1610612763.0,Memphis,Grizzlies,MEM,0,0,,,,,,0,0,,,,,,0
0020100279,426,4,0,4,10:22 PM,1:20,,,Blount REBOUND (Off:3 Def:4),,,5,916,Corie Blount,1610612755.0,Philadelphia,76ers,PHI,0,0,,,,,,0,0,,,,,,0
0020100279,427,1,42,4,10:22 PM,1:17,,,Cummings  Driving Layup (28 PTS),81 - 90,9,5,1907,Vonteego Cummings,1610612755.0,Philadelphia,76ers,PHI,0,0,,,,,,0,0,,,,,,0
0020100279,428,6,1,4,10:22 PM,1:12,,,Blount P.FOUL (P3.T4),,,5,916,Corie Blount,1610612755.0,Philadelphia,76ers,PHI,0,0,,,,,,1,0,,,,,,0
0020100279,429,8,0,4,10:22 PM,1:12,,,SUB: Dalembert FOR Blount,,,5,916,Corie Blount,1610612755.0,Philadelphia,76ers,PHI,5,2223,Samuel Dalembert,1610612755.0,Philadelphia,76ers,PHI,0,0,,,,,,0
0020100279,431,8,0,4,10:22 PM,1:12,,,SUB: Brown FOR Mutombo,,,5,87,Dikembe Mutombo,1610612755.0,Philadelphia,76ers,PHI,5,2245,Damone Brown,1610612755.0,Philadelphia,76ers,PHI,0,0,,,,,,0
0020100279,432,8,0,4,10:22 PM,1:12,,,SUB: Ruffin FOR Bell,,,5,1952,Raja Bell,1610612755.0,Philadelphia,76ers,PHI,5,1913,Michael Ruffin,1610612755.0,Philadelphia,76ers,PHI,0,0,,,,,,0
0020100279,433,8,0,4,10:23 PM,1:12,,,SUB: Bell FOR Harpring,,,5,1723,Matt Harpring,1610612755.0,Philadelphia,76ers,PHI,5,1952,Raja Bell,1610612755.0,Philadelphia,76ers,PHI,0,0,,,,,,0
0020100279,434,5,2,4,10:23 PM,1:06,Gasol Lost Ball Turnover (P3.T9),,,,,4,2200,Pau Gasol,1610612763.0,Memphis,Grizzlies,MEM,0,0,,,,,,1,0,,,,,,0
0020100279,435,1,42,4,10:23 PM,1:01,,,Bell  Driving Layup (8 PTS),83 - 90,7,5,1952,Raja Bell,1610612755.0,Philadelphia,76ers,PHI,0,0,,,,,,0,0,,,,,,0
0020100279,436,9,1,4,10:23 PM,1:01,GRIZZLIES Timeout: Regular (Full 5 Short 1),,,,,2,1610612763,,,,,,0,0,,,,,,0,0,,,,,,0
0020100279,437,2,1,4,10:25 PM,0:41,MISS Austin 19' Jump Shot,,,,,4,1134,Ike Austin,1610612763.0,Memphis,Grizzlies,MEM,0,0,,,,,,0,0,,,,,,0
0020100279,438,4,0,4,10:25 PM,0:36,,,Dalembert REBOUND (Off:0 Def:1),,,5,2223,Samuel Dalembert,1610612755.0,Philadelphia,76ers,PHI,0,0,,,,,,0,0,,,,,,0
0020100279,439,5,3,4,10:25 PM,0:31,,,Bell Out Of Bounds Turnover (P4.T19),,,5,1952,Raja Bell,1610612755.0,Philadelphia,76ers,PHI,0,0,,,,,,1,0,,,,,,0
0020100279,440,1,1,4,10:26 PM,0:15,Gasol 8' Jump Shot (24 PTS) (Battier 4 AST),,,83 - 92,9,4,2200,Pau Gasol,1610612763.0,Memphis,Grizzlies,MEM,4,2203,Shane Battier,1610612763.0,Memphis,Grizzlies,MEM,0,0,,,,,,0
0020100279,441,13,0,4,10:26 PM,0:00,,,,83 - 92,9,0,0,,,,,,0,0,,,,,,0,0,,,,,,0
