GAME_ID,EVENTNUM,EVENTMSGTYPE,EVENTMSGACTIONTYPE,PERIOD,WCTIMESTRING,PCTIMESTRING,HOMEDESCRIPTION,NEUTRALDESCRIPTION,VISITORDESCRIPTION,SCORE,SCOREMARGIN
0020900852,0,12,0,1,9:09 PM,12:00,,,,,
0020900852,1,10,0,1,9:09 PM,12:00,Jump Ball Haywood vs. Bynum: Tip to Gasol,,,,
0020900852,2,2,1,1,9:10 PM,11:41,,,MISS Fisher 25' 3PT Jump Shot,,
0020900852,3,4,0,1,9:10 PM,11:40,Kidd REBOUND (Off:0 Def:1),,,,
0020900852,4,1,1,1,9:10 PM,11:20,Nowitzki 18' Jump Shot (2 PTS) (Kidd 1 AST),,,0 - 2,2
0020900852,5,1,1,1,9:10 PM,10:57,,,World Peace  3PT Jump Shot (3 PTS) (Fisher 1 AST),3 - 2,-1
0020900852,6,5,2,1,9:11 PM,10:44,Marion Lost Ball Turnover (P1.T1),,Bryant STEAL (1 STL),,
0020900852,7,5,4,1,9:11 PM,10:36,,,Bynum Traveling Turnover (P1.T1),,
0020900852,8,1,1,1,9:11 PM,10:25,Kidd 24' 3PT Jump Shot (3 PTS) (Haywood 1 AST),,,3 - 5,2
0020900852,9,1,1,1,9:11 PM,10:04,,,Fisher  3PT Jump Shot (3 PTS),6 - 5,-1
0020900852,10,2,1,1,9:12 PM,9:51,MISS Stevenson 24' 3PT Jump Shot,,,,
0020900852,11,4,0,1,9:12 PM,9:50,,,Bynum REBOUND (Off:0 Def:1),,
0020900852,12,2,42,1,9:12 PM,9:41,,,MISS World Peace  Driving Layup,,
0020900852,13,4,0,1,9:12 PM,9:39,Marion REBOUND (Off:0 Def:1),,,,
0020900852,14,1,73,1,9:12 PM,9:33,Haywood  Driving Reverse Layup (2 PTS) (Marion 1 AST),,,6 - 7,1
0020900852,15,1,1,1,9:12 PM,9:07,,,Gasol 13' Jump Shot (2 PTS),8 - 7,-1
0020900852,16,6,4,1,9:13 PM,8:49,Marion OFF.Foul (P1),,,,
0020900852,17,5,5,1,9:13 PM,8:49,Marion Foul Turnover (P2.T2),,,,
0020900852,18,5,8,1,9:13 PM,8:31,,,Bynum 3 Second Violation Turnover (P2.T2),,
0020900852,19,1,58,1,9:14 PM,8:10,Haywood 5' Turnaround Hook Shot (4 PTS),,,8 - 9,1
0020900852,20,2,63,1,9:14 PM,7:55,,,MISS Bryant 13' Fadeaway Jumper,,
0020900852,21,4,0,1,9:14 PM,7:54,Nowitzki REBOUND (Off:0 Def:1),,,,
0020900852,22,2,1,1,9:14 PM,7:41,MISS Kidd 25' 3PT Jump Shot,,,,
0020900852,23,4,0,1,9:14 PM,7:40,,,Bynum REBOUND (Off:0 Def:2),,
0020900852,24,1,47,1,9:15 PM,7:29,,,World Peace 5' Turnaround Jump Shot (5 PTS) (Fisher 2 AST),10 - 9,-1
0020900852,25,6,2,1,9:15 PM,7:09,,,Bynum S.FOUL (P1.T1),,
0020900852,26,3,11,1,9:15 PM,7:09,MISS Stevenson Free Throw 1 of 2,,,,
0020900852,27,4,1,1,9:15 PM,7:09,MAVERICKS Rebound,,,,
0020900852,28,3,12,1,9:15 PM,7:09,Stevenson Free Throw 2 of 2 (1 PTS),,,10 - 10,TIE
0020900852,30,6,1,1,9:16 PM,6:47,Stevenson P.FOUL (P1.T1),,,,
0020900852,31,2,65,1,9:16 PM,6:35,,,MISS Gasol 7' Jump Hook Shot,,
0020900852,32,4,0,1,9:16 PM,6:34,,,Bynum REBOUND (Off:1 Def:2),,
0020900852,33,1,1,1,9:16 PM,6:33,,,Bynum 5' Jump Shot (2 PTS),12 - 10,-2
0020900852,34,2,1,1,9:17 PM,6:06,MISS Kidd 28' 3PT Jump Shot,,,,
0020900852,35,4,0,1,9:17 PM,6:06,MAVERICKS Rebound,,,,
0020900852,36,5,11,1,9:17 PM,6:06,MAVERICKS Turnover: Shot Clock (T#3),,,,
0020900852,37,2,1,1,9:18 PM,5:52,,,MISS Fisher 11' Jump Shot,,
0020900852,38,4,0,1,9:18 PM,5:50,Nowitzki REBOUND (Off:0 Def:2),,,,
0020900852,39,1,42,1,9:18 PM,5:46,Stevenson  Driving Layup (3 PTS) (Kidd 2 AST),,,12 - 12,TIE
0020900852,40,1,3,1,9:18 PM,5:25,,,Bynum 5' Hook Shot (4 PTS) (Fisher 3 AST),14 - 12,-2
0020900852,41,2,42,1,9:18 PM,5:12,MISS Stevenson  Driving Layup,,,,
0020900852,42,4,0,1,9:18 PM,5:11,Stevenson REBOUND (Off:1 Def:0),,,,
0020900852,43,9,1,1,9:18 PM,5:11,MAVERICKS Timeout: Regular (Full 1 Short 0),,,,
0020900852,47,2,47,1,9:22 PM,5:04,MISS Nowitzki 19' Turnaround Jump Shot,,,,
0020900852,48,4,0,1,9:22 PM,5:02,,,Bynum REBOUND (Off:1 Def:3),,
0020900852,49,2,47,1,9:23 PM,4:40,,,MISS Bryant 14' Turnaround Jump Shot,,
0020900852,50,4,0,1,9:23 PM,4:38,Haywood REBOUND (Off:0 Def:1),,,,
0020900852,51,1,42,1,9:23 PM,4:34,Marion  Driving Layup (2 PTS) (Kidd 3 AST),,,14 - 14,TIE
0020900852,52,1,65,1,9:23 PM,4:04,,,Bynum 6' Jump Hook Shot (6 PTS),16 - 14,-2
0020900852,53,1,1,1,9:24 PM,3:40,Nowitzki 18' Jump Shot (4 PTS) (Haywood 2 AST),,,16 - 16,TIE
0020900852,54,2,1,1,9:24 PM,3:19,,,MISS Fisher  3PT Jump Shot,,
0020900852,55,4,0,1,9:24 PM,3:18,Haywood REBOUND (Off:0 Def:2),,,,
0020900852,56,2,1,1,9:24 PM,3:09,MISS Stevenson 24' 3PT Jump Shot,,,,
0020900852,57,4,0,1,9:24 PM,3:08,Kidd REBOUND (Off:1 Def:1),,,,
0020900852,58,6,3,1,9:24 PM,3:07,,,Fisher L.B.FOUL (P1.T2),,
0020900852,59,8,0,1,9:25 PM,3:07,,,SUB: Odom FOR Gasol,,
0020900852,60,8,0,1,9:25 PM,3:07,SUB: Terry FOR Marion,,,,
0020900852,61,9,1,1,9:25 PM,3:07,,,Lakers Timeout: Regular (Reg.1 Short 0),,
0020900852,63,8,0,1,9:28 PM,3:07,SUB: Marion FOR Nowitzki,,,,
0020900852,64,8,0,1,9:28 PM,3:07,,,SUB: Farmar FOR World Peace,,
0020900852,65,8,0,1,9:28 PM,3:07,,,SUB: Brown FOR Fisher,,
0020900852,66,1,1,1,9:29 PM,2:52,Terry 20' Jump Shot (2 PTS) (Kidd 4 AST),,,16 - 18,2
0020900852,67,2,63,1,9:29 PM,2:41,,,MISS Bryant 13' Fadeaway Jumper,,
0020900852,68,4,0,1,9:29 PM,2:38,Marion REBOUND (Off:0 Def:2),,,,
0020900852,69,2,75,1,9:29 PM,2:30,MISS Terry  Driving Finger Roll Layup,,,,
0020900852,70,4,0,1,9:29 PM,2:28,,,Bynum REBOUND (Off:1 Def:4),,
0020900852,71,2,1,1,9:29 PM,2:14,,,MISS Bryant 18' Jump Shot,,
0020900852,72,4,0,1,9:29 PM,2:13,Kidd REBOUND (Off:1 Def:2),,,,
0020900852,73,2,5,1,9:30 PM,1:55,MISS Haywood  Layup,,,,
0020900852,74,4,0,1,9:30 PM,1:54,,,Odom REBOUND (Off:0 Def:1),,
0020900852,75,1,42,1,9:30 PM,1:48,,,Odom  Driving Layup (2 PTS),18 - 18,TIE
0020900852,76,1,42,1,9:30 PM,1:40,Terry  Driving Layup (4 PTS),,,18 - 20,2
0020900852,77,2,1,1,9:30 PM,1:11,,,MISS Bryant 10' Jump Shot,,
0020900852,78,4,0,1,9:30 PM,1:10,,,Bynum REBOUND (Off:2 Def:4),,
0020900852,79,1,7,1,9:30 PM,1:09,,,Bynum  Dunk (8 PTS),20 - 20,TIE
0020900852,80,5,1,1,9:31 PM,0:48,Terry Bad Pass Turnover (P1.T4),,Brown STEAL (1 STL),,
0020900852,81,1,42,1,9:31 PM,0:44,,,Farmar  Driving Layup (2 PTS),22 - 20,-2
0020900852,82,6,2,1,9:31 PM,0:44,Kidd S.FOUL (P1.T2),,,,
0020900852,83,3,10,1,9:31 PM,0:44,,,Farmar Free Throw 1 of 1 (3 PTS),23 - 20,-3
0020900852,85,2,42,1,9:32 PM,0:31,MISS Kidd  Driving Layup,,,,
0020900852,86,4,0,1,9:32 PM,0:29,,,Bynum REBOUND (Off:2 Def:5),,
0020900852,87,2,47,1,9:32 PM,0:10,,,MISS Odom 6' Turnaround Jump Shot,,
0020900852,88,4,0,1,9:32 PM,0:07,Haywood REBOUND (Off:0 Def:3),,,,
0020900852,89,2,1,1,9:32 PM,0:00,MISS Kidd 26' 3PT Jump Shot,,,,
0020900852,90,4,0,1,9:32 PM,0:00,MAVERICKS Rebound,,,,
0020900852,91,13,0,1,9:32 PM,0:00,,,,23 - 20,-3
0020900852,93,12,0,2,9:36 PM,12:00,,,,23 - 20,-3
0020900852,94,1,85,2,9:37 PM,11:43,Nowitzki 10' Turnaround Bank Shot (6 PTS),,,23 - 22,-1
0020900852,95,5,1,2,9:37 PM,11:34,,,World Peace Bad Pass Turnover (P1.T3),,
0020900852,96,1,42,2,9:37 PM,11:21,Terry  Driving Layup (6 PTS),,,23 - 24,1
0020900852,97,6,2,2,9:37 PM,11:21,,,Farmar S.FOUL (P1.T1),,
0020900852,98,9,1,2,9:38 PM,11:21,,,Lakers Timeout: Regular (Reg.2 Short 0),,
0020900852,102,3,10,2,9:41 PM,11:21,Terry Free Throw 1 of 1 (7 PTS),,,23 - 25,2
0020900852,104,1,1,2,9:41 PM,11:02,,,Odom 26' 3PT Jump Shot (5 PTS) (Brown 1 AST),26 - 25,-1
0020900852,105,1,42,2,9:42 PM,10:47,Terry  Driving Layup (9 PTS),,,26 - 27,1
0020900852,106,1,42,2,9:42 PM,10:37,,,World Peace  Driving Layup (7 PTS),28 - 27,-1
0020900852,107,5,1,2,9:42 PM,10:20,Terry Bad Pass Turnover (P2.T5),,Brown STEAL (2 STL),,
0020900852,108,1,42,2,9:43 PM,10:11,,,Odom  Driving Layup (7 PTS) (Gasol 1 AST),30 - 27,-3
0020900852,109,5,2,2,9:43 PM,10:01,Beaubois Lost Ball Turnover (P1.T6),,Odom STEAL (1 STL),,
0020900852,111,5,2,2,9:44 PM,9:59,Beaubois STEAL (1 STL),,Odom Lost Ball Turnover (P1.T4),,
0020900852,112,10,0,2,9:45 PM,9:59,Jump Ball Beaubois vs. Farmar: Tip to Gasol,,,,
0020900852,113,5,2,2,9:45 PM,9:59,Beaubois Lost Ball Turnover (P2.T7),,Farmar STEAL (1 STL),,
0020900852,114,2,42,2,9:45 PM,9:50,Beaubois BLOCK (1 BLK),,MISS Farmar  Driving Layup,,
0020900852,115,4,0,2,9:45 PM,9:50,,,Lakers Rebound,,
0020900852,116,1,42,2,9:45 PM,9:46,,,Farmar  Driving Layup (5 PTS) (Odom 1 AST),32 - 27,-5
0020900852,117,1,1,2,9:45 PM,9:28,Terry  3PT Jump Shot (12 PTS) (Najera 1 AST),,,32 - 30,-2
0020900852,118,6,1,2,9:46 PM,9:16,Nowitzki P.FOUL (P1.T1),,,,
0020900852,119,1,42,2,9:46 PM,9:10,,,World Peace  Driving Layup (9 PTS) (Gasol 2 AST),34 - 30,-4
0020900852,120,2,1,2,9:46 PM,8:56,MISS Terry 24' 3PT Jump Shot,,,,
0020900852,121,4,0,2,9:46 PM,8:55,,,Gasol REBOUND (Off:0 Def:1),,
0020900852,122,5,1,2,9:46 PM,8:47,Beaubois STEAL (2 STL),,Farmar Bad Pass Turnover (P1.T5),,
0020900852,123,1,1,2,9:47 PM,8:41,Nowitzki 18' Jump Shot (8 PTS) (Terry 1 AST),,,34 - 32,-2
0020900852,124,2,46,2,9:47 PM,8:21,,,MISS Farmar 13' Running Jump Shot,,
0020900852,125,4,0,2,9:47 PM,8:21,Nowitzki REBOUND (Off:0 Def:3),,,,
0020900852,126,2,42,2,9:47 PM,8:16,MISS Marion  Driving Layup,,,,
0020900852,127,4,0,2,9:47 PM,8:15,,,Brown REBOUND (Off:0 Def:1),,
0020900852,128,1,5,2,9:47 PM,8:10,,,Gasol  Layup (4 PTS) (Brown 2 AST),36 - 32,-4
0020900852,129,9,1,2,9:47 PM,8:00,MAVERICKS Timeout: Regular (Full 2 Short 0),,,,
0020900852,131,8,0,2,9:50 PM,8:00,SUB: Stevenson FOR Marion,,,,
0020900852,133,6,2,2,9:51 PM,7:50,,,Gasol S.FOUL (P1.T2),,
0020900852,134,3,11,2,9:51 PM,7:50,Nowitzki Free Throw 1 of 2 (9 PTS),,,36 - 33,-3
0020900852,136,3,12,2,9:51 PM,7:50,Nowitzki Free Throw 2 of 2 (10 PTS),,,36 - 34,-2
0020900852,138,2,65,2,9:52 PM,7:37,,,MISS Gasol 7' Jump Hook Shot,,
0020900852,139,4,0,2,9:52 PM,7:34,Nowitzki REBOUND (Off:0 Def:4),,,,
0020900852,140,5,1,2,9:52 PM,7:30,Beaubois Bad Pass Turnover (P3.T8),,,,
0020900852,141,8,0,2,9:53 PM,7:24,SUB: Barea FOR Beaubois,,,,
0020900852,143,6,1,2,9:53 PM,7:17,Najera P.FOUL (P1.T2),,,,
0020900852,144,1,1,2,9:54 PM,7:07,,,Odom 13' Jump Shot (9 PTS),38 - 34,-4
0020900852,145,2,1,2,9:54 PM,6:50,MISS Barea  3PT Jump Shot,,,,
0020900852,146,4,0,2,9:54 PM,6:49,Nowitzki REBOUND (Off:1 Def:4),,,,
0020900852,147,9,2,2,9:54 PM,6:48,MAVERICKS Timeout: Short (Full 2 Short 1),,,,
0020900852,148,8,0,2,9:55 PM,6:48,SUB: Haywood FOR Najera,,,,
0020900852,150,2,1,2,9:56 PM,6:31,MISS Nowitzki 20' Jump Shot,,,,
0020900852,151,4,0,2,9:56 PM,6:30,Barea REBOUND (Off:1 Def:0),,,,
0020900852,152,2,1,2,9:56 PM,6:26,MISS Nowitzki 17' Jump Shot,,,,
0020900852,153,4,0,2,9:56 PM,6:24,Terry REBOUND (Off:1 Def:0),,,,
0020900852,154,1,1,2,9:56 PM,6:21,Terry 25' 3PT Jump Shot (15 PTS) (Stevenson 1 AST),,,38 - 37,-1
0020900852,155,2,1,2,9:56 PM,6:10,,,MISS Brown 26' 3PT Jump Shot,,
0020900852,156,4,0,2,9:56 PM,6:09,Barea REBOUND (Off:1 Def:1),,,,
0020900852,157,2,1,2,9:56 PM,6:04,MISS Terry 25' 3PT Jump Shot,,,,
0020900852,158,4,0,2,9:56 PM,6:01,,,Brown REBOUND (Off:0 Def:2),,
0020900852,159,5,1,2,9:56 PM,6:01,Barea STEAL (1 STL),,Brown Bad Pass Turnover (P1.T6),,
0020900852,160,6,3,2,9:56 PM,6:01,,,Gasol L.B.FOUL (P2.T3),,
0020900852,161,8,0,2,9:56 PM,6:01,SUB: Kidd FOR Stevenson,,,,
0020900852,162,8,0,2,9:57 PM,6:01,,,SUB: Bryant FOR Gasol,,
0020900852,163,8,0,2,9:57 PM,6:01,,,SUB: Fisher FOR Brown,,
0020900852,164,8,0,2,9:57 PM,6:01,,,SUB: Bynum FOR Farmar,,
0020900852,165,1,79,2,9:57 PM,5:49,Barea 14' Pullup Jump Shot (2 PTS),,,38 - 39,1
0020900852,166,1,78,2,9:58 PM,5:32,,,Fisher 6' Floating Jump Shot (5 PTS),40 - 39,-1
0020900852,167,5,1,2,9:58 PM,5:12,Nowitzki Bad Pass Turnover (P1.T9),,Odom STEAL (2 STL),,
0020900852,168,1,44,2,9:58 PM,5:06,,,World Peace  Reverse Layup (11 PTS) (Odom 2 AST),42 - 39,-3
0020900852,169,2,1,2,9:58 PM,4:44,MISS Barea 5' Jump Shot,,,,
0020900852,170,4,0,2,9:58 PM,4:43,,,Bynum REBOUND (Off:2 Def:6),,
0020900852,171,2,1,2,9:59 PM,4:28,Haywood BLOCK (1 BLK),,MISS Bynum 6' Jump Shot,,
0020900852,172,4,0,2,9:59 PM,4:27,Nowitzki REBOUND (Off:1 Def:5),,,,
0020900852,173,2,42,2,9:59 PM,4:25,MISS Barea  Driving Layup,,,,
0020900852,174,4,0,2,9:59 PM,4:22,,,Odom REBOUND (Off:0 Def:2),,
0020900852,175,6,1,2,9:59 PM,4:12,Terry P.FOUL (P1.T3),,,,
0020900852,176,8,0,2,9:59 PM,4:12,SUB: Marion FOR Barea,,,,
0020900852,177,1,86,2,10:00 PM,3:59,,,Odom 12' Turnaround Fadeaway (11 PTS),44 - 39,-5
0020900852,178,6,1,2,10:00 PM,3:43,,,Odom P.FOUL (P1.T4),,
0020900852,179,2,1,2,10:00 PM,3:33,MISS Terry 13' Jump Shot,,,,
0020900852,180,4,0,2,10:00 PM,3:32,,,World Peace REBOUND (Off:0 Def:1),,
0020900852,181,1,1,2,10:00 PM,3:25,,,Bryant 13' Jump Shot (2 PTS),46 - 39,-7
0020900852,182,2,1,2,10:01 PM,3:12,MISS Kidd 24' 3PT Jump Shot,,,,
0020900852,183,4,0,2,10:01 PM,3:11,Marion REBOUND (Off:1 Def:2),,,,
0020900852,184,2,5,2,10:01 PM,3:10,MISS Marion  Layup,,,,
0020900852,185,4,0,2,10:01 PM,3:09,,,Bynum REBOUND (Off:2 Def:7),,
0020900852,186,1,1,2,10:01 PM,2:58,,,Bryant 13' Jump Shot (4 PTS),48 - 39,-9
0020900852,187,2,1,2,10:01 PM,2:40,MISS Terry 25' 3PT Jump Shot,,,,
0020900852,188,4,0,2,10:01 PM,2:39,Haywood REBOUND (Off:1 Def:3),,,,
0020900852,189,2,44,2,10:01 PM,2:35,MISS Haywood  Reverse Layup,,Bynum BLOCK (1 BLK),,
0020900852,190,4,0,2,10:01 PM,2:32,,,Odom REBOUND (Off:0 Def:3),,
0020900852,191,2,1,2,10:01 PM,2:27,,,MISS Bryant 24' 3PT Jump Shot,,
0020900852,192,4,0,2,10:01 PM,2:25,Haywood REBOUND (Off:1 Def:4),,,,
0020900852,193,1,1,2,10:02 PM,2:16,Nowitzki 12' Jump Shot (12 PTS),,,48 - 41,-7
0020900852,195,9,2,2,10:02 PM,1:59,,,Lakers Timeout: Short (Reg.2 Short 1),,
0020900852,197,9,4,2,10:02 PM,1:59,,,,,
0020900852,200,2,1,2,10:06 PM,1:51,,,MISS Odom 14' Jump Shot,,
0020900852,201,4,0,2,10:06 PM,1:51,Terry REBOUND (Off:1 Def:1),,,,
0020900852,202,1,8,2,10:06 PM,1:45,Haywood  Slam Dunk (6 PTS) (Kidd 5 AST),,,48 - 43,-5
0020900852,203,1,42,2,10:06 PM,1:27,,,Bryant  Driving Layup (6 PTS),50 - 43,-7
0020900852,204,1,1,2,10:06 PM,1:02,Kidd 24' 3PT Jump Shot (6 PTS) (Nowitzki 1 AST),,,50 - 46,-4
0020900852,205,2,42,2,10:07 PM,0:44,Haywood BLOCK (2 BLK),,MISS Bryant  Driving Layup,,
0020900852,206,4,0,2,10:07 PM,0:42,Terry REBOUND (Off:1 Def:2),,,,
0020900852,207,2,1,2,10:07 PM,0:37,MISS Nowitzki 17' Jump Shot,,,,
0020900852,208,4,0,2,10:07 PM,0:36,Kidd REBOUND (Off:2 Def:2),,,,
0020900852,209,6,2,2,10:07 PM,0:33,,,Bryant S.FOUL (P1.PN),,
0020900852,210,3,13,2,10:07 PM,0:33,Terry Free Throw 1 of 3 (16 PTS),,,50 - 47,-3
0020900852,212,3,14,2,10:07 PM,0:33,Terry Free Throw 2 of 3 (17 PTS),,,50 - 48,-2
0020900852,214,3,15,2,10:08 PM,0:33,Terry Free Throw 3 of 3 (18 PTS),,,50 - 49,-1
0020900852,216,2,1,2,10:08 PM,0:23,,,MISS Fisher 23' Jump Shot,,
0020900852,217,4,0,2,10:08 PM,0:23,Marion REBOUND (Off:1 Def:3),,,,
0020900852,218,5,2,2,10:08 PM,0:21,Marion Lost Ball Turnover (P3.T10),,Bryant STEAL (2 STL),,
0020900852,219,2,5,2,10:08 PM,0:19,,,MISS Bryant  Layup,,
0020900852,220,4,0,2,10:08 PM,0:19,,,Lakers Rebound,,
0020900852,221,8,0,2,10:08 PM,0:19,SUB: Stevenson FOR Terry,,,,
0020900852,222,2,1,2,10:09 PM,0:03,Haywood BLOCK (3 BLK),,MISS World Peace  3PT Jump Shot,,
0020900852,223,4,0,2,10:09 PM,0:00,Marion REBOUND (Off:1 Def:4),,,,
0020900852,224,13,0,2,10:09 PM,0:00,,,,50 - 49,-1
0020900852,226,12,0,3,10:29 PM,12:00,,,,50 - 49,-1
0020900852,227,1,1,3,10:29 PM,11:44,Nowitzki 15' Jump Shot (14 PTS) (Kidd 6 AST),,,50 - 51,1
0020900852,228,2,1,3,10:30 PM,11:26,,,MISS Bryant 15' Jump Shot,,
0020900852,229,4,0,3,10:30 PM,11:25,Nowitzki REBOUND (Off:1 Def:6),,,,
0020900852,230,1,7,3,10:30 PM,11:18,Marion  Dunk (4 PTS) (Kidd 7 AST),,,50 - 53,3
0020900852,231,2,1,3,10:30 PM,11:02,,,MISS Fisher 24' 3PT Jump Shot,,
0020900852,232,4,0,3,10:30 PM,11:01,Marion REBOUND (Off:1 Def:5),,,,
0020900852,233,1,94,3,10:30 PM,10:39,Haywood 7' Jump Bank Hook Shot (8 PTS),,,50 - 55,5
0020900852,234,2,1,3,10:31 PM,10:13,,,MISS Bynum 14' Jump Shot,,
0020900852,235,4,0,3,10:31 PM,10:12,Nowitzki REBOUND (Off:1 Def:7),,,,
0020900852,236,2,1,3,10:31 PM,10:06,MISS Kidd 23' Jump Shot,,,,
0020900852,237,4,0,3,10:31 PM,10:06,,,Bryant REBOUND (Off:0 Def:1),,
0020900852,238,2,47,3,10:31 PM,9:55,Haywood BLOCK (4 BLK),,MISS Bryant 9' Turnaround Jump Shot,,
0020900852,239,4,0,3,10:31 PM,9:55,,,Lakers Rebound,,
0020900852,240,1,1,3,10:32 PM,9:49,,,Fisher 25' 3PT Jump Shot (8 PTS) (Bryant 1 AST),53 - 55,2
0020900852,241,1,42,3,10:32 PM,9:27,Nowitzki  Driving Layup (16 PTS) (Kidd 8 AST),,,53 - 57,4
0020900852,242,2,1,3,10:32 PM,9:00,,,MISS Fisher 14' Jump Shot,,
0020900852,243,4,0,3,10:32 PM,8:59,Haywood REBOUND (Off:1 Def:5),,,,
0020900852,244,5,1,3,10:33 PM,8:54,Kidd Bad Pass Turnover (P1.T11),,Bynum STEAL (1 STL),,
0020900852,245,1,63,3,10:33 PM,8:46,,,Bryant 15' Fadeaway Jumper (8 PTS) (World Peace 1 AST),55 - 57,2
0020900852,246,6,1,3,10:33 PM,8:25,,,Fisher P.FOUL (P2.T1),,
0020900852,247,1,1,3,10:34 PM,8:12,Kidd 24' 3PT Jump Shot (9 PTS) (Marion 2 AST),,,55 - 60,5
0020900852,248,1,1,3,10:34 PM,7:55,,,Bryant 20' Jump Shot (10 PTS) (Fisher 4 AST),57 - 60,3
0020900852,249,2,1,3,10:34 PM,7:33,MISS Marion 6' Jump Shot,,Bynum BLOCK (2 BLK),,
0020900852,250,4,0,3,10:35 PM,7:31,,,Fisher REBOUND (Off:0 Def:1),,
0020900852,251,2,1,3,10:35 PM,7:17,,,MISS Fisher 22' Jump Shot,,
0020900852,252,4,0,3,10:35 PM,7:17,Stevenson REBOUND (Off:1 Def:1),,,,
0020900852,253,5,1,3,10:35 PM,7:07,Kidd Bad Pass Turnover (P2.T12),,World Peace STEAL (1 STL),,
0020900852,256,6,9,3,10:35 PM,7:06,Stevenson C.P.FOUL (P2.T1),,,,
0020900852,257,3,25,3,10:36 PM,7:06,,,Fisher Free Throw Clear Path 1 of 2 (9 PTS),58 - 60,2
0020900852,259,3,26,3,10:36 PM,7:06,,,Fisher Free Throw Clear Path 2 of 2 (10 PTS),59 - 60,1
0020900852,262,6,1,3,10:36 PM,7:02,Stevenson P.FOUL (P3.T2),,,,
0020900852,263,1,63,3,10:37 PM,6:53,,,Bryant 10' Fadeaway Jumper (12 PTS) (Bynum 1 AST),61 - 60,-1
0020900852,264,6,2,3,10:37 PM,6:40,,,Bryant S.FOUL (P2.T2),,
0020900852,265,3,11,3,10:37 PM,6:40,Nowitzki Free Throw 1 of 2 (17 PTS),,,61 - 61,TIE
0020900852,267,8,0,3,10:37 PM,6:40,,,SUB: Odom FOR Gasol,,
0020900852,269,8,0,3,10:38 PM,6:40,SUB: Terry FOR Stevenson,,,,
0020900852,270,3,12,3,10:38 PM,6:40,Nowitzki Free Throw 2 of 2 (18 PTS),,,61 - 62,1
0020900852,272,5,1,3,10:38 PM,6:23,,,Fisher Bad Pass Turnover (P1.T7),,
0020900852,273,1,5,3,10:38 PM,6:13,Marion  Layup (6 PTS),,,61 - 64,3
0020900852,274,1,1,3,10:39 PM,5:54,,,Bryant 20' Jump Shot (14 PTS),63 - 64,1
0020900852,275,2,86,3,10:39 PM,5:33,MISS Nowitzki 15' Turnaround Fadeaway Shot,,,,
0020900852,276,4,0,3,10:39 PM,5:30,Haywood REBOUND (Off:2 Def:5),,,,
0020900852,277,1,5,3,10:39 PM,5:27,Marion  Layup (8 PTS) (Kidd 9 AST),,,63 - 66,3
0020900852,278,6,2,3,10:39 PM,5:27,,,World Peace S.FOUL (P1.T3),,
0020900852,279,9,1,3,10:39 PM,5:27,MAVERICKS Timeout: Regular (Full 3 Short 1),,,,
0020900852,282,8,0,3,10:43 PM,5:27,,,SUB: Gasol FOR Bynum,,
0020900852,283,3,10,3,10:43 PM,5:27,MISS Marion Free Throw 1 of 1,,,,
0020900852,285,4,0,3,10:43 PM,5:26,,,Odom REBOUND (Off:0 Def:4),,
0020900852,286,1,49,3,10:43 PM,5:10,,,Gasol  Driving Dunk (6 PTS) (Fisher 5 AST),65 - 66,1
0020900852,287,8,0,3,10:44 PM,4:54,SUB: Najera FOR Haywood,,,,
0020900852,288,2,86,3,10:44 PM,4:42,MISS Nowitzki 12' Turnaround Fadeaway Shot,,,,
0020900852,289,4,0,3,10:44 PM,4:41,Marion REBOUND (Off:2 Def:5),,,,
0020900852,290,10,0,3,10:45 PM,4:38,Jump Ball Marion vs. World Peace: Tip to Fisher,,,,
0020900852,291,5,2,3,10:45 PM,4:38,Marion Lost Ball Turnover (P4.T13),,World Peace STEAL (2 STL),,
0020900852,292,5,1,3,10:45 PM,4:30,Terry STEAL (1 STL),,Fisher Bad Pass Turnover (P2.T8),,
0020900852,293,2,47,3,10:46 PM,4:14,MISS Marion 8' Turnaround Jump Shot,,,,
0020900852,294,4,0,3,10:46 PM,4:12,Najera REBOUND (Off:1 Def:0),,,,
0020900852,295,2,1,3,10:46 PM,4:06,MISS Terry 9' Jump Shot,,,,
0020900852,296,4,0,3,10:46 PM,4:04,,,Gasol REBOUND (Off:0 Def:2),,
0020900852,297,2,47,3,10:46 PM,3:53,,,MISS Odom 9' Turnaround Jump Shot,,
0020900852,298,4,0,3,10:46 PM,3:52,,,Gasol REBOUND (Off:1 Def:2),,
0020900852,299,6,1,3,10:46 PM,3:52,Najera P.FOUL (P2.T3),,,,
0020900852,300,6,2,3,10:47 PM,3:44,Kidd S.FOUL (P2.T4),,,,
0020900852,301,3,11,3,10:47 PM,3:44,,,World Peace Free Throw 1 of 2 (12 PTS),66 - 66,TIE
0020900852,303,3,12,3,10:47 PM,3:44,,,World Peace Free Throw 2 of 2 (13 PTS),67 - 66,-1
0020900852,305,2,1,3,10:48 PM,3:25,MISS Kidd 20' Jump Shot,,,,
0020900852,306,4,0,3,10:48 PM,3:25,,,Gasol REBOUND (Off:1 Def:3),,
0020900852,307,2,1,3,10:48 PM,3:10,,,MISS Gasol 4' Jump Shot,,
0020900852,308,4,0,3,10:48 PM,3:09,Nowitzki REBOUND (Off:1 Def:8),,,,
0020900852,309,1,1,3,10:48 PM,3:01,Terry 25' 3PT Jump Shot (21 PTS) (Kidd 10 AST),,,67 - 69,2
0020900852,310,6,1,3,10:48 PM,2:48,Najera P.FOUL (P3.PN),,,,
0020900852,311,9,1,3,10:49 PM,2:48,,,Lakers Timeout: Regular (Reg.3 Short 1),,
0020900852,315,3,11,3,10:52 PM,2:48,,,MISS Gasol Free Throw 1 of 2,,
0020900852,316,4,1,3,10:52 PM,2:48,,,Lakers Rebound,,
0020900852,317,3,12,3,10:52 PM,2:48,,,Gasol Free Throw 2 of 2 (7 PTS),68 - 69,1
0020900852,319,5,40,3,10:53 PM,2:31,Marion Out of Bounds Lost Ball Turnover (P5.T14),,,,
0020900852,320,1,5,3,10:53 PM,2:17,,,Gasol  Layup (9 PTS) (Odom 3 AST),70 - 69,-1
0020900852,321,2,1,3,10:54 PM,1:54,MISS Terry 18' Jump Shot,,,,
0020900852,322,4,0,3,10:54 PM,1:53,,,World Peace REBOUND (Off:0 Def:2),,
0020900852,323,5,1,3,10:54 PM,1:41,Marion STEAL (1 STL),,Bryant Bad Pass Turnover (P1.T9),,
0020900852,324,1,42,3,10:54 PM,1:38,Marion  Driving Layup (10 PTS) (Terry 2 AST),,,70 - 71,1
0020900852,325,5,8,3,10:54 PM,1:21,,,Odom 3 Second Violation Turnover (P2.T10),,
0020900852,326,8,0,3,10:54 PM,1:21,,,SUB: Farmar FOR Fisher,,
0020900852,327,8,0,3,10:54 PM,1:21,,,SUB: Brown FOR World Peace,,
0020900852,328,5,1,3,10:55 PM,1:09,Terry Bad Pass Turnover (P3.T15),,,,
0020900852,329,8,0,3,10:55 PM,1:09,SUB: Haywood FOR Nowitzki,,,,
0020900852,330,1,42,3,10:55 PM,0:54,,,Brown  Driving Layup (2 PTS) (Gasol 3 AST),72 - 71,-1
0020900852,331,2,1,3,10:56 PM,0:36,MISS Najera 22' Jump Shot,,,,
0020900852,332,4,0,3,10:56 PM,0:35,,,Bryant REBOUND (Off:0 Def:2),,
0020900852,333,5,1,3,10:56 PM,0:27,Najera STEAL (1 STL),,Bryant Bad Pass Turnover (P2.T11),,
0020900852,334,2,42,3,10:56 PM,0:21,MISS Najera  Driving Layup,,,,
0020900852,335,4,0,3,10:56 PM,0:20,MAVERICKS Rebound,,,,
0020900852,336,8,0,3,10:56 PM,0:20,SUB: Nowitzki FOR Najera,,,,
0020900852,337,6,1,3,10:57 PM,0:03,,,Farmar P.FOUL (P2.T4),,
0020900852,338,1,1,3,10:57 PM,0:00,Kidd 29' 3PT Jump Shot (12 PTS) (Terry 3 AST),,,72 - 74,2
0020900852,339,18,0,3,10:57 PM,0:00,,,,72 - 74,2
0020900852,340,13,0,3,10:57 PM,0:00,,,,72 - 74,2
0020900852,342,12,0,4,11:02 PM,12:00,,,,72 - 74,2
0020900852,343,5,2,4,11:02 PM,11:50,Kidd STEAL (1 STL),,Brown Lost Ball Turnover (P2.T12),,
0020900852,344,2,1,4,11:02 PM,11:42,MISS Stevenson  3PT Jump Shot,,,,
0020900852,345,4,0,4,11:02 PM,11:41,,,Odom REBOUND (Off:0 Def:5),,
0020900852,346,2,47,4,11:02 PM,11:29,Haywood BLOCK (5 BLK),,MISS Bynum 6' Turnaround Jump Shot,,
0020900852,347,4,0,4,11:02 PM,11:26,,,World Peace REBOUND (Off:1 Def:2),,
0020900852,348,5,2,4,11:02 PM,11:19,Stevenson STEAL (1 STL),,Bynum Lost Ball Turnover (P3.T13),,
0020900852,349,6,2,4,11:03 PM,11:17,,,Brown S.FOUL (P1.T1),,
0020900852,350,3,11,4,11:03 PM,11:17,Kidd Free Throw 1 of 2 (13 PTS),,,72 - 75,3
0020900852,352,3,12,4,11:03 PM,11:17,Kidd Free Throw 2 of 2 (14 PTS),,,72 - 76,4
0020900852,354,6,2,4,11:03 PM,11:06,Marion S.FOUL (P2.T1),,,,
0020900852,355,3,11,4,11:04 PM,11:06,,,Brown Free Throw 1 of 2 (3 PTS),73 - 76,3
0020900852,357,3,12,4,11:04 PM,11:06,,,Brown Free Throw 2 of 2 (4 PTS),74 - 76,2
0020900852,359,2,47,4,11:04 PM,10:50,MISS Marion 8' Turnaround Jump Shot,,,,
0020900852,360,4,0,4,11:05 PM,10:49,MAVERICKS Rebound,,,,
0020900852,361,6,2,4,11:05 PM,10:46,,,Bynum S.FOUL (P2.T2),,
0020900852,362,3,11,4,11:05 PM,10:46,Haywood Free Throw 1 of 2 (9 PTS),,,74 - 77,3
0020900852,364,3,12,4,11:05 PM,10:46,Haywood Free Throw 2 of 2 (10 PTS),,,74 - 78,4
0020900852,366,6,1,4,11:06 PM,10:27,Stevenson P.FOUL (P4.T2),,,,
0020900852,367,5,1,4,11:06 PM,10:20,,,Odom Bad Pass Turnover (P3.T14),,
0020900852,368,2,1,4,11:07 PM,10:00,MISS Terry 20' Jump Shot,,,,
0020900852,369,4,0,4,11:07 PM,9:58,,,Odom REBOUND (Off:0 Def:6),,
0020900852,370,1,42,4,11:07 PM,9:53,,,Odom  Driving Layup (13 PTS),76 - 78,2
0020900852,371,6,1,4,11:07 PM,9:41,,,Farmar P.FOUL (P3.T3),,
0020900852,372,8,0,4,11:07 PM,9:41,SUB: Nowitzki FOR Marion,,,,
0020900852,373,8,0,4,11:08 PM,9:41,SUB: Barea FOR Kidd,,,,
0020900852,374,8,0,4,11:08 PM,9:41,,,SUB: Fisher FOR Farmar,,
0020900852,375,8,0,4,11:08 PM,9:41,,,SUB: Bryant FOR World Peace,,
0020900852,376,6,4,4,11:08 PM,9:37,Haywood OFF.Foul (P1),,,,
0020900852,377,5,5,4,11:08 PM,9:37,Haywood Foul Turnover (P1.T16),,,,
0020900852,378,2,1,4,11:09 PM,9:25,,,MISS Bryant 10' Jump Shot,,
0020900852,379,4,0,4,11:09 PM,9:23,Stevenson REBOUND (Off:1 Def:2),,,,
0020900852,380,6,2,4,11:09 PM,9:11,,,Odom S.FOUL (P2.T4),,
0020900852,381,3,11,4,11:09 PM,9:11,Nowitzki Free Throw 1 of 2 (19 PTS),,,76 - 79,3
0020900852,383,3,12,4,11:09 PM,9:11,Nowitzki Free Throw 2 of 2 (20 PTS),,,76 - 80,4
0020900852,385,1,47,4,11:10 PM,8:53,,,Bynum 7' Turnaround Jump Shot (10 PTS) (Odom 4 AST),78 - 80,2
0020900852,386,2,1,4,11:10 PM,8:38,MISS Terry 16' Jump Shot,,,,
0020900852,387,4,0,4,11:10 PM,8:37,MAVERICKS Rebound,,,,
0020900852,388,9,4,4,11:10 PM,8:37,,,,,
0020900852,392,2,1,4,11:14 PM,8:26,MISS Barea 17' Jump Shot,,,,
0020900852,393,4,0,4,11:14 PM,8:25,,,Bynum REBOUND (Off:2 Def:8),,
0020900852,394,5,4,4,11:15 PM,8:03,,,Bynum Traveling Turnover (P4.T15),,
0020900852,395,8,0,4,11:15 PM,8:03,,,SUB: World Peace FOR Brown,,
0020900852,396,6,1,4,11:15 PM,7:54,,,Odom P.FOUL (P3.PN),,
0020900852,397,3,11,4,11:15 PM,7:54,Nowitzki Free Throw 1 of 2 (21 PTS),,,78 - 81,3
0020900852,399,8,0,4,11:16 PM,7:54,,,SUB: Gasol FOR Bynum,,
0020900852,400,8,0,4,11:16 PM,7:54,SUB: Kidd FOR Barea,,,,
0020900852,401,8,0,4,11:16 PM,7:54,SUB: Marion FOR Stevenson,,,,
0020900852,402,3,12,4,11:16 PM,7:54,Nowitzki Free Throw 2 of 2 (22 PTS),,,78 - 82,4
0020900852,404,2,1,4,11:16 PM,7:35,,,MISS World Peace 25' 3PT Jump Shot,,
0020900852,405,4,0,4,11:16 PM,7:34,,,Gasol REBOUND (Off:2 Def:3),,
0020900852,406,5,1,4,11:16 PM,7:32,Haywood STEAL (1 STL),,Gasol Bad Pass Turnover (P1.T16),,
0020900852,407,2,1,4,11:17 PM,7:23,MISS Kidd 25' 3PT Jump Shot,,,,
0020900852,408,4,0,4,11:17 PM,7:22,,,World Peace REBOUND (Off:1 Def:3),,
0020900852,409,1,1,4,11:17 PM,7:05,,,Gasol 15' Jump Shot (11 PTS),80 - 82,2
0020900852,410,1,86,4,11:17 PM,6:40,Nowitzki 13' Turnaround Fadeaway (24 PTS),,,80 - 84,4
0020900852,411,6,1,4,11:18 PM,6:27,Kidd P.FOUL (P3.T3),,,,
0020900852,412,6,2,4,11:18 PM,6:16,Nowitzki S.FOUL (P2.T4),,,,
0020900852,413,3,11,4,11:18 PM,6:16,,,Odom Free Throw 1 of 2 (14 PTS),81 - 84,3
0020900852,415,3,12,4,11:19 PM,6:16,,,Odom Free Throw 2 of 2 (15 PTS),82 - 84,2
0020900852,417,2,1,4,11:19 PM,6:02,MISS Nowitzki 15' Jump Shot,,,,
0020900852,418,4,0,4,11:19 PM,6:01,Haywood REBOUND (Off:3 Def:5),,,,
0020900852,419,1,47,4,11:19 PM,5:52,Nowitzki 13' Turnaround Jump Shot (26 PTS) (Kidd 11 AST),,,82 - 86,4
0020900852,420,6,2,4,11:19 PM,5:52,,,Bryant S.FOUL (P3.PN),,
0020900852,421,9,1,4,11:19 PM,5:52,MAVERICKS Timeout: Regular (Full 4 Short 1),,,,
0020900852,425,3,10,4,11:22 PM,5:52,Nowitzki Free Throw 1 of 1 (27 PTS),,,82 - 87,5
0020900852,427,6,1,4,11:24 PM,5:38,Haywood P.FOUL (P2.PN),,,,
0020900852,428,3,11,4,11:24 PM,5:38,,,Fisher Free Throw 1 of 2 (11 PTS),83 - 87,4
0020900852,430,3,12,4,11:24 PM,5:38,,,Fisher Free Throw 2 of 2 (12 PTS),84 - 87,3
0020900852,432,1,1,4,11:24 PM,5:21,Terry 25' 3PT Jump Shot (24 PTS),,,84 - 90,6
0020900852,433,2,1,4,11:25 PM,5:00,,,MISS Fisher 25' 3PT Jump Shot,,
0020900852,434,4,0,4,11:25 PM,4:59,,,Odom REBOUND (Off:1 Def:6),,
0020900852,435,1,47,4,11:25 PM,4:52,,,Bryant 8' Turnaround Jump Shot (16 PTS) (Odom 5 AST),86 - 90,4
0020900852,436,2,1,4,11:25 PM,4:33,MISS Nowitzki 20' Jump Shot,,,,
0020900852,437,4,0,4,11:25 PM,4:32,,,Bryant REBOUND (Off:0 Def:3),,
0020900852,438,2,1,4,11:26 PM,4:16,,,MISS Gasol 12' Jump Shot,,
0020900852,439,4,0,4,11:26 PM,4:15,Kidd REBOUND (Off:2 Def:3),,,,
0020900852,440,2,1,4,11:26 PM,4:03,MISS Nowitzki 15' Jump Shot,,,,
0020900852,441,4,0,4,11:26 PM,4:02,,,Gasol REBOUND (Off:2 Def:4),,
0020900852,442,2,1,4,11:26 PM,3:37,,,MISS Bryant 26' 3PT Jump Shot,,
0020900852,443,4,0,4,11:26 PM,3:37,Kidd REBOUND (Off:2 Def:4),,,,
0020900852,444,1,1,4,11:27 PM,3:18,Nowitzki 17' Jump Shot (29 PTS),,,86 - 92,6
0020900852,445,2,1,4,11:27 PM,2:51,,,MISS Bryant 13' Jump Shot,,
0020900852,446,4,0,4,11:27 PM,2:50,Kidd REBOUND (Off:2 Def:5),,,,
0020900852,447,2,1,4,11:28 PM,2:39,MISS Terry 24' 3PT Jump Shot,,,,
0020900852,448,4,0,4,11:28 PM,2:39,Haywood REBOUND (Off:4 Def:5),,,,
0020900852,449,6,2,4,11:28 PM,2:39,,,Fisher S.FOUL (P3.PN),,
0020900852,450,9,1,4,11:28 PM,2:39,,,Lakers Timeout: Regular (Reg.4 Short 1),,
0020900852,453,8,0,4,11:31 PM,2:39,,,SUB: Bynum FOR Gasol,,
0020900852,454,3,11,4,11:31 PM,2:39,Haywood Free Throw 1 of 2 (11 PTS),,,86 - 93,7
0020900852,456,3,12,4,11:31 PM,2:39,MISS Haywood Free Throw 2 of 2,,,,
0020900852,458,4,0,4,11:31 PM,2:38,,,Bynum REBOUND (Off:2 Def:9),,
0020900852,459,5,2,4,11:31 PM,2:24,Nowitzki STEAL (1 STL),,Bynum Lost Ball Turnover (P5.T17),,
0020900852,460,1,42,4,11:31 PM,2:20,Terry  Driving Layup (26 PTS) (Kidd 12 AST),,,86 - 95,9
0020900852,461,2,1,4,11:32 PM,2:01,,,MISS Fisher 27' 3PT Jump Shot,,
0020900852,462,4,0,4,11:32 PM,2:00,,,Bryant REBOUND (Off:1 Def:3),,
0020900852,463,1,42,4,11:32 PM,1:56,,,Odom  Driving Layup (17 PTS),88 - 95,7
0020900852,464,6,2,4,11:32 PM,1:56,Haywood S.FOUL (P3.PN),,,,
0020900852,466,8,0,4,11:32 PM,1:56,,,SUB: Gasol FOR Bynum,,
0020900852,467,3,10,4,11:32 PM,1:56,,,Odom Free Throw 1 of 1 (18 PTS),89 - 95,6
0020900852,469,1,1,4,11:33 PM,1:41,Terry 20' Jump Shot (28 PTS) (Kidd 13 AST),,,89 - 97,8
0020900852,470,1,1,4,11:33 PM,1:32,,,Odom  3PT Jump Shot (21 PTS) (Bryant 2 AST),92 - 97,5
0020900852,471,6,4,4,11:34 PM,1:13,Terry OFF.Foul (P2),,,,
0020900852,472,5,5,4,11:34 PM,1:13,Terry Foul Turnover (P4.T17),,,,
0020900852,473,1,42,4,11:34 PM,0:57,,,Bryant  Driving Layup (18 PTS),94 - 97,3
0020900852,474,9,1,4,11:34 PM,0:57,MAVERICKS Timeout: Regular (Full 5 Short 1),,,,
0020900852,478,2,66,4,11:37 PM,0:34,MISS Marion 4' Jump Bank Shot,,,,
0020900852,479,4,0,4,11:37 PM,0:30,,,Bryant REBOUND (Off:1 Def:4),,
0020900852,480,2,1,4,11:37 PM,0:25,,,MISS Bryant 25' 3PT Jump Shot,,
0020900852,481,4,0,4,11:37 PM,0:23,MAVERICKS Rebound,,,,
0020900852,482,18,0,4,11:37 PM,0:23,,,,94 - 97,3
0020900852,484,6,1,4,11:38 PM,0:15,,,Gasol P.FOUL (P3.PN),,
0020900852,485,3,11,4,11:38 PM,0:15,Terry Free Throw 1 of 2 (29 PTS),,,94 - 98,4
0020900852,487,3,12,4,11:39 PM,0:15,Terry Free Throw 2 of 2 (30 PTS),,,94 - 99,5
0020900852,489,9,2,4,11:39 PM,0:15,,,Lakers Timeout: Short (Reg.4 Short 2),,
0020900852,492,6,2,4,11:40 PM,0:09,Marion S.FOUL (P3.PN),,,,
0020900852,493,3,11,4,11:41 PM,0:09,,,Bryant Free Throw 1 of 2 (19 PTS),95 - 99,4
0020900852,496,8,0,4,11:41 PM,0:09,,,SUB: Brown FOR World Peace,,
0020900852,497,3,12,4,11:41 PM,0:09,,,Bryant Free Throw 2 of 2 (20 PTS),96 - 99,3
0020900852,499,6,1,4,11:42 PM,0:01,,,Bryant P.FOUL (P4.PN),,
0020900852,500,3,11,4,11:42 PM,0:01,Nowitzki Free Throw 1 of 2 (30 PTS),,,96 - 100,4
0020900852,502,3,12,4,11:42 PM,0:01,Nowitzki Free Throw 2 of 2 (31 PTS),,,96 - 101,5
0020900852,504,2,46,4,11:43 PM,0:00,,,MISS Fisher 39' 3PT Running Jump Shot,,
0020900852,505,4,0,4,11:43 PM,0:00,,,Lakers Rebound,,
0020900852,506,13,0,4,11:43 PM,0:00,,,,96 - 101,5
