eventorder,eventnum,eventmsgtype,eventmsgactiontype,period,pctimestring,time.elapsed,is.end.of.possession,possession.end,possession.id,homedescription,visitordescription,score,scoremargin,player.1.id,neutraldescription,is.made.shot,is.missed.shot,is.free.throw,is.rebound,is.turnover,is.foul,is.violation,is.substitution,is.timeout,is.jump.ball,is.ejection,is.start.of.period,is.end.of.period,is.miss,is.shooting.foul,is.away.from.play.foul,is.inbound.foul,is.loose.ball.foul,is.team.rebound,is.defensive.rebound,is.missed.free.throw,is.1.of.1,is.2.of.2,is.3.of.3,is.technical,is.last.multi.free.throw,is.last.free.throw,is.last.free.throw.made,is.and.1,is.make.and.not.and.1,is.three,is.team.turnover
1,2,12,0,1,12:00:00,0,"",,1,"","",,,0,"","","","","","","","","","","","",TRUE,"","","","","","","","","","","","","","","","","","","",""
2,4,10,0,1,12:00:00,0,"",,1,Jump Ball Zeller vs. Jokic: Tip to Barton,"",,,203469,"","","","","","","","","","",TRUE,"","","","","","","","","","","","","","","","","","","","","",""
3,7,2,79,1,11:42:00,18,"",,1,"",MISS Murray 25' 3PT Pullup Jump Shot,,,1627750,"","",TRUE,"","","","","","","","","","","",TRUE,"","","","","","","","","","","","","","","","",TRUE,""
4,8,4,0,1,11:40:00,20,TRUE,missed.shot,1,Washington REBOUND (Off:0 Def:1),"",,,1629023,"","","","",TRUE,"","","","","","","","","","","","","","","",TRUE,"","","","","","","","","","","",""
5,9,2,5,1,11:26:00,34,"",,2,MISS Bridges 4' Layup,"",,,1628970,"","",TRUE,"","","","","","","","","","","",TRUE,"","","","","","","","","","","","","","","","","",""
6,10,4,0,1,11:24:00,36,TRUE,missed.shot,2,"",Jokic REBOUND (Off:0 Def:1),,,203999,"","","","",TRUE,"","","","","","","","","","","","","","","",TRUE,"","","","","","","","","","","",""
7,11,5,1,1,11:07:00,53,TRUE,turnover,3,Zeller STEAL (1 STL),Barton Bad Pass Turnover (P1.T1),,,203115,"","","","","",TRUE,"","","","","","","","","","","","","","","","","","","","","","","","","","",""
8,13,1,1,1,10:55:00,65,TRUE,made.shot,4,Bridges 25' 3PT Jump Shot (3 PTS) (Graham 1 AST),"",0 - 3,3,1628970,"",TRUE,"","","","","","","","","","","","","","","","","","","","","","","","","","","","",TRUE,TRUE,""
9,15,1,1,1,10:30:00,90,TRUE,made.shot,5,"",Barton 26' 3PT Jump Shot (3 PTS) (Jokic 1 AST),3 - 3,TIE,203115,"",TRUE,"","","","","","","","","","","","","","","","","","","","","","","","","","","","",TRUE,TRUE,""
10,17,1,1,1,10:02:00,118,TRUE,made.shot,6,Rozier 26' 3PT Jump Shot (3 PTS),"",3 - 6,3,1626179,"",TRUE,"","","","","","","","","","","","","","","","","","","","","","","","","","","","",TRUE,TRUE,""
11,18,2,5,1,09:45:00,135,"",,7,Bridges BLOCK (1 BLK),MISS Murray 2' Layup,,,1627750,"","",TRUE,"","","","","","","","","","","",TRUE,"","","","","","","","","","","","","","","","","",""
12,20,4,0,1,09:42:00,138,TRUE,missed.shot,7,Bridges REBOUND (Off:0 Def:1),"",,,1628970,"","","","",TRUE,"","","","","","","","","","","","","","","",TRUE,"","","","","","","","","","","",""
13,21,1,6,1,09:38:00,142,TRUE,made.shot,8,Bridges 3' Driving Layup (5 PTS),"",3 - 8,5,1628970,"",TRUE,"","","","","","","","","","","","","","","","","","","","","","","","","","","","",TRUE,"",""
14,22,1,73,1,09:22:00,158,TRUE,made.shot,9,"",Harris 1' Driving Reverse Layup (2 PTS) (Murray 1 AST),5 - 8,3,203914,"",TRUE,"","","","","","","","","","","","","","","","","","","","","","","","","","","","",TRUE,"",""
15,24,1,1,1,09:09:00,171,TRUE,made.shot,10,Washington 26' 3PT Jump Shot (3 PTS) (Graham 2 AST),"",5 - 11,6,1629023,"",TRUE,"","","","","","","","","","","","","","","","","","","","","","","","","","","","",TRUE,TRUE,""
16,26,2,1,1,08:57:00,183,"",,11,"",MISS Jokic 24' 3PT Jump Shot,,,203999,"","",TRUE,"","","","","","","","","","","",TRUE,"","","","","","","","","","","","","","","","",TRUE,""
17,27,4,0,1,08:54:00,186,"",,11,"",Harris REBOUND (Off:1 Def:0),,,203914,"","","","",TRUE,"","","","","","","","","","","","","","","","","","","","","","","","","","","",""
18,28,2,1,1,08:52:00,188,"",,11,"",MISS Barton 26' 3PT Jump Shot,,,203115,"","",TRUE,"","","","","","","","","","","",TRUE,"","","","","","","","","","","","","","","","",TRUE,""
19,29,4,0,1,08:51:00,189,TRUE,missed.shot,11,HORNETS Rebound,"",,,1610612766,"","","","",TRUE,"","","","","","","","","","","","","","",TRUE,TRUE,"","","","","","","","","","","",""
20,31,2,75,1,08:38:00,202,"",,12,MISS Rozier 1' Driving Finger Roll Layup,"",,,1626179,"","",TRUE,"","","","","","","","","","","",TRUE,"","","","","","","","","","","","","","","","","",""
21,32,4,0,1,08:37:00,203,"",,12,HORNETS Rebound,"",,,1610612766,"","","","",TRUE,"","","","","","","","","","","","","","",TRUE,"","","","","","","","","","","","",""
22,34,2,1,1,08:29:00,211,"",,12,MISS Graham 24' 3PT Jump Shot,"",,,1628984,"","",TRUE,"","","","","","","","","","","",TRUE,"","","","","","","","","","","","","","","","",TRUE,""
23,35,4,0,1,08:27:00,213,TRUE,missed.shot,12,"",Harris REBOUND (Off:1 Def:1),,,203914,"","","","",TRUE,"","","","","","","","","","","","","","","",TRUE,"","","","","","","","","","","",""
24,36,2,1,1,08:10:00,230,"",,13,"",MISS Harris 25' 3PT Jump Shot,,,203914,"","",TRUE,"","","","","","","","","","","",TRUE,"","","","","","","","","","","","","","","","",TRUE,""
25,37,4,0,1,08:08:00,232,TRUE,missed.shot,13,Bridges REBOUND (Off:0 Def:2),"",,,1628970,"","","","",TRUE,"","","","","","","","","","","","","","","",TRUE,"","","","","","","","","","","",""
26,38,5,45,1,08:06:00,234,TRUE,turnover,14,Bridges Out of Bounds - Bad Pass Turnover Turnover (P1.T1),"",,,1628970,"","","","","",TRUE,"","","","","","","","","","","","","","","","","","","","","","","","","","",""
27,39,6,2,1,07:45:00,255,"",,15,Washington S.FOUL (P1.T1) (T.Ford),"",,,1629023,"","","","","","",TRUE,"","","","","","","","",TRUE,"","","","","","","","","","","","","","","","",""
28,41,3,11,1,07:45:00,255,"",,15,"",Millsap Free Throw 1 of 2 (1 PTS),6 - 11,5,200794,"","","",TRUE,"","","","","","","","","","","","","","","","","","","","","","","","","","","","",""
29,42,8,0,1,07:45:00,255,"",,15,SUB: McDaniels FOR Bridges,"",,,1628970,"","","","","","","","",TRUE,"","","","","","","","","","","","","","","","","","","","","","","",""
30,44,3,12,1,07:45:00,255,TRUE,last.ft.made,15,"",Millsap Free Throw 2 of 2 (2 PTS),7 - 11,4,200794,"","","",TRUE,"","","","","","","","","","","","","","","","","","","",TRUE,"","",TRUE,TRUE,TRUE,"","","",""
31,45,1,6,1,07:32:00,268,TRUE,made.shot,16,Graham 1' Driving Layup (2 PTS) (Zeller 1 AST),"",7 - 13,6,1628984,"",TRUE,"","","","","","","","","","","","","","","","","","","","","","","","","","","","",TRUE,"",""
32,47,1,101,1,07:12:00,288,TRUE,made.shot,17,"",Barton 8' Driving Floating Jump Shot (5 PTS) (Millsap 1 AST),9 - 13,4,203115,"",TRUE,"","","","","","","","","","","","","","","","","","","","","","","","","","","","",TRUE,"",""
33,49,1,1,1,06:58:00,302,TRUE,made.shot,18,Washington 25' 3PT Jump Shot (6 PTS) (Graham 3 AST),"",9 - 16,7,1629023,"",TRUE,"","","","","","","","","","","","","","","","","","","","","","","","","","","","",TRUE,TRUE,""
34,51,1,98,1,06:38:00,322,TRUE,made.shot,19,"",Millsap  Cutting Layup Shot (4 PTS) (Jokic 2 AST),11 - 16,5,200794,"",TRUE,"","","","","","","","","","","","","","","","","","","","","","","","","","","","",TRUE,"",""
35,53,5,1,1,06:20:00,340,TRUE,turnover,20,Graham Bad Pass Turnover (P1.T2),Jokic STEAL (1 STL),,,1628984,"","","","","",TRUE,"","","","","","","","","","","","","","","","","","","","","","","","","","",""
36,55,1,50,1,06:17:00,343,TRUE,made.shot,21,"",Harris 1' Running Dunk (4 PTS) (Jokic 3 AST),13 - 16,3,203914,"",TRUE,"","","","","","","","","","","","","","","","","","","","","","","","","","","","",TRUE,"",""
37,57,9,1,1,06:16:00,344,"",,22,HORNETS Timeout: Regular (Full 1 Short 0),"",,,1610612766,"","","","","","","","","",TRUE,"","","","","","","","","","","","","","","","","","","","","","",""
38,58,8,0,1,06:16:00,344,"",,22,SUB: Martin FOR Graham,"",,,1628984,"","","","","","","","",TRUE,"","","","","","","","","","","","","","","","","","","","","","","",""
39,61,2,1,1,05:53:00,367,"",,22,MISS Washington 25' 3PT Jump Shot,Jokic BLOCK (1 BLK),,,1629023,"","",TRUE,"","","","","","","","","","","",TRUE,"","","","","","","","","","","","","","","","",TRUE,""
40,63,4,0,1,05:51:00,369,TRUE,missed.shot,22,"",Barton REBOUND (Off:0 Def:1),,,203115,"","","","",TRUE,"","","","","","","","","","","","","","","",TRUE,"","","","","","","","","","","",""
41,76,5,1,1,05:49:00,371,TRUE,turnover,23,Martin STEAL (1 STL),Jokic Bad Pass Turnover (P1.T2),,,203999,"","","","","",TRUE,"","","","","","","","","","","","","","","","","","","","","","","","","","",""
42,66,6,2,1,05:40:00,380,"",,24,"",Millsap S.FOUL (P1.T1) (T.Ford),,,200794,"","","","","","",TRUE,"","","","","","","","",TRUE,"","","","","","","","","","","","","","","","",""
43,68,3,11,1,05:40:00,380,"",,24,Zeller Free Throw 1 of 2 (1 PTS),"",13 - 17,4,203469,"","","",TRUE,"","","","","","","","","","","","","","","","","","","","","","","","","","","","",""
44,69,3,12,1,05:40:00,380,TRUE,last.ft.made,24,Zeller Free Throw 2 of 2 (2 PTS),"",13 - 18,5,203469,"","","",TRUE,"","","","","","","","","","","","","","","","","","","",TRUE,"","",TRUE,TRUE,TRUE,"","","",""
45,70,6,1,1,05:23:00,397,"",,25,Zeller P.FOUL (P1.T2) (J.Goble),"",,,203469,"","","","","","",TRUE,"","","","","","","","","","","","","","","","","","","","","","","","","",""
46,72,8,0,1,05:23:00,397,"",,25,SUB: Hernangomez FOR Zeller,"",,,203469,"","","","","","","","",TRUE,"","","","","","","","","","","","","","","","","","","","","","","",""
47,73,8,0,1,05:23:00,397,"",,25,"",SUB: Morris FOR Murray,,,1627750,"","","","","","","","",TRUE,"","","","","","","","","","","","","","","","","","","","","","","",""
48,78,2,1,1,05:10:00,410,"",,25,"",MISS Harris 25' 3PT Jump Shot,,,203914,"","",TRUE,"","","","","","","","","","","",TRUE,"","","","","","","","","","","","","","","","",TRUE,""
49,79,4,0,1,05:07:00,413,TRUE,missed.shot,25,Martin REBOUND (Off:0 Def:1),"",,,1628998,"","","","",TRUE,"","","","","","","","","","","","","","","",TRUE,"","","","","","","","","","","",""
50,80,1,58,1,04:50:00,430,TRUE,made.shot,26,Washington 5' Turnaround Hook Shot (8 PTS),"",13 - 20,7,1629023,"",TRUE,"","","","","","","","","","","","","","","","","","","","","","","","","","","","",TRUE,"",""
51,81,2,5,1,04:39:00,441,"",,27,"",MISS Millsap  Layup,,,200794,"","",TRUE,"","","","","","","","","","","",TRUE,"","","","","","","","","","","","","","","","","",""
52,82,4,0,1,04:38:00,442,"",,27,"",Millsap REBOUND (Off:1 Def:0),,,200794,"","","","",TRUE,"","","","","","","","","","","","","","","","","","","","","","","","","","","",""
53,126,2,97,1,04:38:00,442,"",,27,"",MISS Millsap 3' Tip Layup Shot,,,200794,"","",TRUE,"","","","","","","","","","","",TRUE,"","","","","","","","","","","","","","","","","",""
54,127,4,0,1,04:37:00,443,"",,27,"",Millsap REBOUND (Off:2 Def:0),,,200794,"","","","",TRUE,"","","","","","","","","","","","","","","","","","","","","","","","","","","",""
55,83,1,1,1,04:24:00,456,TRUE,made.shot,27,"",Millsap 25' 3PT Jump Shot (7 PTS) (Barton 1 AST),16 - 20,4,200794,"",TRUE,"","","","","","","","","","","","","","","","","","","","","","","","","","","","",TRUE,TRUE,""
56,85,2,1,1,04:12:00,468,"",,28,MISS Washington 27' 3PT Jump Shot,"",,,1629023,"","",TRUE,"","","","","","","","","","","",TRUE,"","","","","","","","","","","","","","","","",TRUE,""
57,86,4,0,1,04:09:00,471,TRUE,missed.shot,28,"",Morris REBOUND (Off:0 Def:1),,,1628420,"","","","",TRUE,"","","","","","","","","","","","","","","",TRUE,"","","","","","","","","","","",""
58,87,1,44,1,04:06:00,474,TRUE,made.shot,29,"",Millsap 1' Reverse Layup (9 PTS) (Morris 1 AST),18 - 20,2,200794,"",TRUE,"","","","","","","","","","","","","","","","","","","","","","","","","","","","",TRUE,"",""
59,89,2,5,1,03:55:00,485,"",,30,MISS Washington 1' Layup,"",,,1629023,"","",TRUE,"","","","","","","","","","","",TRUE,"","","","","","","","","","","","","","","","","",""
60,90,4,0,1,03:54:00,486,"",,30,McDaniels REBOUND (Off:1 Def:0),"",,,1629667,"","","","",TRUE,"","","","","","","","","","","","","","","","","","","","","","","","","","","",""
61,92,8,0,1,03:51:00,489,"",,30,SUB: Bridges FOR Washington,"",,,1629023,"","","","","","","","",TRUE,"","","","","","","","","","","","","","","","","","","","","","","",""
62,93,8,0,1,03:51:00,489,"",,30,"",SUB: Grant FOR Millsap,,,200794,"","","","","","","","",TRUE,"","","","","","","","","","","","","","","","","","","","","","","",""
63,94,8,0,1,03:51:00,489,"",,30,"",SUB: Craig FOR Barton,,,203115,"","","","","","","","",TRUE,"","","","","","","","","","","","","","","","","","","","","","","",""
64,98,1,80,1,03:43:00,497,TRUE,made.shot,30,Rozier 27' 3PT Step Back Jump Shot (6 PTS),"",18 - 23,5,1626179,"",TRUE,"","","","","","","","","","","","","","","","","","","","","","","","","","","","",TRUE,TRUE,""
65,99,2,6,1,03:19:00,521,"",,31,"",MISS Grant 3' Driving Layup,,,203924,"","",TRUE,"","","","","","","","","","","",TRUE,"","","","","","","","","","","","","","","","","",""
66,100,4,0,1,03:17:00,523,TRUE,missed.shot,31,Hernangomez REBOUND (Off:0 Def:1),"",,,1626195,"","","","",TRUE,"","","","","","","","","","","","","","","",TRUE,"","","","","","","","","","","",""
67,101,5,2,1,03:15:00,525,TRUE,turnover,32,Rozier Lost Ball Turnover (P1.T3),Harris STEAL (1 STL),,,1626179,"","","","","",TRUE,"","","","","","","","","","","","","","","","","","","","","","","","","","",""
68,103,1,6,1,03:11:00,529,TRUE,made.shot,33,"",Harris 1' Driving Layup (6 PTS),20 - 23,3,203914,"",TRUE,"","","","","","","","","","","","","","","","","","","","","","","","","","","","",TRUE,"",""
69,105,1,6,1,02:56:00,544,TRUE,made.shot,34,McDaniels 1' Driving Layup (2 PTS) (Martin 1 AST),"",20 - 25,5,1629667,"",TRUE,"","","","","","","","","","","","","","","","","","","","","","","","","","","","",TRUE,"",""
70,107,6,1,1,02:45:00,555,"",,35,Rozier P.FOUL (P1.T3) (C.Washington),"",,,1626179,"","","","","","",TRUE,"","","","","","","","","","","","","","","","","","","","","","","","","",""
71,109,9,1,1,02:45:00,555,"",,35,"",Nuggets Timeout: Regular (Reg.1 Short 0),,,1610612743,"","","","","","","","","",TRUE,"","","","","","","","","","","","","","","","","","","","","","",""
72,110,8,0,1,02:45:00,555,"",,35,SUB: Graham FOR Rozier,"",,,1626179,"","","","","","","","",TRUE,"","","","","","","","","","","","","","","","","","","","","","","",""
73,111,8,0,1,02:45:00,555,"",,35,"",SUB: Murray FOR Harris,,,203914,"","","","","","","","",TRUE,"","","","","","","","","","","","","","","","","","","","","","","",""
74,112,8,0,1,02:45:00,555,"",,35,"",SUB: Plumlee FOR Jokic,,,203999,"","","","","","","","",TRUE,"","","","","","","","","","","","","","","","","","","","","","","",""
75,116,1,79,1,02:41:00,559,TRUE,made.shot,35,"",Morris 16' Pullup Jump Shot (2 PTS) (Murray 2 AST),22 - 25,3,1628420,"",TRUE,"","","","","","","","","","","","","","","","","","","","","","","","","","","","",TRUE,"",""
76,118,1,5,1,02:23:00,577,TRUE,made.shot,36,Hernangomez 1' Layup (2 PTS) (Martin 2 AST),"",22 - 27,5,1626195,"",TRUE,"","","","","","","","","","","","","","","","","","","","","","","","","","","","",TRUE,"",""
77,120,1,98,1,02:11:00,589,TRUE,made.shot,37,"",Craig 1' Cutting Layup Shot (2 PTS) (Plumlee 1 AST),24 - 27,3,1628470,"",TRUE,"","","","","","","","","","","","","","","","","","","","","","","","","","","","",TRUE,"",""
78,122,1,5,1,01:53:00,607,TRUE,made.shot,38,Hernangomez 1' Layup (4 PTS) (Martin 3 AST),"",24 - 29,5,1626195,"",TRUE,"","","","","","","","","","","","","","","","","","","","","","","","","","","","",TRUE,"",""
79,124,1,79,1,01:33:00,627,TRUE,made.shot,39,"",Murray 15' Pullup Jump Shot (2 PTS) (Craig 1 AST),26 - 29,3,1627750,"",TRUE,"","","","","","","","","","","","","","","","","","","","","","","","","","","","",TRUE,"",""
80,128,1,57,1,01:18:00,642,TRUE,made.shot,40,McDaniels 4' Driving Hook Shot (4 PTS) (Bridges 1 AST),"",26 - 31,5,1629667,"",TRUE,"","","","","","","","","","","","","","","","","","","","","","","","","","","","",TRUE,"",""
81,130,6,1,1,00:58:00,662,"",,41,McDaniels P.FOUL (P1.T4) (T.Ford),"",,,1629667,"","","","","","",TRUE,"","","","","","","","","","","","","","","","","","","","","","","","","",""
82,132,8,0,1,00:58:00,662,"",,41,SUB: Martin FOR McDaniels,"",,,1629667,"","","","","","","","",TRUE,"","","","","","","","","","","","","","","","","","","","","","","",""
83,134,1,80,1,00:46:00,674,TRUE,made.shot,41,"",Murray 26' 3PT Step Back Jump Shot (5 PTS) (Grant 1 AST),29 - 31,2,1627750,"",TRUE,"","","","","","","","","","","","","","","","","","","","","","","","","","","","",TRUE,TRUE,""
84,137,6,2,1,00:27:00,693,"",,42,"",Grant S.FOUL (P1.T2) (C.Washington),,,203924,"","","","","","",TRUE,"","","","","","","","",TRUE,"","","","","","","","","","","","","","","","",""
85,139,3,11,1,00:27:00,693,"",,42,MISS Bridges Free Throw 1 of 2,"",,,1628970,"","","",TRUE,"","","","","","","","","","",TRUE,"","","","","","",TRUE,"","","","","","","","","","",""
86,140,4,1,1,00:27:00,693,"",,42,HORNETS Rebound,"",,,1610612766,"","","","",TRUE,"","","","","","","","","","","","","","",TRUE,"","","","","","","","","","","","",""
87,141,3,12,1,00:27:00,693,TRUE,last.ft.made,42,Bridges Free Throw 2 of 2 (6 PTS),"",29 - 32,3,1628970,"","","",TRUE,"","","","","","","","","","","","","","","","","","","",TRUE,"","",TRUE,TRUE,TRUE,"","","",""
88,142,1,6,1,00:03:00,717,TRUE,made.shot,43,"",Morris 2' Driving Layup (4 PTS),31 - 32,1,1628420,"",TRUE,"","","","","","","","","","","","","","","","","","","","","","","","","","","","",TRUE,"",""
89,143,1,101,1,00:00:00,720,TRUE,made.shot,44,Graham 16' Driving Floating Jump Shot (4 PTS),"",31 - 34,3,1628984,"",TRUE,"","","","","","","","","","","","","","","","","","","","","","","","","","","","",TRUE,"",""
90,144,13,0,1,00:00:00,720,TRUE,end.of.period,45,"","",31 - 34,3,0,"","","","","","","","","","","","","",TRUE,"","","","","","","","","","","","","","","","","","",""
91,145,18,0,1,00:00:00,720,"",,46,"","",31 - 34,3,143,"","","","","","","","","","","","","","","","","","","","","","","","","","","","","","","","",""
92,147,12,0,2,12:00:00,720,"",,46,"","",31 - 34,3,0,"","","","","","","","","","","","",TRUE,"","","","","","","","","","","","","","","","","","","",""
93,148,6,1,2,11:49:00,731,"",,46,"",Plumlee P.FOUL (P1.T1) (T.Ford),,,203486,"","","","","","",TRUE,"","","","","","","","","","","","","","","","","","","","","","","","","",""
94,150,6,4,2,11:42:00,738,"",,46,Bridges OFF.Foul (P1) (J.Goble),"",,,1628970,"","","","","","",TRUE,"","","","","","","","","","","","","","","","","","","","","","","","","",""
95,152,5,37,2,11:42:00,738,TRUE,turnover,46,Bridges Offensive Foul Turnover (P2.T4),"",,,1628970,"","","","","",TRUE,"","","","","","","","","","","","","","","","","","","","","","","","","","",""
96,153,2,1,2,11:24:00,756,"",,47,"",MISS Craig 26' 3PT Jump Shot,,,1628470,"","",TRUE,"","","","","","","","","","","",TRUE,"","","","","","","","","","","","","","","","",TRUE,""
97,154,4,0,2,11:20:00,760,"",,47,"",Murray REBOUND (Off:1 Def:0),,,1627750,"","","","",TRUE,"","","","","","","","","","","","","","","","","","","","","","","","","","","",""
98,155,2,1,2,11:14:00,766,"",,47,"",MISS Murray 24' 3PT Jump Shot,,,1627750,"","",TRUE,"","","","","","","","","","","",TRUE,"","","","","","","","","","","","","","","","",TRUE,""
99,156,4,0,2,11:11:00,769,TRUE,missed.shot,47,Hernangomez REBOUND (Off:0 Def:2),"",,,1626195,"","","","",TRUE,"","","","","","","","","","","","","","","",TRUE,"","","","","","","","","","","",""
100,157,2,6,2,11:02:00,778,"",,48,MISS Graham 2' Driving Layup,"",,,1628984,"","",TRUE,"","","","","","","","","","","",TRUE,"","","","","","","","","","","","","","","","","",""
101,158,4,0,2,11:01:00,779,TRUE,missed.shot,48,"",Grant REBOUND (Off:0 Def:1),,,203924,"","","","",TRUE,"","","","","","","","","","","","","","","",TRUE,"","","","","","","","","","","",""
102,159,1,5,2,10:55:00,785,TRUE,made.shot,49,"",Craig 2' Layup (4 PTS),33 - 34,1,1628470,"",TRUE,"","","","","","","","","","","","","","","","","","","","","","","","","","","","",TRUE,"",""
103,160,2,1,2,10:43:00,797,"",,50,MISS Martin 20' Jump Shot,"",,,1628997,"","",TRUE,"","","","","","","","","","","",TRUE,"","","","","","","","","","","","","","","","","",""
104,161,4,0,2,10:41:00,799,"",,50,Martin REBOUND (Off:1 Def:1),"",,,1628998,"","","","",TRUE,"","","","","","","","","","","","","","","","","","","","","","","","","","","",""
105,162,6,2,2,10:41:00,799,"",,50,"",Plumlee S.FOUL (P2.T2) (J.Goble),,,203486,"","","","","","",TRUE,"","","","","","","","",TRUE,"","","","","","","","","","","","","","","","",""
106,164,3,11,2,10:41:00,799,"",,50,MISS Martin Free Throw 1 of 2,"",,,1628997,"","","",TRUE,"","","","","","","","","","",TRUE,"","","","","","",TRUE,"","","","","","","","","","",""
107,165,4,1,2,10:41:00,799,"",,50,HORNETS Rebound,"",,,1610612766,"","","","",TRUE,"","","","","","","","","","","","","","",TRUE,"","","","","","","","","","","","",""
108,166,3,12,2,10:41:00,799,TRUE,last.ft.made,50,Martin Free Throw 2 of 2 (1 PTS),"",33 - 35,2,1628997,"","","",TRUE,"","","","","","","","","","","","","","","","","","","",TRUE,"","",TRUE,TRUE,TRUE,"","","",""
109,167,2,6,2,10:28:00,812,"",,51,"",MISS Grant 2' Driving Layup,,,203924,"","",TRUE,"","","","","","","","","","","",TRUE,"","","","","","","","","","","","","","","","","",""
110,168,4,0,2,10:28:00,812,"",,51,"",Nuggets Rebound,,,1610612743,"","","","",TRUE,"","","","","","","","","","","","","","",TRUE,"","","","","","","","","","","","",""
111,170,1,98,2,10:23:00,817,TRUE,made.shot,51,"",Plumlee 2' Cutting Layup Shot (2 PTS) (Murray 3 AST),35 - 35,TIE,203486,"",TRUE,"","","","","","","","","","","","","","","","","","","","","","","","","","","","",TRUE,"",""
112,172,1,78,2,09:57:00,843,TRUE,made.shot,52,Hernangomez 2' Floating Jump Shot (6 PTS),"",35 - 37,2,1626195,"",TRUE,"","","","","","","","","","","","","","","","","","","","","","","","","","","","",TRUE,"",""
113,173,2,1,2,09:34:00,866,"",,53,"",MISS Murray 20' Jump Shot,,,1627750,"","",TRUE,"","","","","","","","","","","",TRUE,"","","","","","","","","","","","","","","","","",""
114,174,4,0,2,09:31:00,869,"",,53,"",Craig REBOUND (Off:1 Def:0),,,1628470,"","","","",TRUE,"","","","","","","","","","","","","","","","","","","","","","","","","","","",""
115,175,1,72,2,09:29:00,871,TRUE,made.shot,53,"",Craig 1' Putback Layup (6 PTS),37 - 37,TIE,1628470,"",TRUE,"","","","","","","","","","","","","","","","","","","","","","","","","","","","",TRUE,"",""
116,176,1,1,2,09:24:00,876,TRUE,made.shot,54,Graham 27' 3PT Jump Shot (7 PTS),"",37 - 40,3,1628984,"",TRUE,"","","","","","","","","","","","","","","","","","","","","","","","","","","","",TRUE,TRUE,""
117,177,5,1,2,09:06:00,894,TRUE,turnover,55,Bridges STEAL (1 STL),Morris Bad Pass Turnover (P1.T3),,,1628420,"","","","","",TRUE,"","","","","","","","","","","","","","","","","","","","","","","","","","",""
118,200,5,1,2,09:04:00,896,TRUE,turnover,56,Bridges Bad Pass Turnover (P3.T5),Grant STEAL (1 STL),,,1628970,"","","","","",TRUE,"","","","","","","","","","","","","","","","","","","","","","","","","","",""
119,202,5,1,2,09:02:00,898,TRUE,turnover,57,Martin STEAL (2 STL),Grant Bad Pass Turnover (P1.T4),,,203924,"","","","","",TRUE,"","","","","","","","","","","","","","","","","","","","","","","","","","",""
120,180,6,2,2,08:51:00,909,"",,58,"",Morris S.FOUL (P1.T3) (C.Washington),,,1628420,"","","","","","",TRUE,"","","","","","","","",TRUE,"","","","","","","","","","","","","","","","",""
121,182,3,11,2,08:51:00,909,"",,58,Graham Free Throw 1 of 2 (8 PTS),"",37 - 41,4,1628984,"","","",TRUE,"","","","","","","","","","","","","","","","","","","","","","","","","","","","",""
122,183,8,0,2,08:51:00,909,"",,58,SUB: Washington FOR Bridges,"",,,1628970,"","","","","","","","",TRUE,"","","","","","","","","","","","","","","","","","","","","","","",""
123,184,8,0,2,08:51:00,909,"",,58,SUB: Zeller FOR Hernangomez,"",,,1626195,"","","","","","","","",TRUE,"","","","","","","","","","","","","","","","","","","","","","","",""
124,185,8,0,2,08:51:00,909,"",,58,SUB: McDaniels FOR Martin,"",,,1628998,"","","","","","","","",TRUE,"","","","","","","","","","","","","","","","","","","","","","","",""
125,186,8,0,2,08:51:00,909,"",,58,"",SUB: Barton FOR Murray,,,1627750,"","","","","","","","",TRUE,"","","","","","","","","","","","","","","","","","","","","","","",""
126,191,3,12,2,08:51:00,909,TRUE,last.ft.made,58,Graham Free Throw 2 of 2 (9 PTS),"",37 - 42,5,1628984,"","","",TRUE,"","","","","","","","","","","","","","","","","","","",TRUE,"","",TRUE,TRUE,TRUE,"","","",""
127,192,2,1,2,08:34:00,926,"",,59,"",MISS Barton  3PT Jump Shot,,,203115,"","",TRUE,"","","","","","","","","","","",TRUE,"","","","","","","","","","","","","","","","",TRUE,""
128,193,4,0,2,08:32:00,928,TRUE,missed.shot,59,Zeller REBOUND (Off:0 Def:1),"",,,203469,"","","","",TRUE,"","","","","","","","","","","","","","","",TRUE,"","","","","","","","","","","",""
129,194,2,1,2,08:18:00,942,"",,60,MISS Washington 25' 3PT Jump Shot,"",,,1629023,"","",TRUE,"","","","","","","","","","","",TRUE,"","","","","","","","","","","","","","","","",TRUE,""
130,195,4,0,2,08:15:00,945,TRUE,missed.shot,60,"",Nuggets Rebound,,,1610612743,"","","","",TRUE,"","","","","","","","","","","","","","",TRUE,TRUE,"","","","","","","","","","","",""
131,198,8,0,2,08:15:00,945,"",,61,SUB: Rozier FOR Graham,"",,,1628984,"","","","","","","","",TRUE,"","","","","","","","","","","","","","","","","","","","","","","",""
132,204,1,1,2,07:55:00,965,TRUE,made.shot,61,"",Morris 25' 3PT Jump Shot (7 PTS) (Plumlee 2 AST),40 - 42,2,1628420,"",TRUE,"","","","","","","","","","","","","","","","","","","","","","","","","","","","",TRUE,TRUE,""
133,206,6,4,2,07:31:00,989,"",,62,Washington OFF.Foul (P2) (T.Ford),"",,,1629023,"","","","","","",TRUE,"","","","","","","","","","","","","","","","","","","","","","","","","",""
134,208,5,37,2,07:31:00,989,TRUE,turnover,62,Washington Offensive Foul Turnover (P1.T6),"",,,1629023,"","","","","",TRUE,"","","","","","","","","","","","","","","","","","","","","","","","","","",""
135,209,8,0,2,07:31:00,989,"",,63,"",SUB: Jokic FOR Craig,,,1628470,"","","","","","","","",TRUE,"","","","","","","","","","","","","","","","","","","","","","","",""
136,210,8,0,2,07:31:00,989,"",,63,"",SUB: Harris FOR Plumlee,,,203486,"","","","","","","","",TRUE,"","","","","","","","","","","","","","","","","","","","","","","",""
137,213,2,1,2,07:08:00,1012,"",,63,"",MISS Jokic 13' Jump Shot,,,203999,"","",TRUE,"","","","","","","","","","","",TRUE,"","","","","","","","","","","","","","","","","",""
138,214,4,0,2,07:04:00,1016,"",,63,"",Jokic REBOUND (Off:1 Def:1),,,203999,"","","","",TRUE,"","","","","","","","","","","","","","","","","","","","","","","","","","","",""
139,215,1,6,2,06:58:00,1022,"",,63,"",Grant 2' Driving Layup (2 PTS) (Morris 2 AST),42 - 42,TIE,203924,"",TRUE,"","","","","","","","","","","","","","","","","","","","","","","","","","","",TRUE,"","",""
140,217,6,2,2,06:58:00,1022,"",,63,McDaniels S.FOUL (P2.T1) (C.Washington),"",,,1629667,"","","","","","",TRUE,"","","","","","","","",TRUE,"","","","","","","","","","","","","","","","",""
141,219,9,1,2,06:58:00,1022,"",,63,HORNETS Timeout: Regular (Full 2 Short 0),"",,,1610612766,"","","","","","","","","",TRUE,"","","","","","","","","","","","","","","","","","","","","","",""
142,220,8,0,2,06:58:00,1022,"",,63,SUB: Martin FOR Martin,"",,,1628997,"","","","","","","","",TRUE,"","","","","","","","","","","","","","","","","","","","","","","",""
143,222,3,10,2,06:58:00,1022,TRUE,last.ft.made,63,"",Grant Free Throw 1 of 1 (3 PTS),43 - 42,-1,203924,"","","",TRUE,"","","","","","","","","","","","","","","","","","",TRUE,"","","","",TRUE,TRUE,"","","",""
144,223,6,1,2,06:47:00,1033,"",,64,"",Jokic P.FOUL (P1.T4) (C.Washington),,,203999,"","","","","","",TRUE,"","","","","","","","","","","","","","","","","","","","","","","","","",""
145,225,2,57,2,06:35:00,1045,"",,64,MISS Washington 6' Driving Hook Shot,"",,,1629023,"","",TRUE,"","","","","","","","","","","",TRUE,"","","","","","","","","","","","","","","","","",""
146,226,4,0,2,06:32:00,1048,TRUE,missed.shot,64,"",Barton REBOUND (Off:0 Def:2),,,203115,"","","","",TRUE,"","","","","","","","","","","","","","","",TRUE,"","","","","","","","","","","",""
147,227,1,41,2,06:29:00,1051,TRUE,made.shot,65,"",Morris 1' Running Layup (9 PTS),45 - 42,-3,1628420,"",TRUE,"","","","","","","","","","","","","","","","","","","","","","","","","","","","",TRUE,"",""
148,230,2,79,2,06:18:00,1062,"",,66,MISS Rozier 13' Pullup Jump Shot,"",,,1626179,"","",TRUE,"","","","","","","","","","","",TRUE,"","","","","","","","","","","","","","","","","",""
149,231,4,0,2,06:15:00,1065,TRUE,missed.shot,66,"",Jokic REBOUND (Off:1 Def:2),,,203999,"","","","",TRUE,"","","","","","","","","","","","","","","",TRUE,"","","","","","","","","","","",""
150,232,1,1,2,06:05:00,1075,TRUE,made.shot,67,"",Grant 20' Jump Shot (5 PTS) (Morris 3 AST),47 - 42,-5,203924,"",TRUE,"","","","","","","","","","","","","","","","","","","","","","","","","","","","",TRUE,"",""
151,234,1,1,2,05:44:00,1096,TRUE,made.shot,68,Washington  3PT Jump Shot (11 PTS),"",47 - 45,-2,1629023,"",TRUE,"","","","","","","","","","","","","","","","","","","","","","","","","","","","",TRUE,TRUE,""
152,235,6,4,2,05:32:00,1108,"",,69,"",Jokic OFF.Foul (P2) (T.Ford),,,203999,"","","","","","",TRUE,"","","","","","","","","","","","","","","","","","","","","","","","","",""
153,237,5,37,2,05:32:00,1108,TRUE,turnover,69,"",Jokic Offensive Foul Turnover (P2.T5),,,203999,"","","","","",TRUE,"","","","","","","","","","","","","","","","","","","","","","","","","","",""
154,238,8,0,2,05:32:00,1108,"",,70,"",SUB: Millsap FOR Grant,,,203924,"","","","","","","","",TRUE,"","","","","","","","","","","","","","","","","","","","","","","",""
155,240,2,1,2,05:13:00,1127,"",,70,MISS Washington 26' 3PT Jump Shot,"",,,1629023,"","",TRUE,"","","","","","","","","","","",TRUE,"","","","","","","","","","","","","","","","",TRUE,""
156,241,4,0,2,05:11:00,1129,TRUE,missed.shot,70,"",Barton REBOUND (Off:0 Def:3),,,203115,"","","","",TRUE,"","","","","","","","","","","","","","","",TRUE,"","","","","","","","","","","",""
157,242,1,6,2,05:04:00,1136,TRUE,made.shot,71,"",Barton  Driving Layup (7 PTS),49 - 45,-4,203115,"",TRUE,"","","","","","","","","","","","","","","","","","","","","","","","","","","","",TRUE,"",""
158,243,2,1,2,04:50:00,1150,"",,72,MISS Zeller 27' 3PT Jump Shot,"",,,203469,"","",TRUE,"","","","","","","","","","","",TRUE,"","","","","","","","","","","","","","","","",TRUE,""
159,244,4,0,2,04:50:00,1150,TRUE,missed.shot,72,"",Nuggets Rebound,,,1610612743,"","","","",TRUE,"","","","","","","","","","","","","","",TRUE,TRUE,"","","","","","","","","","","",""
160,246,8,0,2,04:50:00,1150,"",,73,SUB: Bridges FOR McDaniels,"",,,1629667,"","","","","","","","",TRUE,"","","","","","","","","","","","","","","","","","","","","","","",""
161,247,8,0,2,04:50:00,1150,"",,73,"",SUB: Murray FOR Morris,,,1628420,"","","","","","","","",TRUE,"","","","","","","","","","","","","","","","","","","","","","","",""
162,250,1,44,2,04:33:00,1167,TRUE,made.shot,73,"",Jokic 1' Reverse Layup (2 PTS) (Murray 4 AST),51 - 45,-6,203999,"",TRUE,"","","","","","","","","","","","","","","","","","","","","","","","","","","","",TRUE,"",""
163,252,2,78,2,04:22:00,1178,"",,74,MISS Zeller 4' Floating Jump Shot,"",,,203469,"","",TRUE,"","","","","","","","","","","",TRUE,"","","","","","","","","","","","","","","","","",""
164,253,4,0,2,04:20:00,1180,TRUE,missed.shot,74,"",Jokic REBOUND (Off:1 Def:3),,,203999,"","","","",TRUE,"","","","","","","","","","","","","","","",TRUE,"","","","","","","","","","","",""
165,254,2,41,2,04:19:00,1181,"",,75,"",MISS Harris 3' Running Layup,,,203914,"","",TRUE,"","","","","","","","","","","",TRUE,"","","","","","","","","","","","","","","","","",""
166,255,4,0,2,04:18:00,1182,"",,75,"",Harris REBOUND (Off:2 Def:1),,,203914,"","","","",TRUE,"","","","","","","","","","","","","","","","","","","","","","","","","","","",""
167,256,6,2,2,04:18:00,1182,"",,75,Martin S.FOUL (P1.T2) (C.Washington),"",,,1628998,"","","","","","",TRUE,"","","","","","","","",TRUE,"","","","","","","","","","","","","","","","",""
168,258,3,11,2,04:18:00,1182,"",,75,"",Harris Free Throw 1 of 2 (7 PTS),52 - 45,-7,203914,"","","",TRUE,"","","","","","","","","","","","","","","","","","","","","","","","","","","","",""
169,259,8,0,2,04:18:00,1182,"",,75,SUB: Graham FOR Martin,"",,,1628998,"","","","","","","","",TRUE,"","","","","","","","","","","","","","","","","","","","","","","",""
170,261,3,12,2,04:18:00,1182,"",,75,"",MISS Harris Free Throw 2 of 2,,,203914,"","","",TRUE,"","","","","","","","","","",TRUE,"","","","","","",TRUE,"",TRUE,"","",TRUE,TRUE,"","","","",""
171,262,4,0,2,04:15:00,1185,TRUE,missed.shot,75,Bridges REBOUND (Off:0 Def:3),"",,,1628970,"","","","",TRUE,"","","","","","","","","","","","","","","",TRUE,"","","","","","","","","","","",""
172,263,2,1,2,03:54:00,1206,"",,76,MISS Bridges 24' 3PT Jump Shot,"",,,1628970,"","",TRUE,"","","","","","","","","","","",TRUE,"","","","","","","","","","","","","","","","",TRUE,""
173,264,4,0,2,03:52:00,1208,TRUE,missed.shot,76,"",Barton REBOUND (Off:0 Def:4),,,203115,"","","","",TRUE,"","","","","","","","","","","","","","","",TRUE,"","","","","","","","","","","",""
174,265,2,78,2,03:43:00,1217,"",,77,"",MISS Millsap 13' Floating Jump Shot,,,200794,"","",TRUE,"","","","","","","","","","","",TRUE,"","","","","","","","","","","","","","","","","",""
175,266,4,0,2,03:41:00,1219,TRUE,missed.shot,77,Bridges REBOUND (Off:0 Def:4),"",,,1628970,"","","","",TRUE,"","","","","","","","","","","","","","","",TRUE,"","","","","","","","","","","",""
176,267,1,6,2,03:30:00,1230,TRUE,made.shot,78,Washington 2' Driving Layup (13 PTS) (Zeller 2 AST),"",52 - 47,-5,1629023,"",TRUE,"","","","","","","","","","","","","","","","","","","","","","","","","","","","",TRUE,"",""
177,269,6,2,2,03:17:00,1243,"",,79,Washington S.FOUL (P3.T3) (T.Ford),"",,,1629023,"","","","","","",TRUE,"","","","","","","","",TRUE,"","","","","","","","","","","","","","","","",""
178,271,3,11,2,03:17:00,1243,"",,79,"",Jokic Free Throw 1 of 2 (3 PTS),53 - 47,-6,203999,"","","",TRUE,"","","","","","","","","","","","","","","","","","","","","","","","","","","","",""
179,272,3,12,2,03:17:00,1243,TRUE,last.ft.made,79,"",Jokic Free Throw 2 of 2 (4 PTS),54 - 47,-7,203999,"","","",TRUE,"","","","","","","","","","","","","","","","","","","",TRUE,"","",TRUE,TRUE,TRUE,"","","",""
180,273,2,5,2,02:57:00,1263,"",,80,MISS Bridges 1' Layup,"",,,1628970,"","",TRUE,"","","","","","","","","","","",TRUE,"","","","","","","","","","","","","","","","","",""
181,275,4,0,2,02:53:00,1267,"",,80,Zeller REBOUND (Off:1 Def:1),"",,,203469,"","","","",TRUE,"","","","","","","","","","","","","","","","","","","","","","","","","","","",""
182,276,2,1,2,02:52:00,1268,"",,80,MISS Zeller 26' 3PT Jump Shot,"",,,203469,"","",TRUE,"","","","","","","","","","","",TRUE,"","","","","","","","","","","","","","","","",TRUE,""
183,277,4,0,2,02:52:00,1268,"",,80,HORNETS Rebound,"",,,1610612766,"","","","",TRUE,"","","","","","","","","","","","","","",TRUE,"","","","","","","","","","","","",""
184,278,5,11,2,02:52:00,1268,TRUE,turnover,80,HORNETS Turnover: Shot Clock (T#7),"",,,1610612766,"","","","","",TRUE,"","","","","","","","","","","","","","","","","","","","","","","","","","",TRUE
185,279,9,1,2,02:52:00,1268,"",,81,"",Nuggets Timeout: Regular (Reg.2 Short 0),,,1610612743,"","","","","","","","","",TRUE,"","","","","","","","","","","","","","","","","","","","","","",""
186,280,8,0,2,02:52:00,1268,"",,81,SUB: Hernangomez FOR Washington,"",,,1629023,"","","","","","","","",TRUE,"","","","","","","","","","","","","","","","","","","","","","","",""
187,281,8,0,2,02:52:00,1268,"",,81,SUB: Martin FOR Zeller,"",,,203469,"","","","","","","","",TRUE,"","","","","","","","","","","","","","","","","","","","","","","",""
188,284,1,1,2,02:40:00,1280,TRUE,made.shot,81,"",Jokic 15' Jump Shot (6 PTS) (Harris 1 AST),56 - 47,-9,203999,"",TRUE,"","","","","","","","","","","","","","","","","","","","","","","","","","","","",TRUE,"",""
189,286,2,63,2,02:16:00,1304,"",,82,MISS Rozier 10' Fadeaway Jumper,"",,,1626179,"","",TRUE,"","","","","","","","","","","",TRUE,"","","","","","","","","","","","","","","","","",""
190,287,4,0,2,02:13:00,1307,TRUE,missed.shot,82,"",Jokic REBOUND (Off:1 Def:4),,,203999,"","","","",TRUE,"","","","","","","","","","","","","","","",TRUE,"","","","","","","","","","","",""
191,288,1,75,2,02:08:00,1312,TRUE,made.shot,83,"",Barton 1' Driving Finger Roll Layup (9 PTS) (Jokic 4 AST),58 - 47,-11,203115,"",TRUE,"","","","","","","","","","","","","","","","","","","","","","","","","","","","",TRUE,"",""
192,290,1,44,2,01:44:00,1336,TRUE,made.shot,84,Martin 1' Reverse Layup (2 PTS) (Graham 4 AST),"",58 - 49,-9,1628998,"",TRUE,"","","","","","","","","","","","","","","","","","","","","","","","","","","","",TRUE,"",""
193,292,2,78,2,01:33:00,1347,"",,85,"",MISS Millsap 6' Floating Jump Shot,,,200794,"","",TRUE,"","","","","","","","","","","",TRUE,"","","","","","","","","","","","","","","","","",""
194,293,4,0,2,01:31:00,1349,TRUE,missed.shot,85,Hernangomez REBOUND (Off:0 Def:3),"",,,1626195,"","","","",TRUE,"","","","","","","","","","","","","","","",TRUE,"","","","","","","","","","","",""
195,294,2,1,2,01:26:00,1354,"",,86,MISS Graham 29' 3PT Jump Shot,"",,,1628984,"","",TRUE,"","","","","","","","","","","",TRUE,"","","","","","","","","","","","","","","","",TRUE,""
196,295,4,0,2,01:24:00,1356,"",,86,Hernangomez REBOUND (Off:1 Def:3),"",,,1626195,"","","","",TRUE,"","","","","","","","","","","","","","","","","","","","","","","","","","","",""
197,296,5,1,2,01:12:00,1368,TRUE,turnover,86,Martin Bad Pass Turnover (P1.T8),Harris STEAL (2 STL),,,1628998,"","","","","",TRUE,"","","","","","","","","","","","","","","","","","","","","","","","","","",""
198,298,6,28,2,01:12:00,1368,"",,87,Graham Personal Take Foul (P1.T4) (J.Goble),"",,,1628984,"","","","","","",TRUE,"","","","","","","","","","","","","","","","","","","","","","","","","",""
199,300,8,0,2,01:12:00,1368,"",,87,SUB: Martin FOR Rozier,"",,,1626179,"","","","","","","","",TRUE,"","","","","","","","","","","","","","","","","","","","","","","",""
200,302,2,1,2,00:59:00,1381,"",,87,"",MISS Millsap  3PT Jump Shot,,,200794,"","",TRUE,"","","","","","","","","","","",TRUE,"","","","","","","","","","","","","","","","",TRUE,""
201,303,4,0,2,00:57:00,1383,TRUE,missed.shot,87,HORNETS Rebound,"",,,1610612766,"","","","",TRUE,"","","","","","","","","","","","","","",TRUE,TRUE,"","","","","","","","","","","",""
202,304,6,3,2,00:57:00,1383,"",,88,"",Jokic L.B.FOUL (P3.PN) (C.Washington),,,203999,"","","","","","",TRUE,"","","","","","","","","","","",TRUE,"","","","","","","","","","","","","",""
203,306,9,1,2,00:57:00,1383,"",,88,"",Nuggets Timeout: Regular (Reg.3 Short 0),,,1610612743,"","","","","","","","","",TRUE,"","","","","","","","","","","","","","","","","","","","","","",""
204,307,18,4,2,00:57:00,1383,"",,88,"","",58 - 49,-9,304,"","","","","","","","","","","","","","","","","","","","","","","","","","","","","","","","",""
205,308,8,0,2,00:57:00,1383,"",,88,"",SUB: Plumlee FOR Jokic,,,203999,"","","","","","","","",TRUE,"","","","","","","","","","","","","","","","","","","","","","","",""
206,310,3,11,2,00:57:00,1383,"",,88,Martin Free Throw 1 of 2 (2 PTS),"",58 - 50,-8,1628997,"","","",TRUE,"","","","","","","","","","","","","","","","","","","","","","","","","","","","",""
207,311,3,12,2,00:57:00,1383,TRUE,last.ft.made,88,Martin Free Throw 2 of 2 (3 PTS),"",58 - 51,-7,1628997,"","","",TRUE,"","","","","","","","","","","","","","","","","","","",TRUE,"","",TRUE,TRUE,TRUE,"","","",""
208,312,2,5,2,00:36:00,1404,"",,89,Bridges BLOCK (2 BLK),MISS Plumlee 1' Layup,,,203486,"","",TRUE,"","","","","","","","","","","",TRUE,"","","","","","","","","","","","","","","","","",""
209,314,4,0,2,00:35:00,1405,"",,89,"",Millsap REBOUND (Off:3 Def:0),,,200794,"","","","",TRUE,"","","","","","","","","","","","","","","","","","","","","","","","","","","",""
210,315,1,1,2,00:35:00,1405,TRUE,made.shot,89,"",Millsap 13' Jump Shot (11 PTS),60 - 51,-9,200794,"",TRUE,"","","","","","","","","","","","","","","","","","","","","","","","","","","","",TRUE,"",""
211,316,5,1,2,00:20:00,1420,TRUE,turnover,90,Martin Bad Pass Turnover (P2.T9),Millsap STEAL (1 STL),,,1628998,"","","","","",TRUE,"","","","","","","","","","","","","","","","","","","","","","","","","","",""
212,318,5,45,2,00:18:00,1422,TRUE,turnover,91,"",Millsap Out of Bounds - Bad Pass Turnover Turnover (P1.T6),,,200794,"","","","","",TRUE,"","","","","","","","","","","","","","","","","","","","","","","","","","",""
213,319,8,0,2,00:18:00,1422,"",,92,SUB: Washington FOR Hernangomez,"",,,1626195,"","","","","","","","",TRUE,"","","","","","","","","","","","","","","","","","","","","","","",""
214,320,8,0,2,00:18:00,1422,"",,92,SUB: Rozier FOR Martin,"",,,1628998,"","","","","","","","",TRUE,"","","","","","","","","","","","","","","","","","","","","","","",""
215,321,8,0,2,00:18:00,1422,"",,92,"",SUB: Craig FOR Murray,,,1627750,"","","","","","","","",TRUE,"","","","","","","","","","","","","","","","","","","","","","","",""
216,325,2,1,2,00:02:00,1438,"",,92,MISS Graham 27' 3PT Jump Shot,"",,,1628984,"","",TRUE,"","","","","","","","","","","",TRUE,"","","","","","","","","","","","","","","","",TRUE,""
217,326,4,0,2,00:02:00,1438,TRUE,missed.shot,92,"",Barton REBOUND (Off:0 Def:5),,,203115,"","","","",TRUE,"","","","","","","","","","","","","","","",TRUE,"","","","","","","","","","","",""
218,327,13,0,2,00:00:00,1440,TRUE,end.of.period,93,"","",60 - 51,-9,0,"","","","","","","","","","","","","",TRUE,"","","","","","","","","","","","","","","","","","",""
219,334,12,0,3,12:00:00,1440,"",,94,"","",60 - 51,-9,0,"","","","","","","","","","","","",TRUE,"","","","","","","","","","","","","","","","","","","",""
220,335,1,5,3,11:47:00,1453,TRUE,made.shot,94,Zeller 2' Layup (4 PTS) (Graham 5 AST),"",60 - 53,-7,203469,"",TRUE,"","","","","","","","","","","","","","","","","","","","","","","","","","","","",TRUE,"",""
221,337,2,1,3,11:22:00,1478,"",,95,"",MISS Jokic 12' Jump Shot,,,203999,"","",TRUE,"","","","","","","","","","","",TRUE,"","","","","","","","","","","","","","","","","",""
222,338,4,0,3,11:19:00,1481,TRUE,missed.shot,95,Zeller REBOUND (Off:1 Def:2),"",,,203469,"","","","",TRUE,"","","","","","","","","","","","","","","",TRUE,"","","","","","","","","","","",""
223,339,2,102,3,10:55:00,1505,"",,96,MISS Washington 4' Driving Floating Bank Jump Shot,"",,,1629023,"","",TRUE,"","","","","","","","","","","",TRUE,"","","","","","","","","","","","","","","","","",""
224,340,4,0,3,10:50:00,1510,TRUE,missed.shot,96,"",Murray REBOUND (Off:1 Def:1),,,1627750,"","","","",TRUE,"","","","","","","","","","","","","","","",TRUE,"","","","","","","","","","","",""
225,341,2,101,3,10:29:00,1531,"",,97,"",MISS Murray 9' Driving Floating Jump Shot,,,1627750,"","",TRUE,"","","","","","","","","","","",TRUE,"","","","","","","","","","","","","","","","","",""
226,342,4,0,3,10:27:00,1533,TRUE,missed.shot,97,Graham REBOUND (Off:0 Def:1),"",,,1628984,"","","","",TRUE,"","","","","","","","","","","","","","","",TRUE,"","","","","","","","","","","",""
227,343,1,1,3,10:21:00,1539,TRUE,made.shot,98,Graham 25' 3PT Jump Shot (12 PTS) (Rozier 1 AST),"",60 - 56,-4,1628984,"",TRUE,"","","","","","","","","","","","","","","","","","","","","","","","","","","","",TRUE,TRUE,""
228,345,1,1,3,10:02:00,1558,TRUE,made.shot,99,"",Barton 26' 3PT Jump Shot (12 PTS) (Murray 5 AST),63 - 56,-7,203115,"",TRUE,"","","","","","","","","","","","","","","","","","","","","","","","","","","","",TRUE,TRUE,""
229,347,2,1,3,09:50:00,1570,"",,100,MISS Washington 26' 3PT Jump Shot,"",,,1629023,"","",TRUE,"","","","","","","","","","","",TRUE,"","","","","","","","","","","","","","","","",TRUE,""
230,348,4,0,3,09:48:00,1572,TRUE,missed.shot,100,"",Harris REBOUND (Off:2 Def:2),,,203914,"","","","",TRUE,"","","","","","","","","","","","","","","",TRUE,"","","","","","","","","","","",""
231,349,2,1,3,09:34:00,1586,"",,101,"",MISS Barton 25' 3PT Jump Shot,,,203115,"","",TRUE,"","","","","","","","","","","",TRUE,"","","","","","","","","","","","","","","","",TRUE,""
232,350,4,0,3,09:31:00,1589,TRUE,missed.shot,101,Bridges REBOUND (Off:0 Def:5),"",,,1628970,"","","","",TRUE,"","","","","","","","","","","","","","","",TRUE,"","","","","","","","","","","",""
233,351,1,79,3,09:28:00,1592,TRUE,made.shot,102,Graham 25' 3PT Pullup Jump Shot (15 PTS) (Bridges 2 AST),"",63 - 59,-4,1628984,"",TRUE,"","","","","","","","","","","","","","","","","","","","","","","","","","","","",TRUE,TRUE,""
234,353,2,57,3,09:09:00,1611,"",,103,"",MISS Harris 2' Driving Hook Shot,,,203914,"","",TRUE,"","","","","","","","","","","",TRUE,"","","","","","","","","","","","","","","","","",""
235,354,4,0,3,09:06:00,1614,"",,103,"",Jokic REBOUND (Off:2 Def:4),,,203999,"","","","",TRUE,"","","","","","","","","","","","","","","","","","","","","","","","","","","",""
236,355,2,72,3,09:05:00,1615,"",,103,"",MISS Jokic 1' Putback Layup,,,203999,"","",TRUE,"","","","","","","","","","","",TRUE,"","","","","","","","","","","","","","","","","",""
237,356,4,0,3,09:05:00,1615,"",,103,"",Jokic REBOUND (Off:3 Def:4),,,203999,"","","","",TRUE,"","","","","","","","","","","","","","","","","","","","","","","","","","","",""
238,357,5,40,3,09:03:00,1617,TRUE,turnover,103,"",Jokic Out of Bounds Lost Ball Turnover (P3.T7),,,203999,"","","","","",TRUE,"","","","","","","","","","","","","","","","","","","","","","","","","","",""
239,358,7,1,3,09:03:00,1617,"",,104,"",Nuggets Violation: Delay of game Violation,,,1610612743,"","","","","","","",TRUE,"","","","","","","","","","","","","","","","","","","","","","","","",""
240,359,2,79,3,08:47:00,1633,"",,104,MISS Graham 26' 3PT Pullup Jump Shot,"",,,1628984,"","",TRUE,"","","","","","","","","","","",TRUE,"","","","","","","","","","","","","","","","",TRUE,""
241,360,4,0,3,08:45:00,1635,TRUE,missed.shot,104,"",Jokic REBOUND (Off:3 Def:5),,,203999,"","","","",TRUE,"","","","","","","","","","","","","","","",TRUE,"","","","","","","","","","","",""
242,361,6,1,3,08:41:00,1639,"",,105,Zeller P.FOUL (P2.T1) (J.Goble),"",,,203469,"","","","","","",TRUE,"","","","","","","","","","","","","","","","","","","","","","","","","",""
243,363,2,5,3,08:31:00,1649,"",,105,"",MISS Millsap 2' Layup,,,200794,"","",TRUE,"","","","","","","","","","","",TRUE,"","","","","","","","","","","","","","","","","",""
244,364,4,0,3,08:30:00,1650,TRUE,missed.shot,105,Washington REBOUND (Off:0 Def:2),"",,,1629023,"","","","",TRUE,"","","","","","","","","","","","","","","",TRUE,"","","","","","","","","","","",""
245,365,2,6,3,08:20:00,1660,"",,106,MISS Zeller 3' Driving Layup,"",,,203469,"","",TRUE,"","","","","","","","","","","",TRUE,"","","","","","","","","","","","","","","","","",""
246,366,4,0,3,08:18:00,1662,"",,106,Zeller REBOUND (Off:2 Def:2),"",,,203469,"","","","",TRUE,"","","","","","","","","","","","","","","","","","","","","","","","","","","",""
247,367,1,1,3,08:06:00,1674,TRUE,made.shot,106,Rozier 25' 3PT Jump Shot (9 PTS) (Washington 1 AST),"",63 - 62,-1,1626179,"",TRUE,"","","","","","","","","","","","","","","","","","","","","","","","","","","","",TRUE,TRUE,""
248,369,6,1,3,07:45:00,1695,"",,107,Bridges P.FOUL (P2.T2) (T.Ford),"",,,1628970,"","","","","","",TRUE,"","","","","","","","","","","","","","","","","","","","","","","","","",""
249,371,2,1,3,07:37:00,1703,"",,107,"",MISS Jokic 25' 3PT Jump Shot,,,203999,"","",TRUE,"","","","","","","","","","","",TRUE,"","","","","","","","","","","","","","","","",TRUE,""
250,372,4,0,3,07:35:00,1705,TRUE,missed.shot,107,Zeller REBOUND (Off:2 Def:3),"",,,203469,"","","","",TRUE,"","","","","","","","","","","","","","","",TRUE,"","","","","","","","","","","",""
251,373,1,5,3,07:29:00,1711,"",,108,Graham 2' Layup (17 PTS),"",63 - 64,1,1628984,"",TRUE,"","","","","","","","","","","","","","","","","","","","","","","","","","","",TRUE,"","",""
252,374,6,2,3,07:29:00,1711,"",,108,"",Murray S.FOUL (P1.T1) (J.Goble),,,1627750,"","","","","","",TRUE,"","","","","","","","",TRUE,"","","","","","","","","","","","","","","","",""
253,376,3,10,3,07:29:00,1711,TRUE,last.ft.made,108,Graham Free Throw 1 of 1 (18 PTS),"",63 - 65,2,1628984,"","","",TRUE,"","","","","","","","","","","","","","","","","","",TRUE,"","","","",TRUE,TRUE,"","","",""
254,377,5,2,3,07:18:00,1722,TRUE,turnover,109,Graham STEAL (1 STL),Jokic Lost Ball Turnover (P4.T8),,,203999,"","","","","",TRUE,"","","","","","","","","","","","","","","","","","","","","","","","","","",""
255,379,2,1,3,07:13:00,1727,"",,110,MISS Graham 24' 3PT Jump Shot,"",,,1628984,"","",TRUE,"","","","","","","","","","","",TRUE,"","","","","","","","","","","","","","","","",TRUE,""
256,380,4,0,3,07:11:00,1729,TRUE,missed.shot,110,"",Harris REBOUND (Off:2 Def:3),,,203914,"","","","",TRUE,"","","","","","","","","","","","","","","",TRUE,"","","","","","","","","","","",""
257,381,6,4,3,07:07:00,1733,"",,111,"",Jokic OFF.Foul (P4) (J.Goble),,,203999,"","","","","","",TRUE,"","","","","","","","","","","","","","","","","","","","","","","","","",""
258,383,5,37,3,07:07:00,1733,TRUE,turnover,111,"",Jokic Offensive Foul Turnover (P5.T9),,,203999,"","","","","",TRUE,"","","","","","","","","","","","","","","","","","","","","","","","","","",""
259,384,8,0,3,07:07:00,1733,"",,112,"",SUB: Plumlee FOR Jokic,,,203999,"","","","","","","","",TRUE,"","","","","","","","","","","","","","","","","","","","","","","",""
260,386,6,2,3,06:56:00,1744,"",,112,"",Millsap S.FOUL (P2.T2) (C.Washington),,,200794,"","","","","","",TRUE,"","","","","","","","",TRUE,"","","","","","","","","","","","","","","","",""
261,388,9,1,3,06:56:00,1744,"",,112,HORNETS Timeout: Regular (Full 3 Short 0),"",,,1610612766,"","","","","","","","","",TRUE,"","","","","","","","","","","","","","","","","","","","","","",""
262,389,8,0,3,06:56:00,1744,"",,112,SUB: McDaniels FOR Bridges,"",,,1628970,"","","","","","","","",TRUE,"","","","","","","","","","","","","","","","","","","","","","","",""
263,391,3,11,3,06:56:00,1744,"",,112,Zeller Free Throw 1 of 2 (5 PTS),"",63 - 66,3,203469,"","","",TRUE,"","","","","","","","","","","","","","","","","","","","","","","","","","","","",""
264,392,3,12,3,06:56:00,1744,TRUE,last.ft.made,112,Zeller Free Throw 2 of 2 (6 PTS),"",63 - 67,4,203469,"","","",TRUE,"","","","","","","","","","","","","","","","","","","",TRUE,"","",TRUE,TRUE,TRUE,"","","",""
265,393,6,1,3,06:54:00,1746,"",,113,Rozier P.FOUL (P2.T3) (J.Goble),"",,,1626179,"","","","","","",TRUE,"","","","","","","","","","","","","","","","","","","","","","","","","",""
266,395,6,2,3,06:38:00,1762,"",,113,Rozier S.FOUL (P3.T4) (T.Ford),"",,,1626179,"","","","","","",TRUE,"","","","","","","","",TRUE,"","","","","","","","","","","","","","","","",""
267,397,3,11,3,06:38:00,1762,"",,113,"",Murray Free Throw 1 of 2 (6 PTS),64 - 67,3,1627750,"","","",TRUE,"","","","","","","","","","","","","","","","","","","","","","","","","","","","",""
268,398,3,12,3,06:38:00,1762,TRUE,last.ft.made,113,"",Murray Free Throw 2 of 2 (7 PTS),65 - 67,2,1627750,"","","",TRUE,"","","","","","","","","","","","","","","","","","","",TRUE,"","",TRUE,TRUE,TRUE,"","","",""
269,399,5,1,3,06:27:00,1773,TRUE,turnover,114,Graham Bad Pass Turnover (P2.T10),Murray STEAL (1 STL),,,1628984,"","","","","",TRUE,"","","","","","","","","","","","","","","","","","","","","","","","","","",""
270,401,1,41,3,06:23:00,1777,TRUE,made.shot,115,"",Murray 2' Running Layup (9 PTS) (Harris 2 AST),67 - 67,TIE,1627750,"",TRUE,"","","","","","","","","","","","","","","","","","","","","","","","","","","","",TRUE,"",""
271,403,6,2,3,06:08:00,1792,"",,116,"",Millsap S.FOUL (P3.T3) (T.Ford),,,200794,"","","","","","",TRUE,"","","","","","","","",TRUE,"","","","","","","","","","","","","","","","",""
272,405,3,11,3,06:08:00,1792,"",,116,MISS Washington Free Throw 1 of 2,"",,,1629023,"","","",TRUE,"","","","","","","","","","",TRUE,"","","","","","",TRUE,"","","","","","","","","","",""
273,406,4,1,3,06:08:00,1792,"",,116,HORNETS Rebound,"",,,1610612766,"","","","",TRUE,"","","","","","","","","","","","","","",TRUE,"","","","","","","","","","","","",""
274,407,8,0,3,06:08:00,1792,"",,116,SUB: Hernangomez FOR Rozier,"",,,1626179,"","","","","","","","",TRUE,"","","","","","","","","","","","","","","","","","","","","","","",""
275,408,8,0,3,06:08:00,1792,"",,116,SUB: Martin FOR Zeller,"",,,203469,"","","","","","","","",TRUE,"","","","","","","","","","","","","","","","","","","","","","","",""
276,411,3,12,3,06:08:00,1792,TRUE,last.ft.made,116,Washington Free Throw 2 of 2 (14 PTS),"",67 - 68,1,1629023,"","","",TRUE,"","","","","","","","","","","","","","","","","","","",TRUE,"","",TRUE,TRUE,TRUE,"","","",""
277,412,1,3,3,05:46:00,1814,TRUE,made.shot,117,"",Plumlee 4' Hook Shot (4 PTS) (Barton 2 AST),69 - 68,-1,203486,"",TRUE,"","","","","","","","","","","","","","","","","","","","","","","","","","","","",TRUE,"",""
278,414,2,3,3,05:26:00,1834,"",,118,MISS Hernangomez 6' Hook Shot,Plumlee BLOCK (1 BLK),,,1626195,"","",TRUE,"","","","","","","","","","","",TRUE,"","","","","","","","","","","","","","","","","",""
279,416,4,0,3,05:23:00,1837,TRUE,missed.shot,118,"",Millsap REBOUND (Off:3 Def:1),,,200794,"","","","",TRUE,"","","","","","","","","","","","","","","",TRUE,"","","","","","","","","","","",""
280,418,8,0,3,05:21:00,1839,"",,119,"",SUB: Grant FOR Millsap,,,200794,"","","","","","","","",TRUE,"","","","","","","","","","","","","","","","","","","","","","","",""
281,419,8,0,3,05:21:00,1839,"",,119,"",SUB: Morris FOR Murray,,,1627750,"","","","","","","","",TRUE,"","","","","","","","","","","","","","","","","","","","","","","",""
282,422,2,5,3,05:12:00,1848,"",,119,"",MISS Harris 1' Layup,,,203914,"","",TRUE,"","","","","","","","","","","",TRUE,"","","","","","","","","","","","","","","","","",""
283,424,4,0,3,05:08:00,1852,TRUE,missed.shot,119,Martin REBOUND (Off:1 Def:2),"",,,1628998,"","","","",TRUE,"","","","","","","","","","","","","","","",TRUE,"","","","","","","","","","","",""
284,425,2,5,3,05:05:00,1855,"",,120,MISS McDaniels 3' Layup,Grant BLOCK (1 BLK),,,1629667,"","",TRUE,"","","","","","","","","","","",TRUE,"","","","","","","","","","","","","","","","","",""
285,427,4,0,3,05:05:00,1855,"",,120,McDaniels REBOUND (Off:2 Def:0),"",,,1629667,"","","","",TRUE,"","","","","","","","","","","","","","","","","","","","","","","","","","","",""
286,428,1,72,3,05:05:00,1855,"",,120,McDaniels 1' Putback Layup (6 PTS),"",69 - 70,1,1629667,"",TRUE,"","","","","","","","","","","","","","","","","","","","","","","","","","","",TRUE,"","",""
287,429,6,2,3,05:05:00,1855,"",,120,"",Plumlee S.FOUL (P3.T4) (J.Goble),,,203486,"","","","","","",TRUE,"","","","","","","","",TRUE,"","","","","","","","","","","","","","","","",""
288,431,3,10,3,05:05:00,1855,TRUE,last.ft.made,120,McDaniels Free Throw 1 of 1 (7 PTS),"",69 - 71,2,1629667,"","","",TRUE,"","","","","","","","","","","","","","","","","","",TRUE,"","","","",TRUE,TRUE,"","","",""
289,432,5,1,3,04:48:00,1872,TRUE,turnover,121,Martin STEAL (3 STL),Morris Bad Pass Turnover (P2.T10),,,1628420,"","","","","",TRUE,"","","","","","","","","","","","","","","","","","","","","","","","","","",""
290,434,1,108,3,04:34:00,1886,TRUE,made.shot,122,Hernangomez 2' Cutting Dunk Shot (8 PTS) (Washington 2 AST),"",69 - 73,4,1626195,"",TRUE,"","","","","","","","","","","","","","","","","","","","","","","","","","","","",TRUE,"",""
291,436,2,1,3,04:17:00,1903,"",,123,"",MISS Barton 26' 3PT Jump Shot,,,203115,"","",TRUE,"","","","","","","","","","","",TRUE,"","","","","","","","","","","","","","","","",TRUE,""
292,437,4,0,3,04:17:00,1903,TRUE,missed.shot,123,Hernangomez REBOUND (Off:1 Def:4),"",,,1626195,"","","","",TRUE,"","","","","","","","","","","","","","","",TRUE,"","","","","","","","","","","",""
293,438,5,45,3,04:14:00,1906,TRUE,turnover,124,Graham Out of Bounds - Bad Pass Turnover Turnover (P3.T11),"",,,1628984,"","","","","",TRUE,"","","","","","","","","","","","","","","","","","","","","","","","","","",""
294,439,2,1,3,03:51:00,1929,"",,125,"",MISS Harris 26' 3PT Jump Shot,,,203914,"","",TRUE,"","","","","","","","","","","",TRUE,"","","","","","","","","","","","","","","","",TRUE,""
295,440,4,0,3,03:45:00,1935,"",,125,"",Grant REBOUND (Off:1 Def:1),,,203924,"","","","",TRUE,"","","","","","","","","","","","","","","","","","","","","","","","","","","",""
296,441,2,107,3,03:45:00,1935,"",,125,"",MISS Grant 1' Tip Dunk Shot,,,203924,"","",TRUE,"","","","","","","","","","","",TRUE,"","","","","","","","","","","","","","","","","",""
297,442,4,0,3,03:45:00,1935,TRUE,missed.shot,125,Martin REBOUND (Off:1 Def:3),"",,,1628998,"","","","",TRUE,"","","","","","","","","","","","","","","",TRUE,"","","","","","","","","","","",""
298,443,5,1,3,03:29:00,1951,TRUE,turnover,126,Martin Bad Pass Turnover (P3.T12),Morris STEAL (1 STL),,,1628998,"","","","","",TRUE,"","","","","","","","","","","","","","","","","","","","","","","","","","",""
299,447,6,2,3,03:27:00,1953,"",,127,Martin S.FOUL (P2.PN) (J.Goble),"",,,1628998,"","","","","","",TRUE,"","","","","","","","",TRUE,"","","","","","","","","","","","","","","","",""
300,449,3,11,3,03:27:00,1953,"",,127,"",Morris Free Throw 1 of 2 (10 PTS),70 - 73,3,1628420,"","","",TRUE,"","","","","","","","","","","","","","","","","","","","","","","","","","","","",""
301,450,8,0,3,03:27:00,1953,"",,127,SUB: Rozier FOR Graham,"",,,1628984,"","","","","","","","",TRUE,"","","","","","","","","","","","","","","","","","","","","","","",""
302,451,8,0,3,03:27:00,1953,"",,127,"",SUB: Craig FOR Barton,,,203115,"","","","","","","","",TRUE,"","","","","","","","","","","","","","","","","","","","","","","",""
303,454,3,12,3,03:27:00,1953,TRUE,last.ft.made,127,"",Morris Free Throw 2 of 2 (11 PTS),71 - 73,2,1628420,"","","",TRUE,"","","","","","","","","","","","","","","","","","","",TRUE,"","",TRUE,TRUE,TRUE,"","","",""
304,457,8,0,3,03:27:00,1953,"",,128,SUB: Bridges FOR Washington,"",,,1629023,"","","","","","","","",TRUE,"","","","","","","","","","","","","","","","","","","","","","","",""
305,455,1,101,3,03:11:00,1969,TRUE,made.shot,128,Bridges 5' Driving Floating Jump Shot (8 PTS) (Martin 4 AST),"",71 - 75,4,1628970,"",TRUE,"","","","","","","","","","","","","","","","","","","","","","","","","","","","",TRUE,"",""
306,459,6,2,3,02:57:00,1983,"",,129,McDaniels S.FOUL (P3.PN) (T.Ford),"",,,1629667,"","","","","","",TRUE,"","","","","","","","",TRUE,"","","","","","","","","","","","","","","","",""
307,461,9,1,3,02:57:00,1983,"",,129,"",Nuggets Timeout: Regular (Reg.4 Short 0),,,1610612743,"","","","","","","","","",TRUE,"","","","","","","","","","","","","","","","","","","","","","",""
308,462,3,11,3,02:57:00,1983,"",,129,"",Harris Free Throw 1 of 2 (8 PTS),72 - 75,3,203914,"","","",TRUE,"","","","","","","","","","","","","","","","","","","","","","","","","","","","",""
309,463,3,12,3,02:57:00,1983,TRUE,last.ft.made,129,"",Harris Free Throw 2 of 2 (9 PTS),73 - 75,2,203914,"","","",TRUE,"","","","","","","","","","","","","","","","","","","",TRUE,"","",TRUE,TRUE,TRUE,"","","",""
310,464,6,1,3,02:43:00,1997,"",,130,"",Craig P.FOUL (P1.PN) (J.Goble),,,1628470,"","","","","","",TRUE,"","","","","","","","","","","","","","","","","","","","","","","","","",""
311,466,3,11,3,02:43:00,1997,"",,130,Rozier Free Throw 1 of 2 (10 PTS),"",73 - 76,3,1626179,"","","",TRUE,"","","","","","","","","","","","","","","","","","","","","","","","","","","","",""
312,467,8,0,3,02:43:00,1997,"",,130,"",SUB: Murray FOR Harris,,,203914,"","","","","","","","",TRUE,"","","","","","","","","","","","","","","","","","","","","","","",""
313,469,3,12,3,02:43:00,1997,TRUE,last.ft.made,130,Rozier Free Throw 2 of 2 (11 PTS),"",73 - 77,4,1626179,"","","",TRUE,"","","","","","","","","","","","","","","","","","","",TRUE,"","",TRUE,TRUE,TRUE,"","","",""
314,470,1,79,3,02:23:00,2017,TRUE,made.shot,131,"",Murray 15' Pullup Jump Shot (11 PTS),75 - 77,2,1627750,"",TRUE,"","","","","","","","","","","","","","","","","","","","","","","","","","","","",TRUE,"",""
315,471,2,1,3,02:10:00,2030,"",,132,MISS Bridges 25' 3PT Jump Shot,"",,,1628970,"","",TRUE,"","","","","","","","","","","",TRUE,"","","","","","","","","","","","","","","","",TRUE,""
316,472,4,0,3,02:08:00,2032,TRUE,missed.shot,132,"",Craig REBOUND (Off:1 Def:1),,,1628470,"","","","",TRUE,"","","","","","","","","","","","","","","",TRUE,"","","","","","","","","","","",""
317,473,2,1,3,02:01:00,2039,"",,133,"",MISS Murray 26' 3PT Jump Shot,,,1627750,"","",TRUE,"","","","","","","","","","","",TRUE,"","","","","","","","","","","","","","","","",TRUE,""
318,474,4,0,3,01:58:00,2042,TRUE,missed.shot,133,Bridges REBOUND (Off:0 Def:6),"",,,1628970,"","","","",TRUE,"","","","","","","","","","","","","","","",TRUE,"","","","","","","","","","","",""
319,475,1,78,3,01:51:00,2049,TRUE,made.shot,134,Hernangomez 2' Floating Jump Shot (10 PTS) (Rozier 2 AST),"",75 - 79,4,1626195,"",TRUE,"","","","","","","","","","","","","","","","","","","","","","","","","","","","",TRUE,"",""
320,477,1,1,3,01:34:00,2066,TRUE,made.shot,135,"",Craig 25' 3PT Jump Shot (9 PTS) (Plumlee 3 AST),78 - 79,1,1628470,"",TRUE,"","","","","","","","","","","","","","","","","","","","","","","","","","","","",TRUE,TRUE,""
321,479,1,1,3,01:09:00,2091,TRUE,made.shot,136,Rozier 26' 3PT Jump Shot (14 PTS),"",78 - 82,4,1626179,"",TRUE,"","","","","","","","","","","","","","","","","","","","","","","","","","","","",TRUE,TRUE,""
322,480,1,78,3,00:57:00,2103,TRUE,made.shot,137,"",Morris 10' Floating Jump Shot (13 PTS),80 - 82,2,1628420,"",TRUE,"","","","","","","","","","","","","","","","","","","","","","","","","","","","",TRUE,"",""
323,481,2,1,3,00:34:00,2126,"",,138,MISS McDaniels 10' Jump Shot,Morris BLOCK (1 BLK),,,1629667,"","",TRUE,"","","","","","","","","","","",TRUE,"","","","","","","","","","","","","","","","","",""
324,483,4,0,3,00:31:00,2129,TRUE,missed.shot,138,"",Murray REBOUND (Off:1 Def:2),,,1627750,"","","","",TRUE,"","","","","","","","","","","","","","","",TRUE,"","","","","","","","","","","",""
325,484,2,1,3,00:25:00,2135,"",,139,"",MISS Morris 25' 3PT Jump Shot,,,1628420,"","",TRUE,"","","","","","","","","","","",TRUE,"","","","","","","","","","","","","","","","",TRUE,""
326,485,4,0,3,00:22:00,2138,"",,139,"",Craig REBOUND (Off:2 Def:1),,,1628470,"","","","",TRUE,"","","","","","","","","","","","","","","","","","","","","","","","","","","",""
327,486,5,11,3,00:10:00,2150,TRUE,turnover,139,"",Nuggets Turnover: Shot Clock (T#11),,,1610612743,"","","","","",TRUE,"","","","","","","","","","","","","","","","","","","","","","","","","","",TRUE
328,487,8,0,3,00:10:00,2150,"",,140,SUB: Martin FOR McDaniels,"",,,1629667,"","","","","","","","",TRUE,"","","","","","","","","","","","","","","","","","","","","","","",""
329,488,8,0,3,00:10:00,2150,"",,140,SUB: Graham FOR Martin,"",,,1628998,"","","","","","","","",TRUE,"","","","","","","","","","","","","","","","","","","","","","","",""
330,491,8,0,3,00:10:00,2150,"",,140,"",SUB: Harris FOR Murray,,,1627750,"","","","","","","","",TRUE,"","","","","","","","","","","","","","","","","","","","","","","",""
331,493,2,1,3,00:01:00,2159,"",,140,MISS Rozier 25' 3PT Jump Shot,"",,,1626179,"","",TRUE,"","","","","","","","","","","",TRUE,"","","","","","","","","","","","","","","","",TRUE,""
332,494,4,0,3,00:01:00,2159,TRUE,missed.shot,140,"",Craig REBOUND (Off:2 Def:2),,,1628470,"","","","",TRUE,"","","","","","","","","","","","","","","",TRUE,"","","","","","","","","","","",""
333,495,13,0,3,00:00:00,2160,TRUE,end.of.period,141,"","",80 - 82,2,0,"","","","","","","","","","","","","",TRUE,"","","","","","","","","","","","","","","","","","",""
334,500,12,0,4,12:00:00,2160,"",,142,"","",80 - 82,2,0,"","","","","","","","","","","","",TRUE,"","","","","","","","","","","","","","","","","","","",""
335,501,2,98,4,11:44:00,2176,"",,142,"",MISS Plumlee 3' Cutting Layup Shot,,,203486,"","",TRUE,"","","","","","","","","","","",TRUE,"","","","","","","","","","","","","","","","","",""
336,502,4,0,4,11:39:00,2181,"",,142,"",Plumlee REBOUND (Off:1 Def:0),,,203486,"","","","",TRUE,"","","","","","","","","","","","","","","","","","","","","","","","","","","",""
337,503,1,97,4,11:39:00,2181,TRUE,made.shot,142,"",Plumlee 1' Tip Layup Shot (6 PTS),82 - 82,TIE,203486,"",TRUE,"","","","","","","","","","","","","","","","","","","","","","","","","","","","",TRUE,"",""
338,504,6,1,4,11:28:00,2192,"",,143,"",Plumlee P.FOUL (P4.T1) (T.Ford),,,203486,"","","","","","",TRUE,"","","","","","","","","","","","","","","","","","","","","","","","","",""
339,506,1,102,4,11:11:00,2209,TRUE,made.shot,143,Rozier 9' Driving Floating Bank Jump Shot (16 PTS),"",82 - 84,2,1626179,"",TRUE,"","","","","","","","","","","","","","","","","","","","","","","","","","","","",TRUE,"",""
340,507,1,78,4,10:47:00,2233,TRUE,made.shot,144,"",Grant 10' Floating Jump Shot (7 PTS) (Morris 4 AST),84 - 84,TIE,203924,"",TRUE,"","","","","","","","","","","","","","","","","","","","","","","","","","","","",TRUE,"",""
341,509,1,1,4,10:32:00,2248,TRUE,made.shot,145,Martin 25' 3PT Jump Shot (6 PTS) (Martin 5 AST),"",84 - 87,3,1628997,"",TRUE,"","","","","","","","","","","","","","","","","","","","","","","","","","","","",TRUE,TRUE,""
342,511,2,1,4,10:14:00,2266,"",,146,"",MISS Morris 25' 3PT Jump Shot,,,1628420,"","",TRUE,"","","","","","","","","","","",TRUE,"","","","","","","","","","","","","","","","",TRUE,""
343,512,4,0,4,10:10:00,2270,TRUE,missed.shot,146,Bridges REBOUND (Off:0 Def:7),"",,,1628970,"","","","",TRUE,"","","","","","","","","","","","","","","",TRUE,"","","","","","","","","","","",""
344,513,1,7,4,10:05:00,2275,TRUE,made.shot,147,Hernangomez 1' Dunk (12 PTS) (Martin 6 AST),"",84 - 89,5,1626195,"",TRUE,"","","","","","","","","","","","","","","","","","","","","","","","","","","","",TRUE,"",""
345,515,9,1,4,10:05:00,2275,"",,148,"",Nuggets Timeout: Regular (Reg.5 Short 0),,,1610612743,"","","","","","","","","",TRUE,"","","","","","","","","","","","","","","","","","","","","","",""
346,516,8,0,4,10:05:00,2275,"",,148,"",SUB: Jokic FOR Plumlee,,,203486,"","","","","","","","",TRUE,"","","","","","","","","","","","","","","","","","","","","","","",""
347,518,6,2,4,10:00:00,2280,"",,148,Bridges S.FOUL (P3.T1) (T.Ford),"",,,1628970,"","","","","","",TRUE,"","","","","","","","",TRUE,"","","","","","","","","","","","","","","","",""
348,520,3,11,4,10:00:00,2280,"",,148,"",Murray Free Throw 1 of 2 (12 PTS),85 - 89,4,1627750,"","","",TRUE,"","","","","","","","","","","","","","","","","","","","","","","","","","","","",""
349,521,3,12,4,10:00:00,2280,TRUE,last.ft.made,148,"",Murray Free Throw 2 of 2 (13 PTS),86 - 89,3,1627750,"","","",TRUE,"","","","","","","","","","","","","","","","","","","",TRUE,"","",TRUE,TRUE,TRUE,"","","",""
350,522,1,6,4,09:40:00,2300,TRUE,made.shot,149,Martin 2' Driving Layup (8 PTS) (Martin 7 AST),"",86 - 91,5,1628997,"",TRUE,"","","","","","","","","","","","","","","","","","","","","","","","","","","","",TRUE,"",""
351,524,2,1,4,09:27:00,2313,"",,150,"",MISS Grant 24' 3PT Jump Shot,,,203924,"","",TRUE,"","","","","","","","","","","",TRUE,"","","","","","","","","","","","","","","","",TRUE,""
352,525,4,0,4,09:24:00,2316,TRUE,missed.shot,150,Bridges REBOUND (Off:0 Def:8),"",,,1628970,"","","","",TRUE,"","","","","","","","","","","","","","","",TRUE,"","","","","","","","","","","",""
353,526,2,41,4,09:21:00,2319,"",,151,MISS Bridges 1' Running Layup,"",,,1628970,"","",TRUE,"","","","","","","","","","","",TRUE,"","","","","","","","","","","","","","","","","",""
354,527,4,0,4,09:21:00,2319,TRUE,missed.shot,151,"",Jokic REBOUND (Off:3 Def:6),,,203999,"","","","",TRUE,"","","","","","","","","","","","","","","",TRUE,"","","","","","","","","","","",""
355,528,2,5,4,09:13:00,2327,"",,152,"",MISS Craig 4' Layup,,,1628470,"","",TRUE,"","","","","","","","","","","",TRUE,"","","","","","","","","","","","","","","","","",""
356,529,4,0,4,09:13:00,2327,TRUE,missed.shot,152,Bridges REBOUND (Off:0 Def:9),"",,,1628970,"","","","",TRUE,"","","","","","","","","","","","","","","",TRUE,"","","","","","","","","","","",""
357,530,2,1,4,08:58:00,2342,"",,153,MISS Rozier 25' 3PT Jump Shot,"",,,1626179,"","",TRUE,"","","","","","","","","","","",TRUE,"","","","","","","","","","","","","","","","",TRUE,""
358,531,4,0,4,08:56:00,2344,TRUE,missed.shot,153,"",Jokic REBOUND (Off:3 Def:7),,,203999,"","","","",TRUE,"","","","","","","","","","","","","","","",TRUE,"","","","","","","","","","","",""
359,532,5,4,4,08:52:00,2348,TRUE,turnover,154,"",Murray Traveling Turnover (P1.T12),,,1627750,"","","","","",TRUE,"","","","","","","","","","","","","","","","","","","","","","","","","","",""
360,533,8,0,4,08:52:00,2348,"",,155,SUB: Graham FOR Bridges,"",,,1628970,"","","","","","","","",TRUE,"","","","","","","","","","","","","","","","","","","","","","","",""
361,534,8,0,4,08:52:00,2348,"",,155,SUB: Washington FOR Martin,"",,,1628998,"","","","","","","","",TRUE,"","","","","","","","","","","","","","","","","","","","","","","",""
362,537,1,1,4,08:37:00,2363,TRUE,made.shot,155,Rozier 26' 3PT Jump Shot (19 PTS) (Graham 6 AST),"",86 - 94,8,1626179,"",TRUE,"","","","","","","","","","","","","","","","","","","","","","","","","","","","",TRUE,TRUE,""
363,539,6,1,4,08:21:00,2379,"",,156,Rozier P.FOUL (P4.T2) (T.Ford),"",,,1626179,"","","","","","",TRUE,"","","","","","","","","","","","","","","","","","","","","","","","","",""
364,541,8,0,4,08:21:00,2379,"",,156,SUB: Martin FOR Rozier,"",,,1626179,"","","","","","","","",TRUE,"","","","","","","","","","","","","","","","","","","","","","","",""
365,542,8,0,4,08:21:00,2379,"",,156,"",SUB: Barton FOR Craig,,,1628470,"","","","","","","","",TRUE,"","","","","","","","","","","","","","","","","","","","","","","",""
366,543,8,0,4,08:21:00,2379,"",,156,"",SUB: Harris FOR Murray,,,1627750,"","","","","","","","",TRUE,"","","","","","","","","","","","","","","","","","","","","","","",""
367,547,1,79,4,08:15:00,2385,TRUE,made.shot,156,"",Morris 16' Pullup Jump Shot (15 PTS),88 - 94,6,1628420,"",TRUE,"","","","","","","","","","","","","","","","","","","","","","","","","","","","",TRUE,"",""
368,548,2,1,4,07:55:00,2405,"",,157,MISS Hernangomez 25' 3PT Jump Shot,"",,,1626195,"","",TRUE,"","","","","","","","","","","",TRUE,"","","","","","","","","","","","","","","","",TRUE,""
369,549,4,0,4,07:52:00,2408,TRUE,missed.shot,157,"",Barton REBOUND (Off:0 Def:6),,,203115,"","","","",TRUE,"","","","","","","","","","","","","","","",TRUE,"","","","","","","","","","","",""
370,550,5,1,4,07:42:00,2418,TRUE,turnover,158,Washington STEAL (1 STL),Jokic Bad Pass Turnover (P6.T13),,,203999,"","","","","",TRUE,"","","","","","","","","","","","","","","","","","","","","","","","","","",""
371,552,5,45,4,07:38:00,2422,TRUE,turnover,159,Martin Out of Bounds - Bad Pass Turnover Turnover (P1.T13),"",,,1628997,"","","","","",TRUE,"","","","","","","","","","","","","","","","","","","","","","","","","","",""
372,553,1,1,4,07:19:00,2441,TRUE,made.shot,160,"",Harris 22' Jump Shot (11 PTS) (Jokic 5 AST),90 - 94,4,203914,"",TRUE,"","","","","","","","","","","","","","","","","","","","","","","","","","","","",TRUE,"",""
373,574,18,1,4,07:19:00,2441,"",,161,"","",90 - 94,4,553,"","","","","","","","","","","","","","","","","","","","","","","","","","","","","","","","",""
374,555,6,1,4,07:04:00,2456,"",,161,"",Grant P.FOUL (P2.T2) (C.Washington),,,203924,"","","","","","",TRUE,"","","","","","","","","","","","","","","","","","","","","","","","","",""
375,557,2,5,4,06:52:00,2468,"",,161,MISS Hernangomez 2' Layup,"",,,1626195,"","",TRUE,"","","","","","","","","","","",TRUE,"","","","","","","","","","","","","","","","","",""
376,558,4,0,4,06:49:00,2471,"",,161,Hernangomez REBOUND (Off:2 Def:4),"",,,1626195,"","","","",TRUE,"","","","","","","","","","","","","","","","","","","","","","","","","","","",""
377,559,1,97,4,06:49:00,2471,TRUE,made.shot,161,Hernangomez 1' Tip Layup Shot (14 PTS),"",90 - 96,6,1626195,"",TRUE,"","","","","","","","","","","","","","","","","","","","","","","","","","","","",TRUE,"",""
378,560,1,44,4,06:37:00,2483,TRUE,made.shot,162,"",Grant 2' Reverse Layup (9 PTS) (Jokic 6 AST),92 - 96,4,203924,"",TRUE,"","","","","","","","","","","","","","","","","","","","","","","","","","","","",TRUE,"",""
379,562,2,1,4,06:19:00,2501,"",,163,MISS Hernangomez 6' Jump Shot,"",,,1626195,"","",TRUE,"","","","","","","","","","","",TRUE,"","","","","","","","","","","","","","","","","",""
380,563,4,0,4,06:18:00,2502,TRUE,missed.shot,163,"",Nuggets Rebound,,,1610612743,"","","","",TRUE,"","","","","","","","","","","","","","",TRUE,TRUE,"","","","","","","","","","","",""
381,564,6,3,4,06:18:00,2502,"",,164,Hernangomez L.B.FOUL (P1.T3) (J.Goble),"",,,1626195,"","","","","","",TRUE,"","","","","","","","","","","",TRUE,"","","","","","","","","","","","","",""
382,566,8,0,4,06:18:00,2502,"",,164,SUB: Zeller FOR Hernangomez,"",,,1626195,"","","","","","","","",TRUE,"","","","","","","","","","","","","","","","","","","","","","","",""
383,568,1,47,4,05:57:00,2523,TRUE,made.shot,164,"",Jokic 9' Turnaround Jump Shot (8 PTS),94 - 96,2,203999,"",TRUE,"","","","","","","","","","","","","","","","","","","","","","","","","","","","",TRUE,"",""
384,569,2,80,4,05:31:00,2549,"",,165,MISS Graham 25' 3PT Step Back Jump Shot,"",,,1628984,"","",TRUE,"","","","","","","","","","","",TRUE,"","","","","","","","","","","","","","","","",TRUE,""
385,570,4,0,4,05:31:00,2549,TRUE,missed.shot,165,"",Nuggets Rebound,,,1610612743,"","","","",TRUE,"","","","","","","","","","","","","","",TRUE,TRUE,"","","","","","","","","","","",""
386,572,1,7,4,05:09:00,2571,TRUE,made.shot,166,"",Barton 2' Dunk (14 PTS),96 - 96,TIE,203115,"",TRUE,"","","","","","","","","","","","","","","","","","","","","","","","","","","","",TRUE,"",""
387,573,9,1,4,05:09:00,2571,"",,167,HORNETS Timeout: Regular (Full 4 Short 0),"",,,1610612766,"","","","","","","","","",TRUE,"","","","","","","","","","","","","","","","","","","","","","",""
388,575,8,0,4,05:09:00,2571,"",,167,SUB: Rozier FOR Martin,"",,,1628997,"","","","","","","","",TRUE,"","","","","","","","","","","","","","","","","","","","","","","",""
389,576,8,0,4,05:09:00,2571,"",,167,"",SUB: Murray FOR Morris,,,1628420,"","","","","","","","",TRUE,"","","","","","","","","","","","","","","","","","","","","","","",""
390,579,2,1,4,04:52:00,2588,"",,167,MISS Rozier 25' 3PT Jump Shot,"",,,1626179,"","",TRUE,"","","","","","","","","","","",TRUE,"","","","","","","","","","","","","","","","",TRUE,""
391,580,4,0,4,04:50:00,2590,TRUE,missed.shot,167,"",Jokic REBOUND (Off:3 Def:8),,,203999,"","","","",TRUE,"","","","","","","","","","","","","","","",TRUE,"","","","","","","","","","","",""
392,581,6,1,4,04:33:00,2607,"",,168,Martin P.FOUL (P3.T4) (C.Washington),"",,,1628998,"","","","","","",TRUE,"","","","","","","","","","","","","","","","","","","","","","","","","",""
393,583,9,1,4,04:33:00,2607,"",,168,HORNETS Timeout: Regular (Full 5 Short 0),"",,,1610612766,"","","","","","","","","",TRUE,"","","","","","","","","","","","","","","","","","","","","","",""
394,584,18,4,4,04:33:00,2607,"",,168,"","",96 - 96,TIE,581,"","","","","","","","","","","","","","","","","","","","","","","","","","","","","","","","",""
395,585,2,1,4,04:26:00,2614,"",,168,"",MISS Murray 27' 3PT Jump Shot,,,1627750,"","",TRUE,"","","","","","","","","","","",TRUE,"","","","","","","","","","","","","","","","",TRUE,""
396,586,4,0,4,04:23:00,2617,TRUE,missed.shot,168,Washington REBOUND (Off:0 Def:3),"",,,1629023,"","","","",TRUE,"","","","","","","","","","","","","","","",TRUE,"","","","","","","","","","","",""
397,587,1,79,4,04:16:00,2624,TRUE,made.shot,169,Graham 18' Pullup Jump Shot (20 PTS) (Rozier 3 AST),"",96 - 98,2,1628984,"",TRUE,"","","","","","","","","","","","","","","","","","","","","","","","","","","","",TRUE,"",""
398,589,1,1,4,03:57:00,2643,TRUE,made.shot,170,"",Murray 26' 3PT Jump Shot (16 PTS) (Jokic 7 AST),99 - 98,-1,1627750,"",TRUE,"","","","","","","","","","","","","","","","","","","","","","","","","","","","",TRUE,TRUE,""
399,591,6,2,4,03:40:00,2660,"",,171,"",Grant S.FOUL (P3.T3) (T.Ford),,,203924,"","","","","","",TRUE,"","","","","","","","",TRUE,"","","","","","","","","","","","","","","","",""
400,593,3,11,4,03:40:00,2660,"",,171,Washington Free Throw 1 of 2 (15 PTS),"",99 - 99,TIE,1629023,"","","",TRUE,"","","","","","","","","","","","","","","","","","","","","","","","","","","","",""
401,594,3,12,4,03:40:00,2660,TRUE,last.ft.made,171,Washington Free Throw 2 of 2 (16 PTS),"",99 - 100,1,1629023,"","","",TRUE,"","","","","","","","","","","","","","","","","","","",TRUE,"","",TRUE,TRUE,TRUE,"","","",""
402,595,6,1,4,03:28:00,2672,"",,172,Zeller P.FOUL (P3.PN) (J.Goble),"",,,203469,"","","","","","",TRUE,"","","","","","","","","","","","","","","","","","","","","","","","","",""
403,597,3,11,4,03:28:00,2672,"",,172,"",Jokic Free Throw 1 of 2 (9 PTS),100 - 100,TIE,203999,"","","",TRUE,"","","","","","","","","","","","","","","","","","","","","","","","","","","","",""
404,598,3,12,4,03:28:00,2672,TRUE,last.ft.made,172,"",Jokic Free Throw 2 of 2 (10 PTS),101 - 100,-1,203999,"","","",TRUE,"","","","","","","","","","","","","","","","","","","",TRUE,"","",TRUE,TRUE,TRUE,"","","",""
405,599,1,6,4,03:18:00,2682,TRUE,made.shot,173,Graham 3' Driving Layup (22 PTS) (Washington 3 AST),"",101 - 102,1,1628984,"",TRUE,"","","","","","","","","","","","","","","","","","","","","","","","","","","","",TRUE,"",""
406,601,1,1,4,02:59:00,2701,TRUE,made.shot,174,"",Harris 26' 3PT Jump Shot (14 PTS),104 - 102,-2,203914,"",TRUE,"","","","","","","","","","","","","","","","","","","","","","","","","","","","",TRUE,TRUE,""
407,602,2,5,4,02:43:00,2717,"",,175,MISS Washington 1' Layup,Harris BLOCK (1 BLK),,,1629023,"","",TRUE,"","","","","","","","","","","",TRUE,"","","","","","","","","","","","","","","","","",""
408,603,4,0,4,02:41:00,2719,"",,175,Washington REBOUND (Off:1 Def:3),"",,,1629023,"","","","",TRUE,"","","","","","","","","","","","","","","","","","","","","","","","","","","",""
409,604,6,2,4,02:41:00,2719,"",,175,"",Jokic S.FOUL (P5.T4) (T.Ford),,,203999,"","","","","","",TRUE,"","","","","","","","",TRUE,"","","","","","","","","","","","","","","","",""
410,607,3,11,4,02:41:00,2719,"",,175,Washington Free Throw 1 of 2 (17 PTS),"",104 - 103,-1,1629023,"","","",TRUE,"","","","","","","","","","","","","","","","","","","","","","","","","","","","",""
411,608,3,12,4,02:41:00,2719,TRUE,last.ft.made,175,Washington Free Throw 2 of 2 (18 PTS),"",104 - 104,TIE,1629023,"","","",TRUE,"","","","","","","","","","","","","","","","","","","",TRUE,"","",TRUE,TRUE,TRUE,"","","",""
412,609,1,58,4,02:25:00,2735,TRUE,made.shot,176,"",Jokic 4' Turnaround Hook Shot (12 PTS) (Murray 6 AST),106 - 104,-2,203999,"",TRUE,"","","","","","","","","","","","","","","","","","","","","","","","","","","","",TRUE,"",""
413,611,6,2,4,02:09:00,2751,"",,177,"",Harris S.FOUL (P1.PN) (J.Goble),,,203914,"","","","","","",TRUE,"","","","","","","","",TRUE,"","","","","","","","","","","","","","","","",""
414,613,3,11,4,02:09:00,2751,"",,177,Zeller Free Throw 1 of 2 (7 PTS),"",106 - 105,-1,203469,"","","",TRUE,"","","","","","","","","","","","","","","","","","","","","","","","","","","","",""
415,614,3,12,4,02:09:00,2751,"",,177,MISS Zeller Free Throw 2 of 2,"",,,203469,"","","",TRUE,"","","","","","","","","","",TRUE,"","","","","","",TRUE,"",TRUE,"","",TRUE,TRUE,"","","","",""
416,615,4,0,4,02:06:00,2754,"",,177,Zeller REBOUND (Off:3 Def:3),"",,,203469,"","","","",TRUE,"","","","","","","","","","","","","","","","","","","","","","","","","","","",""
417,616,1,72,4,02:05:00,2755,TRUE,made.shot,177,Zeller 2' Putback Layup (9 PTS),"",106 - 107,1,203469,"",TRUE,"","","","","","","","","","","","","","","","","","","","","","","","","","","","",TRUE,"",""
418,617,1,41,4,01:57:00,2763,TRUE,made.shot,178,"",Jokic 2' Running Layup (14 PTS) (Grant 2 AST),108 - 107,-1,203999,"",TRUE,"","","","","","","","","","","","","","","","","","","","","","","","","","","","",TRUE,"",""
419,622,5,15,4,01:46:00,2774,TRUE,turnover,179,Zeller Offensive Goaltending Turnover (P1.T14),"",,,203469,"","","","","",TRUE,"","","","","","","","","","","","","","","","","","","","","","","","","","",""
420,623,1,5,4,01:26:00,2794,"",,180,"",Grant 3' Layup (11 PTS) (Jokic 8 AST),110 - 107,-3,203924,"",TRUE,"","","","","","","","","","","","","","","","","","","","","","","","","","","",TRUE,"","",""
421,625,6,2,4,01:26:00,2794,"",,180,Washington S.FOUL (P4.PN) (J.Goble),"",,,1629023,"","","","","","",TRUE,"","","","","","","","",TRUE,"","","","","","","","","","","","","","","","",""
422,627,8,0,4,01:26:00,2794,"",,180,SUB: Bridges FOR Zeller,"",,,203469,"","","","","","","","",TRUE,"","","","","","","","","","","","","","","","","","","","","","","",""
423,628,8,0,4,01:26:00,2794,"",,180,"",SUB: Plumlee FOR Jokic,,,203999,"","","","","","","","",TRUE,"","","","","","","","","","","","","","","","","","","","","","","",""
424,631,8,0,4,01:26:00,2794,"",,180,"",SUB: Craig FOR Murray,,,1627750,"","","","","","","","",TRUE,"","","","","","","","","","","","","","","","","","","","","","","",""
425,633,3,10,4,01:26:00,2794,"",,180,"",MISS Grant Free Throw 1 of 1,,,203924,"","","",TRUE,"","","","","","","","","","",TRUE,"","","","","","",TRUE,TRUE,"","","","",TRUE,"","","","",""
426,634,4,0,4,01:24:00,2796,TRUE,missed.shot,180,Washington REBOUND (Off:1 Def:4),"",,,1629023,"","","","",TRUE,"","","","","","","","","","","","","","","",TRUE,"","","","","","","","","","","",""
427,635,1,108,4,01:14:00,2806,TRUE,made.shot,181,Washington  Cutting Dunk Shot (20 PTS) (Graham 7 AST),"",110 - 109,-1,1629023,"",TRUE,"","","","","","","","","","","","","","","","","","","","","","","","","","","","",TRUE,"",""
428,637,9,1,4,01:14:00,2806,"",,182,"",Nuggets Timeout: Regular (Reg.6 Short 0),,,1610612743,"","","","","","","","","",TRUE,"","","","","","","","","","","","","","","","","","","","","","",""
429,640,8,0,4,01:14:00,2806,"",,182,SUB: Zeller FOR Bridges,"",,,1628970,"","","","","","","","",TRUE,"","","","","","","","","","","","","","","","","","","","","","","",""
430,641,8,0,4,01:14:00,2806,"",,182,"",SUB: Murray FOR Plumlee,,,203486,"","","","","","","","",TRUE,"","","","","","","","","","","","","","","","","","","","","","","",""
431,642,8,0,4,01:14:00,2806,"",,182,"",SUB: Jokic FOR Craig,,,1628470,"","","","","","","","",TRUE,"","","","","","","","","","","","","","","","","","","","","","","",""
432,646,2,1,4,01:04:00,2816,"",,182,"",MISS Murray 17' Jump Shot,,,1627750,"","",TRUE,"","","","","","","","","","","",TRUE,"","","","","","","","","","","","","","","","","",""
433,647,4,0,4,01:01:00,2819,TRUE,missed.shot,182,Washington REBOUND (Off:1 Def:5),"",,,1629023,"","","","",TRUE,"","","","","","","","","","","","","","","",TRUE,"","","","","","","","","","","",""
434,648,6,2,4,00:57:00,2823,"",,183,"",Barton S.FOUL (P1.PN) (C.Washington),,,203115,"","","","","","",TRUE,"","","","","","","","",TRUE,"","","","","","","","","","","","","","","","",""
435,650,3,11,4,00:57:00,2823,"",,183,Graham Free Throw 1 of 2 (23 PTS),"",110 - 110,TIE,1628984,"","","",TRUE,"","","","","","","","","","","","","","","","","","","","","","","","","","","","",""
436,651,3,12,4,00:57:00,2823,TRUE,last.ft.made,183,Graham Free Throw 2 of 2 (24 PTS),"",110 - 111,1,1628984,"","","",TRUE,"","","","","","","","","","","","","","","","","","","",TRUE,"","",TRUE,TRUE,TRUE,"","","",""
437,652,6,1,4,00:43:00,2837,"",,184,Graham P.FOUL (P2.PN) (T.Ford),"",,,1628984,"","","","","","",TRUE,"","","","","","","","","","","","","","","","","","","","","","","","","",""
438,654,3,11,4,00:43:00,2837,"",,184,"",Barton Free Throw 1 of 2 (15 PTS),111 - 111,TIE,203115,"","","",TRUE,"","","","","","","","","","","","","","","","","","","","","","","","","","","","",""
439,655,3,12,4,00:43:00,2837,TRUE,last.ft.made,184,"",Barton Free Throw 2 of 2 (16 PTS),112 - 111,-1,203115,"","","",TRUE,"","","","","","","","","","","","","","","","","","","",TRUE,"","",TRUE,TRUE,TRUE,"","","",""
440,656,9,1,4,00:43:00,2837,"",,185,HORNETS Timeout: Regular (Full 6 Short 0),"",,,1610612766,"","","","","","","","","",TRUE,"","","","","","","","","","","","","","","","","","","","","","",""
441,657,6,2,4,00:31:00,2849,"",,185,"",Grant S.FOUL (P4.PN) (C.Washington),,,203924,"","","","","","",TRUE,"","","","","","","","",TRUE,"","","","","","","","","","","","","","","","",""
442,659,3,11,4,00:31:00,2849,"",,185,Zeller Free Throw 1 of 2 (10 PTS),"",112 - 112,TIE,203469,"","","",TRUE,"","","","","","","","","","","","","","","","","","","","","","","","","","","","",""
443,660,3,12,4,00:31:00,2849,"",,185,MISS Zeller Free Throw 2 of 2,"",,,203469,"","","",TRUE,"","","","","","","","","","",TRUE,"","","","","","",TRUE,"",TRUE,"","",TRUE,TRUE,"","","","",""
444,661,4,0,4,00:28:00,2852,TRUE,missed.shot,185,"",Barton REBOUND (Off:0 Def:7),,,203115,"","","","",TRUE,"","","","","","","","","","","","","","","",TRUE,"","","","","","","","","","","",""
445,662,1,63,4,00:06:00,2874,TRUE,made.shot,186,"",Murray 12' Fadeaway Jumper (18 PTS),114 - 112,-2,1627750,"",TRUE,"","","","","","","","","","","","","","","","","","","","","","","","","","","","",TRUE,"",""
446,663,9,1,4,00:05:00,2875,"",,187,HORNETS Timeout: Regular (Full 7 Short 0),"",,,1610612766,"","","","","","","","","",TRUE,"","","","","","","","","","","","","","","","","","","","","","",""
447,664,8,0,4,00:05:00,2875,"",,187,SUB: Martin FOR Martin,"",,,1628998,"","","","","","","","",TRUE,"","","","","","","","","","","","","","","","","","","","","","","",""
448,665,8,0,4,00:05:00,2875,"",,187,"",SUB: Craig FOR Murray,,,1627750,"","","","","","","","",TRUE,"","","","","","","","","","","","","","","","","","","","","","","",""
449,666,8,0,4,00:05:00,2875,"",,187,"",SUB: Plumlee FOR Jokic,,,203999,"","","","","","","","",TRUE,"","","","","","","","","","","","","","","","","","","","","","","",""
450,670,2,1,4,00:00:00,2880,"",,187,MISS Rozier 25' 3PT Jump Shot,"",,,1626179,"","",TRUE,"","","","","","","","","","","",TRUE,"","","","","","","","","","","","","","","","",TRUE,""
451,671,4,0,4,00:00:00,2880,"",,187,HORNETS Rebound,"",,,1610612766,"","","","",TRUE,"","","","","","","","","","","","","","",TRUE,"","","","","","","","","","","","",""
452,672,13,0,4,00:00:00,2880,TRUE,end.of.period,187,"","",114 - 112,-2,0,"","","","","","","","","","","","","",TRUE,"","","","","","","","","","","","","","","","","","",""
